fnr_boot_lo,fnr_boot_hi,n_test_clusters,lam,lam_index,feasible,controlled_risk,region_fnr,marked_area_fraction,fp_components_per_image,fp_lam_index,n_test_images,n_test_components,n_missed_components,region_fnr_component_avg,monitor_ks,monitor_flag,fnr_stratum0,fnr_stratum1,fnr_stratum2,weight_ess,weight_p_test,seed,class_name,alpha,rho,method,model,scheme,n_cal_images
,,,0.999950111551254,717,True,0.04241866381041638,0.04241866381041638,0.31398525834083557,28.342364532019705,700.0,194,690.0,24.0,0.034782608695652174,0.12201970443349752,False,0.047109207708779445,0.01015228426395939,0.0,,,0,person,0.05,0.1,region_crc,mask2former_swinb_cityscapes,acdc_night_targetcal100,53
,,,0.9999411156344644,705,True,0.04488859508189405,0.04488859508189405,0.29455456137657166,28.342364532019705,700.0,194,690.0,27.0,0.0391304347826087,0.12995073891625608,False,0.05353319057815846,0.01015228426395939,0.0,,,0,person,0.05,0.1,heuristic,mask2former_swinb_cityscapes,acdc_night_targetcal100,53
,,,,-1,True,,0.5010010321865992,0.0054015289060771465,,,406,,,0.4782608695652174,,False,,,,,,0,person,0.05,0.1,argmax,mask2former_swinb_cityscapes,acdc_night_targetcal100,53
,,,0.9995574116276373,559,True,0.11746775561208553,0.11746775561208551,0.11406279355287552,23.711822660098523,550.0,194,690.0,85.0,0.12318840579710146,0.08394088669950737,False,0.17130620985010706,0.025380710659898477,0.0,,,0,person,0.1,0.1,region_crc,mask2former_swinb_cityscapes,acdc_night_targetcal100,53
,,,0.9995450119398499,557,True,0.11875641540589996,0.11875641540589994,0.11277305334806442,23.711822660098523,550.0,194,690.0,86.0,0.1246376811594203,0.08147783251231526,False,0.1734475374732334,0.025380710659898477,0.0,,,0,person,0.1,0.1,heuristic,mask2former_swinb_cityscapes,acdc_night_targetcal100,53
,,,,-1,True,,0.5010010321865992,0.0054015289060771465,,,406,,,0.4782608695652174,,False,,,,,,0,person,0.1,0.1,argmax,mask2former_swinb_cityscapes,acdc_night_targetcal100,53
,,,0.9980047376850312,450,True,0.1819229524770762,0.18192295247707618,0.056151486933231354,16.05665024630542,450.0,194,690.0,127.0,0.18405797101449275,0.11354679802955658,False,0.25481798715203424,0.04060913705583756,0.0,,,0,person,0.2,0.1,region_crc,mask2former_swinb_cityscapes,acdc_night_targetcal100,53
,,,0.9968522516858986,417,True,0.20015553604471129,0.20015553604471129,0.04488484933972359,12.933497536945813,400.0,194,690.0,138.0,0.2,0.09615763546798031,False,0.2762312633832976,0.04568527918781726,0.0,,,0,person,0.2,0.1,heuristic,mask2former_swinb_cityscapes,acdc_night_targetcal100,53
,,,,-1,True,,0.5010010321865992,0.0054015289060771465,,,406,,,0.4782608695652174,,False,,,,,,0,person,0.2,0.1,argmax,mask2former_swinb_cityscapes,acdc_night_targetcal100,53
,,,0.9999679373067549,749,True,0.05240577721247824,0.05240577721247824,0.3774484694004059,27.89408866995074,725.0,194,690.0,35.0,0.050724637681159424,0.08694581280788177,False,0.06638115631691649,0.02030456852791878,0.0,,,0,person,0.05,0.5,region_crc,mask2former_swinb_cityscapes,acdc_night_targetcal100,53
,,,0.9999527936958736,721,True,0.06681143169545233,0.0668114316954523,0.32119104266166687,28.342364532019705,700.0,194,690.0,45.0,0.06521739130434782,0.12,False,0.08565310492505353,0.025380710659898477,0.0,,,0,person,0.05,0.5,heuristic,mask2former_swinb_cityscapes,acdc_night_targetcal100,53
,,,,-1,True,,0.5734455264094439,0.0054015289060771465,,,406,,,0.5579710144927537,,False,,,,,,0,person,0.05,0.5,argmax,mask2former_swinb_cityscapes,acdc_night_targetcal100,53
,,,0.9999351365566451,698,True,0.0825506538135404,0.0825506538135404,0.28330764174461365,28.77093596059113,675.0,194,690.0,54.0,0.0782608695652174,0.13241379310344825,False,0.10492505353319058,0.025380710659898477,0.0,,,0,person,0.1,0.5,region_crc,mask2former_swinb_cityscapes,acdc_night_targetcal100,53
,,,0.9998723561191188,649,True,0.10089480965769626,0.10089480965769626,0.20659103989601135,28.5,625.0,194,690.0,69.0,0.1,0.07108374384236449,False,0.13704496788008566,0.025380710659898477,0.0,,,0,person,0.1,0.5,heuristic,mask2former_swinb_cityscapes,acdc_night_targetcal100,53
,,,,-1,True,,0.5734455264094439,0.0054015289060771465,,,406,,,0.5579710144927537,,False,,,,,,0,person,0.1,0.5,argmax,mask2former_swinb_cityscapes,acdc_night_targetcal100,53
,,,0.9985874624553772,475,True,0.21428876821918055,0.2142887682191806,0.06541009992361069,17.63054187192118,475.0,194,690.0,146.0,0.21159420289855072,0.11369458128078813,False,0.29336188436830835,0.04568527918781726,0.0,,,0,person,0.2,0.5,region_crc,mask2former_swinb_cityscapes,acdc_night_targetcal100,53
,,,0.9984004419713853,466,True,0.2278257037921986,0.2278257037921986,0.06208336725831032,16.05665024630542,450.0,194,690.0,153.0,0.2217391304347826,0.11876847290640391,False,0.3019271948608137,0.05583756345177665,0.038461538461538464,,,0,person,0.2,0.5,heuristic,mask2former_swinb_cityscapes,acdc_night_targetcal100,53
,,,,-1,True,,0.5734455264094439,0.0054015289060771465,,,406,,,0.5579710144927537,,False,,,,,,0,person,0.2,0.5,argmax,mask2former_swinb_cityscapes,acdc_night_targetcal100,53
,,,0.9999973331413354,929,True,0.002898550724637681,0.002898550724637681,0.6178038716316223,14.068965517241379,925.0,115,152.0,1.0,0.006578947368421052,0.1066502463054187,False,0.009009009009009009,0.0,0.0,,,0,rider,0.05,0.1,region_crc,mask2former_swinb_cityscapes,acdc_night_targetcal100,31
,,,0.9999952356901319,887,True,0.002898550724637681,0.002898550724637681,0.5294076204299927,19.38177339901478,875.0,115,152.0,1.0,0.006578947368421052,0.11182266009852215,False,0.009009009009009009,0.0,0.0,,,0,rider,0.05,0.1,heuristic,mask2former_swinb_cityscapes,acdc_night_targetcal100,31
,,,,-1,True,,0.7579710144927535,0.00040168120176531374,,,406,,,0.7631578947368421,,False,,,,,,0,rider,0.05,0.1,argmax,mask2former_swinb_cityscapes,acdc_night_targetcal100,31
,,,0.9999827813142501,794,True,0.024637681159420288,0.02463768115942029,0.31804946064949036,27.660098522167488,775.0,115,152.0,4.0,0.02631578947368421,0.10916256157635468,False,0.036036036036036036,0.0,0.0,,,0,rider,0.1,0.1,region_crc,mask2former_swinb_cityscapes,acdc_night_targetcal100,31
,,,0.9999323917024608,695,True,0.08115942028985507,0.08115942028985508,0.15512101352214813,23.773399014778324,675.0,115,152.0,13.0,0.08552631578947369,0.15778325123152714,False,0.11711711711711711,0.0,0.0,,,0,rider,0.1,0.1,heuristic,mask2former_swinb_cityscapes,acdc_night_targetcal100,31
,,,,-1,True,,0.7579710144927535,0.00040168120176531374,,,406,,,0.7631578947368421,,False,,,,,,0,rider,0.1,0.1,argmax,mask2former_swinb_cityscapes,acdc_night_targetcal100,31
,,,0.999175861884987,514,True,0.25217391304347825,0.25217391304347825,0.04165514186024666,12.366995073891626,500.0,115,152.0,37.0,0.24342105263157895,0.0720689655172414,False,0.2972972972972973,0.11764705882352941,0.0,,,0,rider,0.2,0.1,region_crc,mask2former_swinb_cityscapes,acdc_night_targetcal100,31
,,,0.9990795504282468,506,True,0.25507246376811593,0.25507246376811593,0.03917625918984413,12.366995073891626,500.0,115,152.0,38.0,0.25,0.07467980295566501,False,0.3063063063063063,0.11764705882352941,0.0,,,0,rider,0.2,0.1,heuristic,mask2former_swinb_cityscapes,acdc_night_targetcal100,31
,,,,-1,True,,0.7579710144927535,0.00040168120176531374,,,406,,,0.7631578947368421,,False,,,,,,0,rider,0.2,0.1,argmax,mask2former_swinb_cityscapes,acdc_night_targetcal100,31
,,,0.9999984004419714,966,True,0.002898550724637681,0.002898550724637681,0.6972988247871399,10.379310344827585,966.0,115,152.0,1.0,0.006578947368421052,0.15753694581280786,False,0.009009009009009009,0.0,0.0,,,0,rider,0.05,0.5,region_crc,mask2former_swinb_cityscapes,acdc_night_targetcal100,31
,,,0.9999964843955947,909,True,0.007246376811594202,0.007246376811594202,0.5770696401596069,16.576354679802957,900.0,115,152.0,2.0,0.013157894736842105,0.12270935960591134,False,0.018018018018018018,0.0,0.0,,,0,rider,0.05,0.5,heuristic,mask2former_swinb_cityscapes,acdc_night_targetcal100,31
,,,,-1,True,,0.8144927536231883,0.00040168120176531374,,,406,,,0.8223684210526315,,False,,,,,,0,rider,0.05,0.5,argmax,mask2former_swinb_cityscapes,acdc_night_targetcal100,31
,,,0.9999890855966355,827,True,0.042028985507246375,0.042028985507246375,0.3883284330368042,24.061576354679804,825.0,115,152.0,7.0,0.046052631578947366,0.1217733990147783,False,0.05405405405405406,0.029411764705882353,0.0,,,0,rider,0.1,0.5,region_crc,mask2former_swinb_cityscapes,acdc_night_targetcal100,31
,,,0.9999507960464319,718,True,0.10289855072463767,0.10289855072463767,0.18428415060043335,25.591133004926107,700.0,115,152.0,16.0,0.10526315789473684,0.1459113300492611,False,0.13513513513513514,0.029411764705882353,0.0,,,0,rider,0.1,0.5,heuristic,mask2former_swinb_cityscapes,acdc_night_targetcal100,31
,,,,-1,True,,0.8144927536231883,0.00040168120176531374,,,406,,,0.8223684210526315,,False,,,,,,0,rider,0.1,0.5,argmax,mask2former_swinb_cityscapes,acdc_night_targetcal100,31
,,,0.9998534452159044,639,True,0.1855072463768116,0.1855072463768116,0.10719386488199234,20.982758620689655,625.0,115,152.0,27.0,0.17763157894736842,0.09586206896551719,False,0.22522522522522523,0.058823529411764705,0.0,,,0,rider,0.2,0.5,region_crc,mask2former_swinb_cityscapes,acdc_night_targetcal100,31
,,,0.999738181699178,597,True,0.2289855072463768,0.2289855072463768,0.07861850410699844,17.55665024630542,575.0,115,152.0,33.0,0.21710526315789475,0.07719211822660099,False,0.26126126126126126,0.11764705882352941,0.0,,,0,rider,0.2,0.5,heuristic,mask2former_swinb_cityscapes,acdc_night_targetcal100,31
,,,,-1,True,,0.8144927536231883,0.00040168120176531374,,,406,,,0.8223684210526315,,False,,,,,,0,rider,0.2,0.5,argmax,mask2former_swinb_cityscapes,acdc_night_targetcal100,31
,,,0.9999983327527875,963,True,0.0,0.0,0.7079726457595825,11.310344827586206,963.0,107,254.0,0.0,0.0,0.11349753694581277,False,0.0,0.0,0.0,,,0,bicycle,0.05,0.1,region_crc,mask2former_swinb_cityscapes,acdc_night_targetcal100,23
,,,0.9999974414141131,932,True,0.0,0.0,0.6192530989646912,16.379310344827587,925.0,107,254.0,0.0,0.0,0.09699507389162565,False,0.0,0.0,0.0,,,0,bicycle,0.05,0.1,heuristic,mask2former_swinb_cityscapes,acdc_night_targetcal100,23
,,,,-1,True,,0.8174640261088858,0.0006583704380318522,,,406,,,0.7952755905511811,,False,,,,,,0,bicycle,0.05,0.1,argmax,mask2former_swinb_cityscapes,acdc_night_targetcal100,23
,,,0.9999974414141131,932,True,0.0,0.0,0.6192530989646912,16.379310344827587,925.0,107,254.0,0.0,0.0,0.09699507389162565,False,0.0,0.0,0.0,,,0,bicycle,0.1,0.1,region_crc,mask2former_swinb_cityscapes,acdc_night_targetcal100,23
,,,0.999963692194523,740,True,0.06141522029372497,0.06141522029372497,0.2034149020910263,29.64039408866995,725.0,107,254.0,14.0,0.05511811023622047,0.10866995073891628,False,0.08275862068965517,0.023809523809523808,0.0,,,0,bicycle,0.1,0.1,heuristic,mask2former_swinb_cityscapes,acdc_night_targetcal100,23
,,,,-1,True,,0.8174640261088858,0.0006583704380318522,,,406,,,0.7952755905511811,,False,,,,,,0,bicycle,0.1,0.1,argmax,mask2former_swinb_cityscapes,acdc_night_targetcal100,23
,,,0.9999605542697925,734,True,0.06608811748998665,0.06608811748998665,0.19403834640979767,29.64039408866995,725.0,107,254.0,16.0,0.06299212598425197,0.10285714285714287,False,0.0896551724137931,0.03571428571428571,0.0,,,0,bicycle,0.2,0.1,region_crc,mask2former_swinb_cityscapes,acdc_night_targetcal100,23
,,,0.9998990747113923,666,True,0.1133733867378727,0.1133733867378727,0.11195815354585648,24.364532019704434,650.0,107,254.0,26.0,0.10236220472440945,0.11251231527093594,False,0.15172413793103448,0.047619047619047616,0.0,,,0,bicycle,0.2,0.1,heuristic,mask2former_swinb_cityscapes,acdc_night_targetcal100,23
,,,,-1,True,,0.8174640261088858,0.0006583704380318522,,,406,,,0.7952755905511811,,False,,,,,,0,bicycle,0.2,0.1,argmax,mask2former_swinb_cityscapes,acdc_night_targetcal100,23
,,,0.9999986448105876,978,True,0.0,0.0,0.7493839263916016,9.519704433497537,978.0,107,254.0,0.0,0.0,0.10684729064039411,False,0.0,0.0,0.0,,,0,bicycle,0.05,0.5,region_crc,mask2former_swinb_cityscapes,acdc_night_targetcal100,23
,,,0.9999984004419714,966,True,0.0,0.0,0.7162265181541443,10.94088669950739,966.0,107,254.0,0.0,0.0,0.11625615763546793,False,0.0,0.0,0.0,,,0,bicycle,0.05,0.5,heuristic,mask2former_swinb_cityscapes,acdc_night_targetcal100,23
,,,,-1,True,,0.8685246995994659,0.0006583704380318522,,,406,,,0.8503937007874016,,False,,,,,,0,bicycle,0.05,0.5,argmax,mask2former_swinb_cityscapes,acdc_night_targetcal100,23
,,,0.9999984004419714,966,True,0.0,0.0,0.7162265181541443,10.94088669950739,966.0,107,254.0,0.0,0.0,0.11625615763546793,False,0.0,0.0,0.0,,,0,bicycle,0.1,0.5,region_crc,mask2former_swinb_cityscapes,acdc_night_targetcal100,23
,,,0.9999799552797264,783,True,0.07354250111259457,0.07354250111259457,0.2722002863883972,29.5935960591133,775.0,107,254.0,16.0,0.06299212598425197,0.10305418719211823,False,0.08275862068965517,0.047619047619047616,0.0,,,0,bicycle,0.1,0.5,heuristic,mask2former_swinb_cityscapes,acdc_night_targetcal100,23
,,,,-1,True,,0.8685246995994659,0.0006583704380318522,,,406,,,0.8503937007874016,,False,,,,,,0,bicycle,0.1,0.5,argmax,mask2former_swinb_cityscapes,acdc_night_targetcal100,23
,,,0.9999616292754507,736,True,0.1416332888295505,0.1416332888295505,0.19710129499435425,29.64039408866995,725.0,107,254.0,28.0,0.11023622047244094,0.09300492610837441,False,0.15172413793103448,0.07142857142857142,0.0,,,0,bicycle,0.2,0.5,region_crc,mask2former_swinb_cityscapes,acdc_night_targetcal100,23
,,,0.9999571451479603,728,True,0.1447485536270583,0.1447485536270583,0.18499326705932617,29.64039408866995,725.0,107,254.0,29.0,0.1141732283464567,0.10891625615763545,False,0.15862068965517243,0.07142857142857142,0.0,,,0,bicycle,0.2,0.5,heuristic,mask2former_swinb_cityscapes,acdc_night_targetcal100,23
,,,,-1,True,,0.8685246995994659,0.0006583704380318522,,,406,,,0.8503937007874016,,False,,,,,,0,bicycle,0.2,0.5,argmax,mask2former_swinb_cityscapes,acdc_night_targetcal100,23
,,,0.9999244907772334,687,True,0.05882063263015644,0.05882063263015644,0.26725897192955017,28.26847290640394,675.0,189,631.0,33.0,0.05229793977812995,0.15251231527093595,False,0.07075471698113207,0.01639344262295082,0.0,,,1,person,0.05,0.1,region_crc,mask2former_swinb_cityscapes,acdc_night_targetcal100,58
,,,0.9997958262055331,615,True,0.08727810989715752,0.08727810989715752,0.16416439414024353,26.071428571428573,600.0,189,631.0,55.0,0.08716323296354993,0.1687192118226601,False,0.1179245283018868,0.0273224043715847,0.0,,,1,person,0.05,0.1,heuristic,mask2former_swinb_cityscapes,acdc_night_targetcal100,58
,,,,-1,True,,0.4948145916399885,0.004863691981881857,,,406,,,0.45800316957210774,,False,,,,,,1,person,0.05,0.1,argmax,mask2former_swinb_cityscapes,acdc_night_targetcal100,58
,,,0.9997271022217192,594,True,0.09499415927987358,0.09499415927987356,0.14290252327919006,24.65270935960591,575.0,189,631.0,60.0,0.09508716323296355,0.15862068965517243,False,0.12971698113207547,0.0273224043715847,0.0,,,1,person,0.1,0.1,region_crc,mask2former_swinb_cityscapes,acdc_night_targetcal100,58
,,,0.9996091591042076,568,True,0.11030600792505554,0.11030600792505554,0.12277642637491226,23.17241379310345,550.0,189,631.0,73.0,0.11568938193343899,0.14049261083743844,False,0.16037735849056603,0.0273224043715847,0.0,,,1,person,0.1,0.1,heuristic,mask2former_swinb_cityscapes,acdc_night_targetcal100,58
,,,,-1,True,,0.4948145916399885,0.004863691981881857,,,406,,,0.45800316957210774,,False,,,,,,1,person,0.1,0.1,argmax,mask2former_swinb_cityscapes,acdc_night_targetcal100,58
,,,0.9978620379104978,445,True,0.18416592226116035,0.18416592226116035,0.05437535420060158,14.445812807881774,425.0,189,631.0,111.0,0.17591125198098256,0.08581280788177342,False,0.2429245283018868,0.04371584699453552,0.0,,,1,person,0.2,0.1,region_crc,mask2former_swinb_cityscapes,acdc_night_targetcal100,58
,,,0.9975111426817176,434,True,0.19286668651748018,0.19286668651748018,0.05053703114390373,14.445812807881774,425.0,189,631.0,117.0,0.18541996830427893,0.09034482758620688,False,0.25471698113207547,0.04918032786885246,0.0,,,1,person,0.2,0.1,heuristic,mask2former_swinb_cityscapes,acdc_night_targetcal100,58
,,,,-1,True,,0.4948145916399885,0.004863691981881857,,,406,,,0.45800316957210774,,False,,,,,,1,person,0.2,0.1,argmax,mask2former_swinb_cityscapes,acdc_night_targetcal100,58
,,,0.9999679373067549,749,True,0.05169781717400765,0.05169781717400765,0.38089311122894287,26.972906403940886,725.0,189,631.0,32.0,0.05071315372424723,0.07802955665024633,False,0.0660377358490566,0.02185792349726776,0.0,,,1,person,0.05,0.5,region_crc,mask2former_swinb_cityscapes,acdc_night_targetcal100,58
,,,0.9999442814251068,709,True,0.0829508234270139,0.0829508234270139,0.3049429953098297,27.822660098522167,700.0,189,631.0,49.0,0.07765451664025357,0.10990147783251233,False,0.10377358490566038,0.0273224043715847,0.0,,,1,person,0.05,0.5,heuristic,mask2former_swinb_cityscapes,acdc_night_targetcal100,58
,,,,-1,True,,0.5848468697675047,0.004863691981881857,,,406,,,0.5515055467511886,,False,,,,,,1,person,0.05,0.5,argmax,mask2former_swinb_cityscapes,acdc_night_targetcal100,58
,,,0.9998651037117409,645,True,0.11461096223000984,0.11461096223000986,0.2008996605873108,27.73152709359606,625.0,189,631.0,67.0,0.10618066561014262,0.16408866995073892,False,0.14622641509433962,0.0273224043715847,0.0,,,1,person,0.1,0.5,region_crc,mask2former_swinb_cityscapes,acdc_night_targetcal100,58
,,,0.999819698225914,624,True,0.12162154424059186,0.12162154424059186,0.1744796335697174,26.071428571428573,600.0,189,631.0,76.0,0.12044374009508717,0.16655172413793104,False,0.16745283018867924,0.0273224043715847,0.0,,,1,person,0.1,0.5,heuristic,mask2former_swinb_cityscapes,acdc_night_targetcal100,58
,,,,-1,True,,0.5848468697675047,0.004863691981881857,,,406,,,0.5515055467511886,,False,,,,,,1,person,0.1,0.5,argmax,mask2former_swinb_cityscapes,acdc_night_targetcal100,58
,,,0.9994629682036298,545,True,0.17937462302541668,0.17937462302541668,0.10570468008518219,21.366995073891626,525.0,189,631.0,107.0,0.16957210776545167,0.13566502463054186,False,0.23113207547169812,0.04918032786885246,0.0,,,1,person,0.2,0.5,region_crc,mask2former_swinb_cityscapes,acdc_night_targetcal100,58
,,,0.9990405993684841,503,True,0.19301365888667477,0.19301365888667477,0.07837431132793427,19.492610837438423,500.0,189,631.0,115.0,0.18225039619651348,0.11192118226600983,False,0.24764150943396226,0.0546448087431694,0.0,,,1,person,0.2,0.5,heuristic,mask2former_swinb_cityscapes,acdc_night_targetcal100,58
,,,,-1,True,,0.5848468697675047,0.004863691981881857,,,406,,,0.5515055467511886,,False,,,,,,1,person,0.2,0.5,argmax,mask2former_swinb_cityscapes,acdc_night_targetcal100,58
,,,0.9999952356901319,887,True,0.008928571428571428,0.008928571428571428,0.5335073471069336,18.83743842364532,875.0,112,150.0,1.0,0.006666666666666667,0.08359605911330048,False,0.008695652173913044,0.0,0.0,,,1,rider,0.05,0.1,region_crc,mask2former_swinb_cityscapes,acdc_night_targetcal100,34
,,,0.9999827813142501,794,True,0.03125,0.03125,0.3209633529186249,26.485221674876847,775.0,112,150.0,4.0,0.02666666666666667,0.06458128078817735,False,0.034782608695652174,0.0,0.0,,,1,rider,0.05,0.1,heuristic,mask2former_swinb_cityscapes,acdc_night_targetcal100,34
,,,,-1,True,,0.8050595238095238,0.0003308873565401882,,,406,,,0.8066666666666666,,False,,,,,,1,rider,0.05,0.1,argmax,mask2former_swinb_cityscapes,acdc_night_targetcal100,34
,,,0.9999323917024608,695,True,0.08928571428571429,0.08928571428571429,0.15974311530590057,23.876847290640395,675.0,112,150.0,13.0,0.08666666666666667,0.09029556650246306,False,0.11304347826086956,0.0,0.0,,,1,rider,0.1,0.1,region_crc,mask2former_swinb_cityscapes,acdc_night_targetcal100,34
,,,0.999868780010098,647,True,0.14732142857142858,0.14732142857142858,0.11628416180610657,20.9064039408867,625.0,112,150.0,21.0,0.14,0.05985221674876845,False,0.1826086956521739,0.0,0.0,,,1,rider,0.1,0.1,heuristic,mask2former_swinb_cityscapes,acdc_night_targetcal100,34
,,,,-1,True,,0.8050595238095238,0.0003308873565401882,,,406,,,0.8066666666666666,,False,,,,,,1,rider,0.1,0.1,argmax,mask2former_swinb_cityscapes,acdc_night_targetcal100,34
,,,0.9994988127663728,550,True,0.21428571428571427,0.21428571428571427,0.05665455013513565,15.726600985221674,550.0,112,150.0,29.0,0.19333333333333333,0.10467980295566504,False,0.22608695652173913,0.1,0.0,,,1,rider,0.2,0.1,region_crc,mask2former_swinb_cityscapes,acdc_night_targetcal100,34
,,,0.9993918649987212,536,True,0.2217261904761905,0.22172619047619047,0.05065993592143059,14.251231527093596,525.0,112,150.0,31.0,0.20666666666666667,0.09684729064039405,False,0.23478260869565218,0.13333333333333333,0.0,,,1,rider,0.2,0.1,heuristic,mask2former_swinb_cityscapes,acdc_night_targetcal100,34
,,,,-1,True,,0.8050595238095238,0.0003308873565401882,,,406,,,0.8066666666666666,,False,,,,,,1,rider,0.2,0.1,argmax,mask2former_swinb_cityscapes,acdc_night_targetcal100,34
,,,0.9999964843955947,909,True,0.013392857142857142,0.013392857142857142,0.5817925333976746,16.330049261083744,900.0,112,150.0,2.0,0.013333333333333334,0.09896551724137931,False,0.017391304347826087,0.0,0.0,,,1,rider,0.05,0.5,region_crc,mask2former_swinb_cityscapes,acdc_night_targetcal100,34
,,,0.9999935434577096,865,True,0.022321428571428572,0.022321428571428572,0.481577605009079,21.527093596059114,850.0,112,150.0,3.0,0.02,0.08487684729064038,False,0.02608695652173913,0.0,0.0,,,1,rider,0.05,0.5,heuristic,mask2former_swinb_cityscapes,acdc_night_targetcal100,34
,,,,-1,True,,0.8363095238095238,0.0003308873565401882,,,406,,,0.84,,False,,,,,,1,rider,0.05,0.5,argmax,mask2former_swinb_cityscapes,acdc_night_targetcal100,34
,,,0.9999890855966355,827,True,0.04017857142857143,0.04017857142857143,0.39378994703292847,23.38423645320197,825.0,112,150.0,6.0,0.04,0.06950738916256158,False,0.043478260869565216,0.03333333333333333,0.0,,,1,rider,0.1,0.5,region_crc,mask2former_swinb_cityscapes,acdc_night_targetcal100,34
,,,0.999985003151645,804,True,0.049107142857142856,0.049107142857142856,0.34153392910957336,25.330049261083744,800.0,112,150.0,7.0,0.04666666666666667,0.06689655172413791,False,0.05217391304347826,0.03333333333333333,0.0,,,1,rider,0.1,0.5,heuristic,mask2former_swinb_cityscapes,acdc_night_targetcal100,34
,,,,-1,True,,0.8363095238095238,0.0003308873565401882,,,406,,,0.84,,False,,,,,,1,rider,0.1,0.5,argmax,mask2former_swinb_cityscapes,acdc_night_targetcal100,34
,,,0.999917964845567,681,True,0.13392857142857142,0.13392857142857142,0.1456993669271469,23.876847290640395,675.0,112,150.0,19.0,0.12666666666666668,0.0630541871921182,False,0.1565217391304348,0.03333333333333333,0.0,,,1,rider,0.2,0.5,region_crc,mask2former_swinb_cityscapes,acdc_night_targetcal100,34
,,,0.999859395247587,642,True,0.16964285714285715,0.16964285714285715,0.11233419924974442,20.9064039408867,625.0,112,150.0,24.0,0.16,0.05945812807881773,False,0.19130434782608696,0.06666666666666667,0.0,,,1,rider,0.2,0.5,heuristic,mask2former_swinb_cityscapes,acdc_night_targetcal100,34
,,,,-1,True,,0.8363095238095238,0.0003308873565401882,,,406,,,0.84,,False,,,,,,1,rider,0.2,0.5,argmax,mask2former_swinb_cityscapes,acdc_night_targetcal100,34
,,,0.9999983327527875,963,True,0.0,0.0,0.711692750453949,11.295566502463053,963.0,97,225.0,0.0,0.0,0.061773399014778296,False,0.0,0.0,0.0,,,1,bicycle,0.05,0.1,region_crc,mask2former_swinb_cityscapes,acdc_night_targetcal100,33
,,,0.9999867565846481,813,True,0.023809523809523808,0.023809523809523808,0.33493342995643616,28.0935960591133,800.0,97,225.0,5.0,0.022222222222222223,0.06990147783251233,False,0.03731343283582089,0.0,0.0,,,1,bicycle,0.05,0.1,heuristic,mask2former_swinb_cityscapes,acdc_night_targetcal100,33
,,,,-1,True,,0.8290828015054819,0.0006407172186300159,,,406,,,0.8044444444444444,,False,,,,,,1,bicycle,0.05,0.1,argmax,mask2former_swinb_cityscapes,acdc_night_targetcal100,33
,,,0.9999631871026358,739,True,0.06774668630338733,0.06774668630338733,0.1994202882051468,29.285714285714285,725.0,97,225.0,15.0,0.06666666666666667,0.1255172413793103,False,0.09701492537313433,0.028169014084507043,0.0,,,1,bicycle,0.1,0.1,region_crc,mask2former_swinb_cityscapes,acdc_night_targetcal100,33
,,,0.9999605542697925,734,True,0.08321060382916053,0.08321060382916053,0.19143743813037872,29.285714285714285,725.0,97,225.0,18.0,0.08,0.13044334975369454,False,0.11194029850746269,0.04225352112676056,0.0,,,1,bicycle,0.1,0.1,heuristic,mask2former_swinb_cityscapes,acdc_night_targetcal100,33
,,,,-1,True,,0.8290828015054819,0.0006407172186300159,,,406,,,0.8044444444444444,,False,,,,,,1,bicycle,0.1,0.1,argmax,mask2former_swinb_cityscapes,acdc_night_targetcal100,33
,,,0.9998120683183197,621,True,0.19612174766813945,0.19612174766813945,0.07595305889844894,20.201970443349754,600.0,97,225.0,40.0,0.17777777777777778,0.11679802955665025,False,0.26119402985074625,0.07042253521126761,0.0,,,1,bicycle,0.2,0.1,region_crc,mask2former_swinb_cityscapes,acdc_night_targetcal100,33
,,,0.999682312592935,583,True,0.26985763377515953,0.26985763377515953,0.054610736668109894,18.07881773399015,575.0,97,225.0,53.0,0.23555555555555555,0.09211822660098523,False,0.3208955223880597,0.11267605633802817,0.1,,,1,bicycle,0.2,0.1,heuristic,mask2former_swinb_cityscapes,acdc_night_targetcal100,33
,,,,-1,True,,0.8290828015054819,0.0006407172186300159,,,406,,,0.8044444444444444,,False,,,,,,1,bicycle,0.2,0.1,argmax,mask2former_swinb_cityscapes,acdc_night_targetcal100,33
,,,0.9999984004419714,966,True,0.005154639175257732,0.005154639175257732,0.7197082042694092,10.9064039408867,966.0,97,225.0,1.0,0.0044444444444444444,0.061921182266009844,False,0.007462686567164179,0.0,0.0,,,1,bicycle,0.05,0.5,region_crc,mask2former_swinb_cityscapes,acdc_night_targetcal100,33
,,,0.9999982860426925,961,True,0.005154639175257732,0.005154639175257732,0.7032560706138611,11.5935960591133,961.0,97,225.0,1.0,0.0044444444444444444,0.061625615763546804,False,0.007462686567164179,0.0,0.0,,,1,bicycle,0.05,0.5,heuristic,mask2former_swinb_cityscapes,acdc_night_targetcal100,33
,,,,-1,True,,0.8738708885616102,0.0006407172186300159,,,406,,,0.8444444444444444,,False,,,,,,1,bicycle,0.05,0.5,argmax,mask2former_swinb_cityscapes,acdc_night_targetcal100,33
,,,0.9999728356073116,761,True,0.12874324987727048,0.12874324987727048,0.23377783596515656,29.7807881773399,750.0,97,225.0,25.0,0.1111111111111111,0.08246305418719219,False,0.14925373134328357,0.07042253521126761,0.0,,,1,bicycle,0.1,0.5,region_crc,mask2former_swinb_cityscapes,acdc_night_targetcal100,33
,,,0.9999616292754507,736,True,0.16310751104565535,0.16310751104565535,0.19465838372707367,29.285714285714285,725.0,97,225.0,29.0,0.1288888888888889,0.13044334975369454,False,0.1791044776119403,0.07042253521126761,0.0,,,1,bicycle,0.1,0.5,heuristic,mask2former_swinb_cityscapes,acdc_night_targetcal100,33
,,,,-1,True,,0.8738708885616102,0.0006407172186300159,,,406,,,0.8444444444444444,,False,,,,,,1,bicycle,0.1,0.5,argmax,mask2former_swinb_cityscapes,acdc_night_targetcal100,33
,,,0.999901825205698,668,True,0.2109720176730486,0.21097201767304857,0.11269465833902359,24.334975369458128,650.0,97,225.0,42.0,0.18666666666666668,0.14261083743842362,False,0.2537313432835821,0.09859154929577464,0.05,,,1,bicycle,0.2,0.5,region_crc,mask2former_swinb_cityscapes,acdc_night_targetcal100,33
,,,0.9998472433941762,636,True,0.25034364261168385,0.25034364261168385,0.08543965220451355,21.822660098522167,625.0,97,225.0,51.0,0.22666666666666666,0.11502463054187184,False,0.30597014925373134,0.1267605633802817,0.05,,,1,bicycle,0.2,0.5,heuristic,mask2former_swinb_cityscapes,acdc_night_targetcal100,33
,,,,-1,True,,0.8738708885616102,0.0006407172186300159,,,406,,,0.8444444444444444,,False,,,,,,1,bicycle,0.2,0.5,argmax,mask2former_swinb_cityscapes,acdc_night_targetcal100,33
,,,0.9999480004003467,714,True,0.04532546721571112,0.04532546721571112,0.3156987428665161,28.344827586206897,700.0,205,700.0,25.0,0.03571428571428571,0.08876847290640394,False,0.04852320675105485,0.010101010101010102,0.0,,,2,person,0.05,0.1,region_crc,mask2former_swinb_cityscapes,acdc_night_targetcal100,42
,,,0.9998270183640785,627,True,0.08105374300496251,0.08105374300496251,0.18185891211032867,28.527093596059114,625.0,205,700.0,52.0,0.07428571428571429,0.08758620689655172,False,0.10126582278481013,0.020202020202020204,0.0,,,2,person,0.05,0.1,heuristic,mask2former_swinb_cityscapes,acdc_night_targetcal100,42
,,,,-1,True,,0.4882237410286191,0.005387380253523588,,,406,,,0.45714285714285713,,False,,,,,,2,person,0.05,0.1,argmax,mask2former_swinb_cityscapes,acdc_night_targetcal100,42
,,,0.9997958262055331,615,True,0.08186675113504382,0.08186675113504381,0.1681726723909378,26.901477832512317,600.0,205,700.0,53.0,0.07571428571428572,0.09034482758620693,False,0.10337552742616034,0.020202020202020204,0.0,,,2,person,0.1,0.1,region_crc,mask2former_swinb_cityscapes,acdc_night_targetcal100,42
,,,0.9995574116276373,559,True,0.11266867279062401,0.11266867279062401,0.11752266436815262,23.948275862068964,550.0,205,700.0,79.0,0.11285714285714285,0.12428571428571433,False,0.15822784810126583,0.020202020202020204,0.0,,,2,person,0.1,0.1,heuristic,mask2former_swinb_cityscapes,acdc_night_targetcal100,42
,,,,-1,True,,0.4882237410286191,0.005387380253523588,,,406,,,0.45714285714285713,,False,,,,,,2,person,0.1,0.1,argmax,mask2former_swinb_cityscapes,acdc_night_targetcal100,42
,,,0.998644810587649,478,True,0.16083227747861895,0.16083227747861895,0.06764183938503265,17.798029556650246,475.0,205,700.0,109.0,0.15571428571428572,0.09921182266009854,False,0.21940928270042195,0.025252525252525252,0.0,,,2,person,0.2,0.1,region_crc,mask2former_swinb_cityscapes,acdc_night_targetcal100,42
,,,0.9980591141224072,452,True,0.17595422869813115,0.17595422869813115,0.05769538879394531,16.33743842364532,450.0,205,700.0,119.0,0.17,0.102807881773399,False,0.23628691983122363,0.03535353535353535,0.0,,,2,person,0.2,0.1,heuristic,mask2former_swinb_cityscapes,acdc_night_targetcal100,42
,,,,-1,True,,0.4882237410286191,0.005387380253523588,,,406,,,0.45714285714285713,,False,,,,,,2,person,0.2,0.1,argmax,mask2former_swinb_cityscapes,acdc_night_targetcal100,42
,,,0.9999791070386914,780,True,0.038498046668778374,0.038498046668778374,0.452107310295105,24.285714285714285,775.0,205,700.0,22.0,0.03142857142857143,0.07482758620689656,False,0.04219409282700422,0.010101010101010102,0.0,,,2,person,0.05,0.5,region_crc,mask2former_swinb_cityscapes,acdc_night_targetcal100,42
,,,0.9999514711499838,719,True,0.06968984267764755,0.06968984267764755,0.32426005601882935,28.344827586206897,700.0,205,700.0,44.0,0.06285714285714286,0.07137931034482758,False,0.08438818565400844,0.020202020202020204,0.0,,,2,person,0.05,0.5,heuristic,mask2former_swinb_cityscapes,acdc_night_targetcal100,42
,,,,-1,True,,0.581631918217284,0.005387380253523588,,,406,,,0.5528571428571428,,False,,,,,,2,person,0.05,0.5,argmax,mask2former_swinb_cityscapes,acdc_night_targetcal100,42
,,,0.9998669545582022,646,True,0.1088955759687467,0.1088955759687467,0.20735657215118408,28.527093596059114,625.0,205,700.0,67.0,0.09571428571428571,0.08660098522167481,False,0.13291139240506328,0.020202020202020204,0.0,,,2,person,0.1,0.5,region_crc,mask2former_swinb_cityscapes,acdc_night_targetcal100,42
,,,0.9998146468376585,622,True,0.12267606377362475,0.12267606377362475,0.17649582028388977,26.901477832512317,600.0,205,700.0,78.0,0.11142857142857143,0.08965517241379317,False,0.15611814345991562,0.020202020202020204,0.0,,,2,person,0.1,0.5,heuristic,mask2former_swinb_cityscapes,acdc_night_targetcal100,42
,,,,-1,True,,0.581631918217284,0.005387380253523588,,,406,,,0.5528571428571428,,False,,,,,,2,person,0.1,0.5,argmax,mask2former_swinb_cityscapes,acdc_night_targetcal100,42
,,,0.9995982091891511,566,True,0.15538758666807445,0.15538758666807448,0.12309783697128296,23.948275862068964,550.0,205,700.0,104.0,0.14857142857142858,0.11674876847290644,False,0.20464135021097046,0.03535353535353535,0.0,,,2,person,0.2,0.5,region_crc,mask2former_swinb_cityscapes,acdc_night_targetcal100,42
,,,0.9988831367522194,492,True,0.2034261605603069,0.2034261605603069,0.07387059926986694,17.798029556650246,475.0,205,700.0,136.0,0.19428571428571428,0.11369458128078816,False,0.2679324894514768,0.045454545454545456,0.0,,,2,person,0.2,0.5,heuristic,mask2former_swinb_cityscapes,acdc_night_targetcal100,42
,,,,-1,True,,0.581631918217284,0.005387380253523588,,,406,,,0.5528571428571428,,False,,,,,,2,person,0.2,0.5,argmax,mask2former_swinb_cityscapes,acdc_night_targetcal100,42
,,,0.9999952356901319,887,True,0.008849557522123894,0.008849557522123894,0.5332658886909485,19.246305418719214,875.0,113,154.0,1.0,0.006493506493506494,0.08103448275862069,False,0.00847457627118644,0.0,0.0,,,2,rider,0.05,0.1,region_crc,mask2former_swinb_cityscapes,acdc_night_targetcal100,33
,,,0.999988779815457,825,True,0.022123893805309734,0.022123893805309734,0.39037105441093445,24.192118226600986,825.0,113,154.0,3.0,0.01948051948051948,0.06290640394088665,False,0.025423728813559324,0.0,0.0,,,2,rider,0.05,0.1,heuristic,mask2former_swinb_cityscapes,acdc_night_targetcal100,33
,,,,-1,True,,0.775811209439528,0.00040938775055110455,,,406,,,0.7922077922077922,,False,,,,,,2,rider,0.05,0.1,argmax,mask2former_swinb_cityscapes,acdc_night_targetcal100,33
,,,0.999868780010098,647,True,0.15486725663716813,0.15486725663716813,0.11786016821861267,21.120689655172413,625.0,113,154.0,23.0,0.14935064935064934,0.05098522167487696,False,0.19491525423728814,0.0,0.0,,,2,rider,0.1,0.1,region_crc,mask2former_swinb_cityscapes,acdc_night_targetcal100,33
,,,0.999868780010098,647,True,0.15486725663716813,0.15486725663716813,0.11786016821861267,21.120689655172413,625.0,113,154.0,23.0,0.14935064935064934,0.05098522167487696,False,0.19491525423728814,0.0,0.0,,,2,rider,0.1,0.1,heuristic,mask2former_swinb_cityscapes,acdc_night_targetcal100,33
,,,,-1,True,,0.775811209439528,0.00040938775055110455,,,406,,,0.7922077922077922,,False,,,,,,2,rider,0.1,0.1,argmax,mask2former_swinb_cityscapes,acdc_night_targetcal100,33
,,,0.9992722201954631,523,True,0.24041297935103242,0.24041297935103245,0.046437833458185196,12.403940886699507,500.0,113,154.0,35.0,0.22727272727272727,0.06620689655172413,False,0.2627118644067797,0.14814814814814814,0.0,,,2,rider,0.2,0.1,region_crc,mask2former_swinb_cityscapes,acdc_night_targetcal100,33
,,,0.9990795504282468,506,True,0.2551622418879056,0.2551622418879056,0.040275443345308304,12.403940886699507,500.0,113,154.0,38.0,0.24675324675324675,0.05862068965517242,False,0.288135593220339,0.14814814814814814,0.0,,,2,rider,0.2,0.1,heuristic,mask2former_swinb_cityscapes,acdc_night_targetcal100,33
,,,,-1,True,,0.775811209439528,0.00040938775055110455,,,406,,,0.7922077922077922,,False,,,,,,2,rider,0.2,0.1,argmax,mask2former_swinb_cityscapes,acdc_night_targetcal100,33
,,,0.9999964843955947,909,True,0.01327433628318584,0.01327433628318584,0.5803960561752319,16.608374384236452,900.0,113,154.0,2.0,0.012987012987012988,0.11019704433497546,False,0.01694915254237288,0.0,0.0,,,2,rider,0.05,0.5,region_crc,mask2former_swinb_cityscapes,acdc_night_targetcal100,33
,,,0.9999899538420972,833,True,0.03982300884955752,0.03982300884955752,0.4081604778766632,24.192118226600986,825.0,113,154.0,6.0,0.03896103896103896,0.05320197044334973,False,0.0423728813559322,0.037037037037037035,0.0,,,2,rider,0.05,0.5,heuristic,mask2former_swinb_cityscapes,acdc_night_targetcal100,33
,,,,-1,True,,0.8377581120943952,0.00040938775055110455,,,406,,,0.8506493506493507,,False,,,,,,2,rider,0.05,0.5,argmax,mask2former_swinb_cityscapes,acdc_night_targetcal100,33
,,,0.999985003151645,804,True,0.05752212389380531,0.05752212389380531,0.3417440950870514,26.147783251231527,800.0,113,154.0,8.0,0.05194805194805195,0.05605911330049262,False,0.059322033898305086,0.037037037037037035,0.0,,,2,rider,0.1,0.5,region_crc,mask2former_swinb_cityscapes,acdc_night_targetcal100,33
,,,0.999985003151645,804,True,0.05752212389380531,0.05752212389380531,0.3417440950870514,26.147783251231527,800.0,113,154.0,8.0,0.05194805194805195,0.05605911330049262,False,0.059322033898305086,0.037037037037037035,0.0,,,2,rider,0.1,0.5,heuristic,mask2former_swinb_cityscapes,acdc_night_targetcal100,33
,,,,-1,True,,0.8377581120943952,0.00040938775055110455,,,406,,,0.8506493506493507,,False,,,,,,2,rider,0.1,0.5,argmax,mask2former_swinb_cityscapes,acdc_night_targetcal100,33
,,,0.9998246119498159,626,True,0.23008849557522124,0.23008849557522124,0.101508229970932,21.120689655172413,625.0,113,154.0,32.0,0.2077922077922078,0.06009852216748768,False,0.2542372881355932,0.07407407407407407,0.0,,,2,rider,0.2,0.5,region_crc,mask2former_swinb_cityscapes,acdc_night_targetcal100,33
,,,0.9994479225607192,543,True,0.2846607669616519,0.28466076696165193,0.05481377989053726,13.997536945812808,525.0,113,154.0,42.0,0.2727272727272727,0.08576354679802956,False,0.2966101694915254,0.25925925925925924,0.0,,,2,rider,0.2,0.5,heuristic,mask2former_swinb_cityscapes,acdc_night_targetcal100,33
,,,,-1,True,,0.8377581120943952,0.00040938775055110455,,,406,,,0.8506493506493507,,False,,,,,,2,rider,0.2,0.5,argmax,mask2former_swinb_cityscapes,acdc_night_targetcal100,33
,,,0.9999983327527875,963,True,0.0,0.0,0.7119582891464233,11.366995073891626,963.0,104,247.0,0.0,0.0,0.06837438423645315,False,0.0,0.0,0.0,,,2,bicycle,0.05,0.1,region_crc,mask2former_swinb_cityscapes,acdc_night_targetcal100,26
,,,0.9999867565846481,813,True,0.022206959706959704,0.022206959706959704,0.33504241704940796,28.58128078817734,800.0,104,247.0,5.0,0.020242914979757085,0.0926600985221675,False,0.035211267605633804,0.0,0.0,,,2,bicycle,0.05,0.1,heuristic,mask2former_swinb_cityscapes,acdc_night_targetcal100,26
,,,,-1,True,,0.8303304334554334,0.0007399413152597845,,,406,,,0.7975708502024291,,False,,,,,,2,bicycle,0.05,0.1,argmax,mask2former_swinb_cityscapes,acdc_night_targetcal100,26
,,,0.9999867565846481,813,True,0.022206959706959704,0.022206959706959704,0.33504241704940796,28.58128078817734,800.0,104,247.0,5.0,0.020242914979757085,0.0926600985221675,False,0.035211267605633804,0.0,0.0,,,2,bicycle,0.1,0.1,region_crc,mask2former_swinb_cityscapes,acdc_night_targetcal100,26
,,,0.999974996546383,767,True,0.0347985347985348,0.0347985347985348,0.24551230669021606,29.901477832512317,750.0,104,247.0,9.0,0.03643724696356275,0.07034482758620692,False,0.06338028169014084,0.0,0.0,,,2,bicycle,0.1,0.1,heuristic,mask2former_swinb_cityscapes,acdc_night_targetcal100,26
,,,,-1,True,,0.8303304334554334,0.0007399413152597845,,,406,,,0.7975708502024291,,False,,,,,,2,bicycle,0.1,0.1,argmax,mask2former_swinb_cityscapes,acdc_night_targetcal100,26
,,,0.9998990747113923,666,True,0.12241300366300366,0.12241300366300366,0.11290115118026733,24.573891625615765,650.0,104,247.0,30.0,0.1214574898785425,0.05463054187192118,False,0.19014084507042253,0.038461538461538464,0.0,,,2,bicycle,0.2,0.1,region_crc,mask2former_swinb_cityscapes,acdc_night_targetcal100,26
,,,0.999885712166521,657,True,0.12882326007326006,0.12882326007326006,0.10583488643169403,24.573891625615765,650.0,104,247.0,33.0,0.13360323886639677,0.05546798029556649,False,0.20422535211267606,0.05128205128205128,0.0,,,2,bicycle,0.2,0.1,heuristic,mask2former_swinb_cityscapes,acdc_night_targetcal100,26
,,,,-1,True,,0.8303304334554334,0.0007399413152597845,,,406,,,0.7975708502024291,,False,,,,,,2,bicycle,0.2,0.1,argmax,mask2former_swinb_cityscapes,acdc_night_targetcal100,26
,,,0.9999984004419714,966,True,0.004807692307692308,0.004807692307692308,0.7200964093208313,10.990147783251231,966.0,104,247.0,1.0,0.004048582995951417,0.07571428571428573,False,0.007042253521126761,0.0,0.0,,,2,bicycle,0.05,0.5,region_crc,mask2former_swinb_cityscapes,acdc_night_targetcal100,26
,,,0.9999982860426925,961,True,0.004807692307692308,0.004807692307692308,0.7031532526016235,11.701970443349754,961.0,104,247.0,1.0,0.004048582995951417,0.0727093596059114,False,0.007042253521126761,0.0,0.0,,,2,bicycle,0.05,0.5,heuristic,mask2former_swinb_cityscapes,acdc_night_targetcal100,26
,,,,-1,True,,0.867937271062271,0.0007399413152597845,,,406,,,0.8421052631578947,,False,,,,,,2,bicycle,0.05,0.5,argmax,mask2former_swinb_cityscapes,acdc_night_targetcal100,26
,,,0.9999982860426925,961,True,0.004807692307692308,0.004807692307692308,0.7031532526016235,11.701970443349754,961.0,104,247.0,1.0,0.004048582995951417,0.0727093596059114,False,0.007042253521126761,0.0,0.0,,,2,bicycle,0.1,0.5,region_crc,mask2former_swinb_cityscapes,acdc_night_targetcal100,26
,,,0.9999830175634754,795,True,0.05162545787545787,0.05162545787545787,0.2966073751449585,29.61822660098522,775.0,104,247.0,14.0,0.05668016194331984,0.06729064039408861,False,0.07746478873239436,0.038461538461538464,0.0,,,2,bicycle,0.1,0.5,heuristic,mask2former_swinb_cityscapes,acdc_night_targetcal100,26
,,,,-1,True,,0.867937271062271,0.0007399413152597845,,,406,,,0.8421052631578947,,False,,,,,,2,bicycle,0.1,0.5,argmax,mask2former_swinb_cityscapes,acdc_night_targetcal100,26
,,,0.9999739384645,764,True,0.09924450549450549,0.0992445054945055,0.24098724126815796,29.901477832512317,750.0,104,247.0,23.0,0.0931174089068826,0.06788177339901477,False,0.1267605633802817,0.0641025641025641,0.0,,,2,bicycle,0.2,0.5,region_crc,mask2former_swinb_cityscapes,acdc_night_targetcal100,26
,,,0.999971686080042,758,True,0.1011675824175824,0.10116758241758242,0.23080997169017792,29.901477832512317,750.0,104,247.0,24.0,0.09716599190283401,0.06837438423645315,False,0.13380281690140844,0.0641025641025641,0.0,,,2,bicycle,0.2,0.5,heuristic,mask2former_swinb_cityscapes,acdc_night_targetcal100,26
,,,,-1,True,,0.867937271062271,0.0007399413152597845,,,406,,,0.8421052631578947,,False,,,,,,2,bicycle,0.2,0.5,argmax,mask2former_swinb_cityscapes,acdc_night_targetcal100,26
,,,0.9999812931785963,788,True,0.016750900987354187,0.016750900987354187,0.4744979739189148,23.608374384236452,775.0,203,691.0,10.0,0.01447178002894356,0.07103448275862068,False,0.02109704641350211,0.0,0.0,,,3,person,0.05,0.1,region_crc,mask2former_swinb_cityscapes,acdc_night_targetcal100,44
,,,0.9999760116708099,770,True,0.021677009361738424,0.021677009361738424,0.4342077076435089,25.4064039408867,750.0,203,691.0,13.0,0.01881331403762663,0.06891625615763547,False,0.027426160337552744,0.0,0.0,,,3,person,0.05,0.1,heuristic,mask2former_swinb_cityscapes,acdc_night_targetcal100,44
,,,,-1,True,,0.48408206462393655,0.0055182138457894325,,,406,,,0.4717800289435601,,False,,,,,,3,person,0.05,0.1,argmax,mask2former_swinb_cityscapes,acdc_night_targetcal100,44
,,,0.9999369042655519,700,True,0.042795833066769026,0.042795833066769026,0.2976166307926178,28.25615763546798,700.0,203,691.0,27.0,0.03907380607814761,0.0974876847290641,False,0.05485232067510549,0.005263157894736842,0.0,,,3,person,0.1,0.1,region_crc,mask2former_swinb_cityscapes,acdc_night_targetcal100,44
,,,0.999765577118468,605,True,0.08242701469302453,0.08242701469302455,0.15875382721424103,26.529556650246306,600.0,203,691.0,55.0,0.07959479015918958,0.08073891625615759,False,0.10970464135021098,0.015789473684210527,0.0,,,3,person,0.1,0.1,heuristic,mask2former_swinb_cityscapes,acdc_night_targetcal100,44
,,,,-1,True,,0.48408206462393655,0.0055182138457894325,,,406,,,0.4717800289435601,,False,,,,,,3,person,0.1,0.1,argmax,mask2former_swinb_cityscapes,acdc_night_targetcal100,44
,,,0.9994847713554182,548,True,0.1125247904804555,0.11252479048045551,0.11108694225549698,21.93103448275862,525.0,203,691.0,79.0,0.11432706222865413,0.1493103448275862,False,0.16033755274261605,0.015789473684210527,0.0,,,3,person,0.2,0.1,region_crc,mask2former_swinb_cityscapes,acdc_night_targetcal100,44
,,,0.9993918649987212,536,True,0.12080960911010169,0.12080960911010173,0.10247788578271866,21.93103448275862,525.0,203,691.0,87.0,0.12590448625180897,0.14945812807881775,False,0.17721518987341772,0.015789473684210527,0.0,,,3,person,0.2,0.1,heuristic,mask2former_swinb_cityscapes,acdc_night_targetcal100,44
,,,,-1,True,,0.48408206462393655,0.0055182138457894325,,,406,,,0.4717800289435601,,False,,,,,,3,person,0.2,0.1,argmax,mask2former_swinb_cityscapes,acdc_night_targetcal100,44
,,,0.9999895287145195,830,True,0.021471754846139085,0.021471754846139078,0.5552811622619629,18.94334975369458,825.0,203,691.0,15.0,0.02170767004341534,0.0836453201970444,False,0.027426160337552744,0.010526315789473684,0.0,,,3,person,0.05,0.5,region_crc,mask2former_swinb_cityscapes,acdc_night_targetcal100,44
,,,0.9999879773556538,820,True,0.024755827095728572,0.024755827095728572,0.538364827632904,20.89408866995074,800.0,203,691.0,17.0,0.024602026049204053,0.08655172413793111,False,0.03164556962025317,0.010526315789473684,0.0,,,3,person,0.05,0.5,heuristic,mask2former_swinb_cityscapes,acdc_night_targetcal100,44
,,,,-1,True,,0.5787501223461815,0.0055182138457894325,,,406,,,0.557163531114327,,False,,,,,,3,person,0.05,0.5,argmax,mask2former_swinb_cityscapes,acdc_night_targetcal100,44
,,,0.9999712921941798,757,True,0.03754131746742584,0.03754131746742584,0.4049680233001709,25.4064039408867,750.0,203,691.0,28.0,0.04052098408104197,0.09413793103448276,False,0.052742616033755275,0.015789473684210527,0.0,,,3,person,0.1,0.5,region_crc,mask2former_swinb_cityscapes,acdc_night_targetcal100,44
,,,0.9999665804959974,746,True,0.042467425841810076,0.042467425841810076,0.3835730254650116,27.4064039408867,725.0,203,691.0,30.0,0.04341534008683068,0.08458128078817734,False,0.056962025316455694,0.015789473684210527,0.0,,,3,person,0.1,0.5,heuristic,mask2former_swinb_cityscapes,acdc_night_targetcal100,44
,,,,-1,True,,0.5787501223461815,0.0055182138457894325,,,406,,,0.557163531114327,,False,,,,,,3,person,0.1,0.5,argmax,mask2former_swinb_cityscapes,acdc_night_targetcal100,44
,,,0.9998013905082642,617,True,0.11629027786663254,0.11629027786663255,0.17132462561130524,26.529556650246306,600.0,203,691.0,78.0,0.11287988422575977,0.06847290640394088,False,0.15822784810126583,0.015789473684210527,0.0,,,3,person,0.2,0.5,region_crc,mask2former_swinb_cityscapes,acdc_night_targetcal100,44
,,,0.9997115968496874,590,True,0.1253587955558399,0.12535879555583987,0.14391455054283142,24.997536945812808,575.0,203,691.0,87.0,0.12590448625180897,0.08857142857142863,False,0.17721518987341772,0.015789473684210527,0.0,,,3,person,0.2,0.5,heuristic,mask2former_swinb_cityscapes,acdc_night_targetcal100,44
,,,,-1,True,,0.5787501223461815,0.0055182138457894325,,,406,,,0.557163531114327,,False,,,,,,3,person,0.2,0.5,argmax,mask2former_swinb_cityscapes,acdc_night_targetcal100,44
,,,0.9999827813142501,794,True,0.04096045197740113,0.04096045197740113,0.3273515999317169,26.822660098522167,775.0,118,157.0,6.0,0.03821656050955414,0.0923645320197044,False,0.05042016806722689,0.0,0.0,,,3,rider,0.05,0.1,region_crc,mask2former_swinb_cityscapes,acdc_night_targetcal100,28
,,,0.9999402964713416,704,True,0.08333333333333333,0.08333333333333333,0.17103786766529083,25.307881773399014,700.0,118,157.0,13.0,0.08280254777070063,0.04931034482758617,False,0.1092436974789916,0.0,0.0,,,3,rider,0.05,0.1,heuristic,mask2former_swinb_cityscapes,acdc_night_targetcal100,28
,,,,-1,True,,0.7980225988700566,0.0003768891328945756,,,406,,,0.8152866242038217,,False,,,,,,3,rider,0.05,0.1,argmax,mask2former_swinb_cityscapes,acdc_night_targetcal100,28
,,,0.9999402964713416,704,True,0.08333333333333333,0.08333333333333333,0.17103786766529083,25.307881773399014,700.0,118,157.0,13.0,0.08280254777070063,0.04931034482758617,False,0.1092436974789916,0.0,0.0,,,3,rider,0.1,0.1,region_crc,mask2former_swinb_cityscapes,acdc_night_targetcal100,28
,,,0.9998872802543824,658,True,0.12570621468926552,0.12570621468926552,0.12491636723279953,22.773399014778324,650.0,118,157.0,20.0,0.12738853503184713,0.0717733990147783,False,0.16806722689075632,0.0,0.0,,,3,rider,0.1,0.1,heuristic,mask2former_swinb_cityscapes,acdc_night_targetcal100,28
,,,,-1,True,,0.7980225988700566,0.0003768891328945756,,,406,,,0.8152866242038217,,False,,,,,,3,rider,0.1,0.1,argmax,mask2former_swinb_cityscapes,acdc_night_targetcal100,28
,,,0.999868780010098,647,True,0.12994350282485875,0.12994350282485875,0.11557139456272125,21.04433497536946,625.0,118,157.0,21.0,0.1337579617834395,0.056847290640394066,False,0.17647058823529413,0.0,0.0,,,3,rider,0.2,0.1,region_crc,mask2former_swinb_cityscapes,acdc_night_targetcal100,28
,,,0.9997271022217192,594,True,0.1596045197740113,0.1596045197740113,0.08014298230409622,17.495073891625616,575.0,118,157.0,25.0,0.1592356687898089,0.11339901477832504,False,0.19327731092436976,0.06666666666666667,0.0,,,3,rider,0.2,0.1,heuristic,mask2former_swinb_cityscapes,acdc_night_targetcal100,28
,,,,-1,True,,0.7980225988700566,0.0003768891328945756,,,406,,,0.8152866242038217,,False,,,,,,3,rider,0.2,0.1,argmax,mask2former_swinb_cityscapes,acdc_night_targetcal100,28
,,,0.9999890855966355,827,True,0.05790960451977401,0.05790960451977401,0.40176820755004883,23.633004926108374,825.0,118,157.0,9.0,0.05732484076433121,0.09369458128078811,False,0.06722689075630252,0.03333333333333333,0.0,,,3,rider,0.05,0.5,region_crc,mask2former_swinb_cityscapes,acdc_night_targetcal100,28
,,,0.999985003151645,804,True,0.06638418079096045,0.06638418079096045,0.34899845719337463,25.438423645320196,800.0,118,157.0,10.0,0.06369426751592357,0.0897536945812808,False,0.07563025210084033,0.03333333333333333,0.0,,,3,rider,0.05,0.5,heuristic,mask2former_swinb_cityscapes,acdc_night_targetcal100,28
,,,,-1,True,,0.844632768361582,0.0003768891328945756,,,406,,,0.8535031847133758,,False,,,,,,3,rider,0.05,0.5,argmax,mask2former_swinb_cityscapes,acdc_night_targetcal100,28
,,,0.999985003151645,804,True,0.06638418079096045,0.06638418079096045,0.34899845719337463,25.438423645320196,800.0,118,157.0,10.0,0.06369426751592357,0.0897536945812808,False,0.07563025210084033,0.03333333333333333,0.0,,,3,rider,0.1,0.5,region_crc,mask2former_swinb_cityscapes,acdc_night_targetcal100,28
,,,0.9999472770138578,713,True,0.12146892655367231,0.12146892655367231,0.1849692016839981,25.307881773399014,700.0,118,157.0,19.0,0.12101910828025478,0.05802955665024634,False,0.15126050420168066,0.03333333333333333,0.0,,,3,rider,0.1,0.5,heuristic,mask2former_swinb_cityscapes,acdc_night_targetcal100,28
,,,,-1,True,,0.844632768361582,0.0003768891328945756,,,406,,,0.8535031847133758,,False,,,,,,3,rider,0.1,0.5,argmax,mask2former_swinb_cityscapes,acdc_night_targetcal100,28
,,,0.9998948038126176,663,True,0.15112994350282485,0.15112994350282485,0.1295883059501648,22.773399014778324,650.0,118,157.0,24.0,0.15286624203821655,0.07669950738916259,False,0.19327731092436976,0.03333333333333333,0.0,,,3,rider,0.2,0.5,region_crc,mask2former_swinb_cityscapes,acdc_night_targetcal100,28
,,,0.999893340387877,662,True,0.15112994350282485,0.15112994350282485,0.12869781255722046,22.773399014778324,650.0,118,157.0,24.0,0.15286624203821655,0.0791625615763547,False,0.19327731092436976,0.03333333333333333,0.0,,,3,rider,0.2,0.5,heuristic,mask2former_swinb_cityscapes,acdc_night_targetcal100,28
,,,,-1,True,,0.844632768361582,0.0003768891328945756,,,406,,,0.8535031847133758,,False,,,,,,3,rider,0.2,0.5,argmax,mask2former_swinb_cityscapes,acdc_night_targetcal100,28
,,,0.9999867565846481,813,True,0.03213129912159038,0.03213129912159038,0.3381168842315674,28.278325123152708,800.0,103,239.0,6.0,0.02510460251046025,0.10463054187192117,False,0.041666666666666664,0.0,0.0,,,3,bicycle,0.05,0.1,region_crc,mask2former_swinb_cityscapes,acdc_night_targetcal100,27
,,,0.9999830175634754,795,True,0.033749422098936666,0.033749422098936666,0.3018665015697479,29.091133004926107,775.0,103,239.0,7.0,0.029288702928870293,0.08674876847290636,False,0.04861111111111111,0.0,0.0,,,3,bicycle,0.05,0.1,heuristic,mask2former_swinb_cityscapes,acdc_night_targetcal100,27
,,,,-1,True,,0.8213784866697486,0.0006855464889667928,,,406,,,0.803347280334728,,False,,,,,,3,bicycle,0.05,0.1,argmax,mask2former_swinb_cityscapes,acdc_night_targetcal100,27
,,,0.999974996546383,767,True,0.039990753582986587,0.039990753582986587,0.2511101961135864,29.36945812807882,750.0,103,239.0,9.0,0.03765690376569038,0.08211822660098522,False,0.0625,0.0,0.0,,,3,bicycle,0.1,0.1,region_crc,mask2former_swinb_cityscapes,acdc_night_targetcal100,27
,,,0.9999704879077334,755,True,0.04761904761904762,0.047619047619047616,0.23188164830207825,29.36945812807882,750.0,103,239.0,12.0,0.0502092050209205,0.08024630541871924,False,0.0763888888888889,0.014084507042253521,0.0,,,3,bicycle,0.1,0.1,heuristic,mask2former_swinb_cityscapes,acdc_night_targetcal100,27
,,,,-1,True,,0.8213784866697486,0.0006855464889667928,,,406,,,0.803347280334728,,False,,,,,,3,bicycle,0.1,0.1,argmax,mask2former_swinb_cityscapes,acdc_night_targetcal100,27
,,,0.9999605542697925,734,True,0.06638927415626444,0.06638927415626444,0.20014235377311707,29.059113300492612,725.0,103,239.0,17.0,0.07112970711297072,0.07807881773399017,False,0.1111111111111111,0.014084507042253521,0.0,,,3,bicycle,0.2,0.1,region_crc,mask2former_swinb_cityscapes,acdc_night_targetcal100,27
,,,0.9999402964713416,704,True,0.08176144244105409,0.08176144244105409,0.1576375663280487,27.448275862068964,700.0,103,239.0,22.0,0.09205020920502092,0.07743842364532016,False,0.1388888888888889,0.028169014084507043,0.0,,,3,bicycle,0.2,0.1,heuristic,mask2former_swinb_cityscapes,acdc_night_targetcal100,27
,,,,-1,True,,0.8213784866697486,0.0006855464889667928,,,406,,,0.803347280334728,,False,,,,,,3,bicycle,0.2,0.1,argmax,mask2former_swinb_cityscapes,acdc_night_targetcal100,27
,,,0.9999982860426925,961,True,0.014563106796116505,0.014563106796116505,0.7030302882194519,11.770935960591133,961.0,103,239.0,2.0,0.008368200836820083,0.0630541871921182,False,0.013888888888888888,0.0,0.0,,,3,bicycle,0.05,0.5,region_crc,mask2former_swinb_cityscapes,acdc_night_targetcal100,27
,,,0.9999871175044831,815,True,0.058599167822468795,0.058599167822468795,0.3421674370765686,28.278325123152708,800.0,103,239.0,13.0,0.05439330543933055,0.10216748768472911,False,0.0763888888888889,0.028169014084507043,0.0,,,3,bicycle,0.05,0.5,heuristic,mask2former_swinb_cityscapes,acdc_night_targetcal100,27
,,,,-1,True,,0.8766874711049467,0.0006855464889667928,,,406,,,0.8577405857740585,,False,,,,,,3,bicycle,0.05,0.5,argmax,mask2former_swinb_cityscapes,acdc_night_targetcal100,27
,,,0.9999871175044831,815,True,0.058599167822468795,0.058599167822468795,0.3421674370765686,28.278325123152708,800.0,103,239.0,13.0,0.05439330543933055,0.10216748768472911,False,0.0763888888888889,0.028169014084507043,0.0,,,3,bicycle,0.1,0.5,region_crc,mask2former_swinb_cityscapes,acdc_night_targetcal100,27
,,,0.9999830175634754,795,True,0.058599167822468795,0.058599167822468795,0.3018665015697479,29.091133004926107,775.0,103,239.0,13.0,0.05439330543933055,0.08674876847290636,False,0.0763888888888889,0.028169014084507043,0.0,,,3,bicycle,0.1,0.5,heuristic,mask2former_swinb_cityscapes,acdc_night_targetcal100,27
,,,,-1,True,,0.8766874711049467,0.0006855464889667928,,,406,,,0.8577405857740585,,False,,,,,,3,bicycle,0.1,0.5,argmax,mask2former_swinb_cityscapes,acdc_night_targetcal100,27
,,,0.9999683772233983,750,True,0.12027276930189551,0.1202727693018955,0.2251291126012802,29.36945812807882,750.0,103,239.0,25.0,0.10460251046025104,0.08285714285714285,False,0.14583333333333334,0.056338028169014086,0.0,,,3,bicycle,0.2,0.5,region_crc,mask2former_swinb_cityscapes,acdc_night_targetcal100,27
,,,0.9999616292754507,736,True,0.13515950069348126,0.13515950069348126,0.2032739818096161,29.059113300492612,725.0,103,239.0,28.0,0.11715481171548117,0.07807881773399017,False,0.16666666666666666,0.056338028169014086,0.0,,,3,bicycle,0.2,0.5,heuristic,mask2former_swinb_cityscapes,acdc_night_targetcal100,27
,,,,-1,True,,0.8766874711049467,0.0006855464889667928,,,406,,,0.8577405857740585,,False,,,,,,3,bicycle,0.2,0.5,argmax,mask2former_swinb_cityscapes,acdc_night_targetcal100,27
,,,0.9999712921941798,757,True,0.02579175210754158,0.02579175210754158,0.4015703499317169,25.192118226600986,750.0,190,632.0,10.0,0.015822784810126583,0.09088669950738915,False,0.02102803738317757,0.00546448087431694,0.0,,,4,person,0.05,0.1,region_crc,mask2former_swinb_cityscapes,acdc_night_targetcal100,57
,,,0.9999610954855006,735,True,0.029300524037366146,0.029300524037366143,0.3557930886745453,27.201970443349754,725.0,190,632.0,12.0,0.0189873417721519,0.07379310344827583,False,0.02570093457943925,0.00546448087431694,0.0,,,4,person,0.05,0.1,heuristic,mask2former_swinb_cityscapes,acdc_night_targetcal100,57
,,,,-1,True,,0.524998524866946,0.004908669739961624,,,406,,,0.48417721518987344,,False,,,,,,4,person,0.05,0.1,argmax,mask2former_swinb_cityscapes,acdc_night_targetcal100,57
,,,0.9998792186164893,653,True,0.06795682387787651,0.06795682387787651,0.2162877768278122,29.06896551724138,650.0,190,632.0,38.0,0.060126582278481014,0.11620689655172417,False,0.08411214953271028,0.01092896174863388,0.0,,,4,person,0.1,0.1,region_crc,mask2former_swinb_cityscapes,acdc_night_targetcal100,57
,,,0.9997075847622157,589,True,0.0934751651856915,0.0934751651856915,0.13969138264656067,24.519704433497537,575.0,190,632.0,56.0,0.08860759493670886,0.052660098522167464,False,0.12383177570093458,0.01639344262295082,0.0,,,4,person,0.1,0.1,heuristic,mask2former_swinb_cityscapes,acdc_night_targetcal100,57
,,,,-1,True,,0.524998524866946,0.004908669739961624,,,406,,,0.48417721518987344,,False,,,,,,4,person,0.1,0.1,argmax,mask2former_swinb_cityscapes,acdc_night_targetcal100,57
,,,0.9987352636525288,483,True,0.1511947482342219,0.15119474823422194,0.06863774359226227,17.389162561576356,475.0,190,632.0,91.0,0.1439873417721519,0.06133004926108371,False,0.20327102803738317,0.02185792349726776,0.0,,,4,person,0.2,0.1,region_crc,mask2former_swinb_cityscapes,acdc_night_targetcal100,57
,,,0.9961274235507839,402,True,0.2167565694539379,0.21675656945393787,0.03998996317386627,12.83743842364532,400.0,190,632.0,130.0,0.20569620253164558,0.11605911330049268,False,0.2850467289719626,0.04371584699453552,0.0,,,4,person,0.2,0.1,heuristic,mask2former_swinb_cityscapes,acdc_night_targetcal100,57
,,,,-1,True,,0.524998524866946,0.004908669739961624,,,406,,,0.48417721518987344,,False,,,,,,4,person,0.2,0.1,argmax,mask2former_swinb_cityscapes,acdc_night_targetcal100,57
,,,0.9999886237271418,824,True,0.02666894508999772,0.02666894508999772,0.5436219573020935,21.054187192118228,800.0,190,632.0,12.0,0.0189873417721519,0.05487684729064041,False,0.02570093457943925,0.00546448087431694,0.0,,,4,person,0.05,0.5,region_crc,mask2former_swinb_cityscapes,acdc_night_targetcal100,57
,,,0.9999776127886143,775,True,0.03833561175666439,0.03833561175666438,0.4443049728870392,23.440886699507388,775.0,190,632.0,21.0,0.03322784810126582,0.07073891625615758,False,0.04205607476635514,0.01639344262295082,0.0,,,4,person,0.05,0.5,heuristic,mask2former_swinb_cityscapes,acdc_night_targetcal100,57
,,,,-1,True,,0.6179947099683941,0.004908669739961624,,,406,,,0.5743670886075949,,False,,,,,,4,person,0.05,0.5,argmax,mask2former_swinb_cityscapes,acdc_night_targetcal100,57
,,,0.9999665804959974,746,True,0.04241256550467077,0.04241256550467077,0.37899449467658997,27.201970443349754,725.0,190,632.0,25.0,0.03955696202531646,0.07610837438423645,False,0.0514018691588785,0.01639344262295082,0.0,,,4,person,0.1,0.5,region_crc,mask2former_swinb_cityscapes,acdc_night_targetcal100,57
,,,0.9999594491464552,732,True,0.046838402825244936,0.046838402825244936,0.34946173429489136,27.201970443349754,725.0,190,632.0,30.0,0.04746835443037975,0.07359605911330047,False,0.0630841121495327,0.01639344262295082,0.0,,,4,person,0.1,0.5,heuristic,mask2former_swinb_cityscapes,acdc_night_targetcal100,57
,,,,-1,True,,0.6179947099683941,0.004908669739961624,,,406,,,0.5743670886075949,,False,,,,,,4,person,0.1,0.5,argmax,mask2former_swinb_cityscapes,acdc_night_targetcal100,57
,,,0.9995753804360537,562,True,0.15879708741550846,0.15879708741550846,0.11819709837436676,23.251231527093594,550.0,190,632.0,97.0,0.15348101265822786,0.055418719211822676,False,0.21261682242990654,0.03278688524590164,0.0,,,4,person,0.2,0.5,region_crc,mask2former_swinb_cityscapes,acdc_night_targetcal100,57
,,,0.9989860886142633,499,True,0.19771521607047923,0.19771521607047923,0.07651843130588531,17.389162561576356,475.0,190,632.0,116.0,0.18354430379746836,0.06315270935960582,False,0.2523364485981308,0.04371584699453552,0.0,,,4,person,0.2,0.5,heuristic,mask2former_swinb_cityscapes,acdc_night_targetcal100,57
,,,,-1,True,,0.6179947099683941,0.004908669739961624,,,406,,,0.5743670886075949,,False,,,,,,4,person,0.2,0.5,argmax,mask2former_swinb_cityscapes,acdc_night_targetcal100,57
,,,0.999991946215588,849,True,0.01881720430107527,0.018817204301075266,0.45048439502716064,23.669950738916256,825.0,124,162.0,3.0,0.018518518518518517,0.07650246305418718,False,0.025,0.0,0.0,,,4,rider,0.05,0.1,region_crc,mask2former_swinb_cityscapes,acdc_night_targetcal100,22
,,,0.9999202005312732,683,True,0.0954301075268817,0.0954301075268817,0.15298600494861603,24.13054187192118,675.0,124,162.0,15.0,0.09259259259259259,0.12064039408867,False,0.125,0.0,0.0,,,4,rider,0.05,0.1,heuristic,mask2former_swinb_cityscapes,acdc_night_targetcal100,22
,,,,-1,True,,0.7741935483870968,0.0004104104300495237,,,406,,,0.7839506172839507,,False,,,,,,4,rider,0.05,0.1,argmax,mask2former_swinb_cityscapes,acdc_night_targetcal100,22
,,,0.9999202005312732,683,True,0.0954301075268817,0.0954301075268817,0.15298600494861603,24.13054187192118,675.0,124,162.0,15.0,0.09259259259259259,0.12064039408867,False,0.125,0.0,0.0,,,4,rider,0.1,0.1,region_crc,mask2former_swinb_cityscapes,acdc_night_targetcal100,22
,,,0.9996866714275684,584,True,0.19623655913978494,0.19623655913978494,0.07362636923789978,17.810344827586206,575.0,124,162.0,30.0,0.18518518518518517,0.08049261083743842,False,0.23333333333333334,0.06060606060606061,0.0,,,4,rider,0.1,0.1,heuristic,mask2former_swinb_cityscapes,acdc_night_targetcal100,22
,,,,-1,True,,0.7741935483870968,0.0004104104300495237,,,406,,,0.7839506172839507,,False,,,,,,4,rider,0.1,0.1,argmax,mask2former_swinb_cityscapes,acdc_night_targetcal100,22
,,,0.9995982091891511,566,True,0.19623655913978494,0.19623655913978494,0.06474447250366211,15.761083743842365,550.0,124,162.0,30.0,0.18518518518518517,0.09802955665024637,False,0.23333333333333334,0.06060606060606061,0.0,,,4,rider,0.2,0.1,region_crc,mask2former_swinb_cityscapes,acdc_night_targetcal100,22
,,,0.9994847713554182,548,True,0.21236559139784944,0.21236559139784947,0.05675014853477478,14.263546798029557,525.0,124,162.0,32.0,0.19753086419753085,0.07339901477832511,False,0.25,0.06060606060606061,0.0,,,4,rider,0.2,0.1,heuristic,mask2former_swinb_cityscapes,acdc_night_targetcal100,22
,,,,-1,True,,0.7741935483870968,0.0004104104300495237,,,406,,,0.7839506172839507,,False,,,,,,4,rider,0.2,0.1,argmax,mask2former_swinb_cityscapes,acdc_night_targetcal100,22
,,,0.9999931766130585,861,True,0.038978494623655914,0.038978494623655914,0.4796493649482727,21.699507389162562,850.0,124,162.0,6.0,0.037037037037037035,0.08197044334975367,False,0.05,0.0,0.0,,,4,rider,0.05,0.5,region_crc,mask2former_swinb_cityscapes,acdc_night_targetcal100,22
,,,0.999950111551254,717,True,0.11559139784946236,0.11559139784946236,0.19416600465774536,25.93349753694581,700.0,124,162.0,18.0,0.1111111111111111,0.09896551724137931,False,0.14166666666666666,0.030303030303030304,0.0,,,4,rider,0.05,0.5,heuristic,mask2former_swinb_cityscapes,acdc_night_targetcal100,22
,,,,-1,True,,0.8306451612903226,0.0004104104300495237,,,406,,,0.8395061728395061,,False,,,,,,4,rider,0.05,0.5,argmax,mask2former_swinb_cityscapes,acdc_night_targetcal100,22
,,,0.999950111551254,717,True,0.11559139784946236,0.11559139784946236,0.19416600465774536,25.93349753694581,700.0,124,162.0,18.0,0.1111111111111111,0.09896551724137931,False,0.14166666666666666,0.030303030303030304,0.0,,,4,rider,0.1,0.5,region_crc,mask2former_swinb_cityscapes,acdc_night_targetcal100,22
,,,0.9998514064357713,638,True,0.2043010752688172,0.20430107526881722,0.11219583451747894,21.357142857142858,625.0,124,162.0,31.0,0.19135802469135801,0.10266009852216751,False,0.23333333333333334,0.09090909090909091,0.0,,,4,rider,0.1,0.5,heuristic,mask2former_swinb_cityscapes,acdc_night_targetcal100,22
,,,,-1,True,,0.8306451612903226,0.0004104104300495237,,,406,,,0.8395061728395061,,False,,,,,,4,rider,0.1,0.5,argmax,mask2former_swinb_cityscapes,acdc_night_targetcal100,22
,,,0.9997590094571314,603,True,0.22849462365591397,0.228494623655914,0.08592943847179413,19.61576354679803,600.0,124,162.0,34.0,0.20987654320987653,0.07586206896551728,False,0.25833333333333336,0.09090909090909091,0.0,,,4,rider,0.2,0.5,region_crc,mask2former_swinb_cityscapes,acdc_night_targetcal100,22
,,,0.9997308465196073,595,True,0.23118279569892472,0.23118279569892475,0.0800330638885498,17.810344827586206,575.0,124,162.0,35.0,0.21604938271604937,0.07561576354679805,False,0.25833333333333336,0.12121212121212122,0.0,,,4,rider,0.2,0.5,heuristic,mask2former_swinb_cityscapes,acdc_night_targetcal100,22
,,,,-1,True,,0.8306451612903226,0.0004104104300495237,,,406,,,0.8395061728395061,,False,,,,,,4,rider,0.2,0.5,argmax,mask2former_swinb_cityscapes,acdc_night_targetcal100,22
,,,0.9999810329407879,787,True,0.04559748427672956,0.045597484276729564,0.2885199189186096,29.56650246305419,775.0,106,242.0,8.0,0.03305785123966942,0.13172413793103444,False,0.05714285714285714,0.0,0.0,,,4,bicycle,0.05,0.1,region_crc,mask2former_swinb_cityscapes,acdc_night_targetcal100,24
,,,0.9999704879077334,755,True,0.06109613656783467,0.061096136567834684,0.23134267330169678,29.958128078817733,750.0,106,242.0,11.0,0.045454545454545456,0.15261083743842363,False,0.07142857142857142,0.012195121951219513,0.0,,,4,bicycle,0.05,0.1,heuristic,mask2former_swinb_cityscapes,acdc_night_targetcal100,24
,,,,-1,True,,0.8418426175501648,0.0006415973184630275,,,406,,,0.8057851239669421,,False,,,,,,4,bicycle,0.05,0.1,argmax,mask2former_swinb_cityscapes,acdc_night_targetcal100,24
,,,0.9999704879077334,755,True,0.06109613656783467,0.061096136567834684,0.23134267330169678,29.958128078817733,750.0,106,242.0,11.0,0.045454545454545456,0.15261083743842363,False,0.07142857142857142,0.012195121951219513,0.0,,,4,bicycle,0.1,0.1,region_crc,mask2former_swinb_cityscapes,acdc_night_targetcal100,24
,,,0.9999419235582478,706,True,0.10056154537286612,0.10056154537286613,0.15792299807071686,27.79310344827586,700.0,106,242.0,22.0,0.09090909090909091,0.08438423645320192,False,0.1357142857142857,0.036585365853658534,0.0,,,4,bicycle,0.1,0.1,heuristic,mask2former_swinb_cityscapes,acdc_night_targetcal100,24
,,,,-1,True,,0.8418426175501648,0.0006415973184630275,,,406,,,0.8057851239669421,,False,,,,,,4,bicycle,0.1,0.1,argmax,mask2former_swinb_cityscapes,acdc_night_targetcal100,24
,,,0.9998669545582022,646,True,0.1524483378256963,0.15244833782569633,0.09659310430288315,21.948275862068964,625.0,106,242.0,31.0,0.128099173553719,0.059211822660098556,False,0.2,0.036585365853658534,0.0,,,4,bicycle,0.2,0.1,region_crc,mask2former_swinb_cityscapes,acdc_night_targetcal100,24
,,,0.9997233058354589,593,True,0.2179020664869721,0.21790206648697216,0.060437001287937164,18.059113300492612,575.0,106,242.0,45.0,0.1859504132231405,0.07354679802955666,False,0.2857142857142857,0.06097560975609756,0.0,,,4,bicycle,0.2,0.1,heuristic,mask2former_swinb_cityscapes,acdc_night_targetcal100,24
,,,,-1,True,,0.8418426175501648,0.0006415973184630275,,,406,,,0.8057851239669421,,False,,,,,,4,bicycle,0.2,0.1,argmax,mask2former_swinb_cityscapes,acdc_night_targetcal100,24
,,,0.9999952356901319,887,True,0.02358490566037736,0.02358490566037736,0.5195785760879517,22.064039408866996,875.0,106,242.0,3.0,0.012396694214876033,0.08891625615763549,False,0.02142857142857143,0.0,0.0,,,4,bicycle,0.05,0.5,region_crc,mask2former_swinb_cityscapes,acdc_night_targetcal100,24
,,,0.9999785216952587,778,True,0.09827044025157233,0.09827044025157233,0.2712419331073761,29.56650246305419,775.0,106,242.0,18.0,0.0743801652892562,0.14596059113300486,False,0.1,0.04878048780487805,0.0,,,4,bicycle,0.05,0.5,heuristic,mask2former_swinb_cityscapes,acdc_night_targetcal100,24
,,,,-1,True,,0.8908692722371967,0.0006415973184630275,,,406,,,0.8636363636363636,,False,,,,,,4,bicycle,0.05,0.5,argmax,mask2former_swinb_cityscapes,acdc_night_targetcal100,24
,,,0.9999782229022764,777,True,0.09827044025157233,0.09827044025157233,0.2694188058376312,29.56650246305419,775.0,106,242.0,18.0,0.0743801652892562,0.14596059113300486,False,0.1,0.04878048780487805,0.0,,,4,bicycle,0.1,0.5,region_crc,mask2former_swinb_cityscapes,acdc_night_targetcal100,24
,,,0.999971686080042,758,True,0.12508984725965858,0.12508984725965858,0.23658613860607147,29.958128078817733,750.0,106,242.0,23.0,0.09504132231404959,0.1550738916256158,False,0.1357142857142857,0.04878048780487805,0.0,,,4,bicycle,0.1,0.5,heuristic,mask2former_swinb_cityscapes,acdc_night_targetcal100,24
,,,,-1,True,,0.8908692722371967,0.0006415973184630275,,,406,,,0.8636363636363636,,False,,,,,,4,bicycle,0.1,0.5,argmax,mask2former_swinb_cityscapes,acdc_night_targetcal100,24
,,,0.9999386237994835,702,True,0.17603324348607366,0.17603324348607366,0.1534726768732071,27.79310344827586,700.0,106,242.0,33.0,0.13636363636363635,0.07467980295566501,False,0.2,0.06097560975609756,0.0,,,4,bicycle,0.2,0.5,region_crc,mask2former_swinb_cityscapes,acdc_night_targetcal100,24
,,,0.999885712166521,657,True,0.2184860736747529,0.2184860736747529,0.10812291502952576,24.39408866995074,650.0,106,242.0,42.0,0.17355371900826447,0.06709359605911336,False,0.2571428571428571,0.07317073170731707,0.0,,,4,bicycle,0.2,0.5,heuristic,mask2former_swinb_cityscapes,acdc_night_targetcal100,24
,,,,-1,True,,0.8908692722371967,0.0006415973184630275,,,406,,,0.8636363636363636,,False,,,,,,4,bicycle,0.2,0.5,argmax,mask2former_swinb_cityscapes,acdc_night_targetcal100,24
,,,0.9999874685882506,817,True,0.0030459231490159323,0.0030459231490159323,0.5295724272727966,21.221674876847292,800.0,194,664.0,4.0,0.006024096385542169,0.07172413793103449,False,0.008771929824561403,0.0,0.0,,,5,person,0.05,0.1,region_crc,mask2former_swinb_cityscapes,acdc_night_targetcal100,53
,,,0.9999871175044831,815,True,0.0030459231490159323,0.0030459231490159323,0.5255176424980164,21.221674876847292,800.0,194,664.0,4.0,0.006024096385542169,0.07172413793103449,False,0.008771929824561403,0.0,0.0,,,5,person,0.05,0.1,heuristic,mask2former_swinb_cityscapes,acdc_night_targetcal100,53
,,,,-1,True,,0.5041326800347419,0.005195300094783306,,,406,,,0.48493975903614456,,False,,,,,,5,person,0.05,0.1,argmax,mask2former_swinb_cityscapes,acdc_night_targetcal100,53
,,,0.9999342342162645,697,True,0.04080783906814835,0.040807839068148354,0.2860901653766632,29.108374384236452,675.0,194,664.0,27.0,0.04066265060240964,0.07236453201970439,False,0.05482456140350877,0.01098901098901099,0.0,,,5,person,0.1,0.1,region_crc,mask2former_swinb_cityscapes,acdc_night_targetcal100,53
,,,0.9997233058354589,593,True,0.09138215736153882,0.09138215736153879,0.14204290509223938,24.75615763546798,575.0,194,664.0,60.0,0.09036144578313253,0.060049261083743866,False,0.125,0.016483516483516484,0.0,,,5,person,0.1,0.1,heuristic,mask2former_swinb_cityscapes,acdc_night_targetcal100,53
,,,,-1,True,,0.5041326800347419,0.005195300094783306,,,406,,,0.48493975903614456,,False,,,,,,5,person,0.1,0.1,argmax,mask2former_swinb_cityscapes,acdc_night_targetcal100,53
,,,0.9993661302887431,533,True,0.1257483710447628,0.1257483710447628,0.09743121266365051,21.66256157635468,525.0,194,664.0,87.0,0.13102409638554216,0.061921182266009844,False,0.18421052631578946,0.016483516483516484,0.0,,,5,person,0.2,0.1,region_crc,mask2former_swinb_cityscapes,acdc_night_targetcal100,53
,,,0.998717669417344,482,True,0.14840174859504757,0.14840174859504754,0.0697958841919899,17.3128078817734,475.0,194,664.0,101.0,0.15210843373493976,0.0913793103448276,False,0.21271929824561403,0.02197802197802198,0.0,,,5,person,0.2,0.1,heuristic,mask2former_swinb_cityscapes,acdc_night_targetcal100,53
,,,,-1,True,,0.5041326800347419,0.005195300094783306,,,406,,,0.48493975903614456,,False,,,,,,5,person,0.2,0.1,argmax,mask2former_swinb_cityscapes,acdc_night_targetcal100,53
,,,0.9999913702145223,844,True,0.008507386084705672,0.008507386084705672,0.5766646862030029,19.08128078817734,825.0,194,664.0,9.0,0.01355421686746988,0.08290640394088666,False,0.017543859649122806,0.005494505494505495,0.0,,,5,person,0.05,0.5,region_crc,mask2former_swinb_cityscapes,acdc_night_targetcal100,53
,,,0.9999895287145195,830,True,0.01623934484759227,0.01623934484759227,0.5526034235954285,19.08128078817734,825.0,194,664.0,11.0,0.016566265060240965,0.06714285714285717,False,0.021929824561403508,0.005494505494505495,0.0,,,5,person,0.05,0.5,heuristic,mask2former_swinb_cityscapes,acdc_night_targetcal100,53
,,,,-1,True,,0.5981264296985946,0.005195300094783306,,,406,,,0.5768072289156626,,False,,,,,,5,person,0.05,0.5,argmax,mask2former_swinb_cityscapes,acdc_night_targetcal100,53
,,,0.9999679373067549,749,True,0.03981986655955728,0.03981986655955728,0.3834146559238434,27.694581280788178,725.0,194,664.0,29.0,0.043674698795180725,0.07162561576354678,False,0.05701754385964912,0.016483516483516484,0.0,,,5,person,0.1,0.5,region_crc,mask2former_swinb_cityscapes,acdc_night_targetcal100,53
,,,0.9999465435640603,712,True,0.06410134109876378,0.06410134109876378,0.31173384189605713,28.554187192118228,700.0,194,664.0,45.0,0.0677710843373494,0.06206896551724139,False,0.09210526315789473,0.016483516483516484,0.0,,,5,person,0.1,0.5,heuristic,mask2former_swinb_cityscapes,acdc_night_targetcal100,53
,,,,-1,True,,0.5981264296985946,0.005195300094783306,,,406,,,0.5768072289156626,,False,,,,,,5,person,0.1,0.5,argmax,mask2former_swinb_cityscapes,acdc_night_targetcal100,53
,,,0.9996451866107664,575,True,0.14419833459781914,0.14419833459781914,0.12823063135147095,24.75615763546798,575.0,194,664.0,94.0,0.14156626506024098,0.04990147783251231,False,0.19517543859649122,0.027472527472527472,0.0,,,5,person,0.2,0.5,region_crc,mask2former_swinb_cityscapes,acdc_night_targetcal100,53
,,,0.9995812064348821,563,True,0.1509149856443671,0.1509149856443671,0.11845758557319641,23.571428571428573,550.0,194,664.0,100.0,0.15060240963855423,0.05389162561576355,False,0.20614035087719298,0.03296703296703297,0.0,,,5,person,0.2,0.5,heuristic,mask2former_swinb_cityscapes,acdc_night_targetcal100,53
,,,,-1,True,,0.5981264296985946,0.005195300094783306,,,406,,,0.5768072289156626,,False,,,,,,5,person,0.2,0.5,argmax,mask2former_swinb_cityscapes,acdc_night_targetcal100,53
,,,0.999988779815457,825,True,0.03422619047619048,0.03422619047619047,0.39566484093666077,23.610837438423644,825.0,112,152.0,5.0,0.03289473684210526,0.09275862068965512,False,0.041666666666666664,0.0,0.0,,,5,rider,0.05,0.1,region_crc,mask2former_swinb_cityscapes,acdc_night_targetcal100,34
,,,0.9999827813142501,794,True,0.03422619047619048,0.03422619047619047,0.3267412483692169,27.182266009852217,775.0,112,152.0,5.0,0.03289473684210526,0.09305418719211822,False,0.041666666666666664,0.0,0.0,,,5,rider,0.05,0.1,heuristic,mask2former_swinb_cityscapes,acdc_night_targetcal100,34
,,,,-1,True,,0.7738095238095237,0.00030399643583223224,,,406,,,0.7960526315789473,,False,,,,,,5,rider,0.05,0.1,argmax,mask2former_swinb_cityscapes,acdc_night_targetcal100,34
,,,0.9999651662684964,743,True,0.05654761904761905,0.05654761904761905,0.22757481038570404,26.753694581280786,725.0,112,152.0,8.0,0.05263157894736842,0.04862068965517241,False,0.06666666666666667,0.0,0.0,,,5,rider,0.1,0.1,region_crc,mask2former_swinb_cityscapes,acdc_night_targetcal100,34
,,,0.9999605542697925,734,True,0.05654761904761905,0.05654761904761905,0.21283023059368134,26.753694581280786,725.0,112,152.0,8.0,0.05263157894736842,0.04916256157635468,False,0.06666666666666667,0.0,0.0,,,5,rider,0.1,0.1,heuristic,mask2former_swinb_cityscapes,acdc_night_targetcal100,34
,,,,-1,True,,0.7738095238095237,0.00030399643583223224,,,406,,,0.7960526315789473,,False,,,,,,5,rider,0.1,0.1,argmax,mask2former_swinb_cityscapes,acdc_night_targetcal100,34
,,,0.9990795504282468,506,True,0.26041666666666663,0.26041666666666663,0.04252692684531212,12.532019704433498,500.0,112,152.0,39.0,0.2565789473684211,0.07206896551724129,False,0.2916666666666667,0.16,0.0,,,5,rider,0.2,0.1,region_crc,mask2former_swinb_cityscapes,acdc_night_targetcal100,34
,,,0.9990795504282468,506,True,0.26041666666666663,0.26041666666666663,0.04252692684531212,12.532019704433498,500.0,112,152.0,39.0,0.2565789473684211,0.07206896551724129,False,0.2916666666666667,0.16,0.0,,,5,rider,0.2,0.1,heuristic,mask2former_swinb_cityscapes,acdc_night_targetcal100,34
,,,,-1,True,,0.7738095238095237,0.00030399643583223224,,,406,,,0.7960526315789473,,False,,,,,,5,rider,0.2,0.1,argmax,mask2former_swinb_cityscapes,acdc_night_targetcal100,34
,,,0.9999899538420972,833,True,0.05208333333333333,0.05208333333333333,0.41337165236473083,23.610837438423644,825.0,112,152.0,8.0,0.05263157894736842,0.08187192118226605,False,0.058333333333333334,0.04,0.0,,,5,rider,0.05,0.5,region_crc,mask2former_swinb_cityscapes,acdc_night_targetcal100,34
,,,0.9999890855966355,827,True,0.05208333333333333,0.05208333333333333,0.400295615196228,23.610837438423644,825.0,112,152.0,8.0,0.05263157894736842,0.09275862068965512,False,0.058333333333333334,0.04,0.0,,,5,rider,0.05,0.5,heuristic,mask2former_swinb_cityscapes,acdc_night_targetcal100,34
,,,,-1,True,,0.8363095238095237,0.00030399643583223224,,,406,,,0.8552631578947368,,False,,,,,,5,rider,0.05,0.5,argmax,mask2former_swinb_cityscapes,acdc_night_targetcal100,34
,,,0.9999815498458082,789,True,0.06994047619047619,0.06994047619047619,0.31771060824394226,27.182266009852217,775.0,112,152.0,10.0,0.06578947368421052,0.09320197044334977,False,0.075,0.04,0.0,,,5,rider,0.1,0.5,region_crc,mask2former_swinb_cityscapes,acdc_night_targetcal100,34
,,,0.999971686080042,758,True,0.0788690476190476,0.0788690476190476,0.2569859027862549,27.42118226600985,750.0,112,152.0,11.0,0.07236842105263158,0.06743842364532016,False,0.08333333333333333,0.04,0.0,,,5,rider,0.1,0.5,heuristic,mask2former_swinb_cityscapes,acdc_night_targetcal100,34
,,,,-1,True,,0.8363095238095237,0.00030399643583223224,,,406,,,0.8552631578947368,,False,,,,,,5,rider,0.1,0.5,argmax,mask2former_swinb_cityscapes,acdc_night_targetcal100,34
,,,0.9996778931208716,582,True,0.25148809523809523,0.25148809523809523,0.07340692728757858,17.463054187192117,575.0,112,152.0,36.0,0.23684210526315788,0.06251231527093593,False,0.25833333333333336,0.2,0.0,,,5,rider,0.2,0.5,region_crc,mask2former_swinb_cityscapes,acdc_night_targetcal100,34
,,,0.9996778931208716,582,True,0.25148809523809523,0.25148809523809523,0.07340692728757858,17.463054187192117,575.0,112,152.0,36.0,0.23684210526315788,0.06251231527093593,False,0.25833333333333336,0.2,0.0,,,5,rider,0.2,0.5,heuristic,mask2former_swinb_cityscapes,acdc_night_targetcal100,34
,,,,-1,True,,0.8363095238095237,0.00030399643583223224,,,406,,,0.8552631578947368,,False,,,,,,5,rider,0.2,0.5,argmax,mask2former_swinb_cityscapes,acdc_night_targetcal100,34
,,,0.9999896723859424,831,True,0.027276930189551546,0.027276930189551546,0.37669259309768677,26.401477832512317,825.0,103,226.0,5.0,0.022123893805309734,0.046403940886699524,False,0.03571428571428571,0.0,0.0,,,5,bicycle,0.05,0.1,region_crc,mask2former_swinb_cityscapes,acdc_night_targetcal100,27
,,,0.9999621557415282,737,True,0.0777161349976884,0.0777161349976884,0.203474223613739,28.94334975369458,725.0,103,226.0,17.0,0.0752212389380531,0.07221674876847284,False,0.10714285714285714,0.03125,0.0,,,5,bicycle,0.05,0.1,heuristic,mask2former_swinb_cityscapes,acdc_night_targetcal100,27
,,,,-1,True,,0.8182501155802124,0.000609491893555969,,,406,,,0.8053097345132744,,False,,,,,,5,bicycle,0.05,0.1,argmax,mask2former_swinb_cityscapes,acdc_night_targetcal100,27
,,,0.9999621557415282,737,True,0.0777161349976884,0.0777161349976884,0.203474223613739,28.94334975369458,725.0,103,226.0,17.0,0.0752212389380531,0.07221674876847284,False,0.10714285714285714,0.03125,0.0,,,5,bicycle,0.1,0.1,region_crc,mask2former_swinb_cityscapes,acdc_night_targetcal100,27
,,,0.9999605542697925,734,True,0.08095238095238096,0.08095238095238096,0.19886313378810883,28.94334975369458,725.0,103,226.0,18.0,0.07964601769911504,0.07492610837438424,False,0.11428571428571428,0.03125,0.0,,,5,bicycle,0.1,0.1,heuristic,mask2former_swinb_cityscapes,acdc_night_targetcal100,27
,,,,-1,True,,0.8182501155802124,0.000609491893555969,,,406,,,0.8053097345132744,,False,,,,,,5,bicycle,0.1,0.1,argmax,mask2former_swinb_cityscapes,acdc_night_targetcal100,27
,,,0.9999419235582478,706,True,0.08257050392972723,0.08257050392972723,0.15749461948871613,27.2807881773399,700.0,103,226.0,19.0,0.084070796460177,0.06857142857142862,False,0.11428571428571428,0.046875,0.0,,,5,bicycle,0.2,0.1,region_crc,mask2former_swinb_cityscapes,acdc_night_targetcal100,27
,,,0.999897670700772,665,True,0.11793804900601017,0.11793804900601015,0.11462897807359695,23.726600985221676,650.0,103,226.0,24.0,0.10619469026548672,0.06226600985221675,False,0.15,0.046875,0.0,,,5,bicycle,0.2,0.1,heuristic,mask2former_swinb_cityscapes,acdc_night_targetcal100,27
,,,,-1,True,,0.8182501155802124,0.000609491893555969,,,406,,,0.8053097345132744,,False,,,,,,5,bicycle,0.2,0.1,argmax,mask2former_swinb_cityscapes,acdc_night_targetcal100,27
,,,0.9999918341762865,848,True,0.04322699953767915,0.04322699953767915,0.4165661334991455,26.401477832512317,825.0,103,226.0,8.0,0.035398230088495575,0.04615763546798035,False,0.05,0.015625,0.0,,,5,bicycle,0.05,0.5,region_crc,mask2former_swinb_cityscapes,acdc_night_targetcal100,27
,,,0.9999799552797264,783,True,0.08529819694868238,0.08529819694868238,0.27685415744781494,29.02463054187192,775.0,103,226.0,15.0,0.06637168141592921,0.09551724137931034,False,0.08571428571428572,0.046875,0.0,,,5,bicycle,0.05,0.5,heuristic,mask2former_swinb_cityscapes,acdc_night_targetcal100,27
,,,,-1,True,,0.877011095700416,0.000609491893555969,,,406,,,0.8628318584070797,,False,,,,,,5,bicycle,0.05,0.5,argmax,mask2former_swinb_cityscapes,acdc_night_targetcal100,27
,,,0.9999799552797264,783,True,0.08529819694868238,0.08529819694868238,0.27685415744781494,29.02463054187192,775.0,103,226.0,15.0,0.06637168141592921,0.09551724137931034,False,0.08571428571428572,0.046875,0.0,,,5,bicycle,0.1,0.5,region_crc,mask2former_swinb_cityscapes,acdc_night_targetcal100,27
,,,0.9999782229022764,777,True,0.08992140545538604,0.08992140545538604,0.26561853289604187,29.02463054187192,775.0,103,226.0,17.0,0.0752212389380531,0.09857142857142859,False,0.09285714285714286,0.0625,0.0,,,5,bicycle,0.1,0.5,heuristic,mask2former_swinb_cityscapes,acdc_night_targetcal100,27
,,,,-1,True,,0.877011095700416,0.000609491893555969,,,406,,,0.8628318584070797,,False,,,,,,5,bicycle,0.1,0.5,argmax,mask2former_swinb_cityscapes,acdc_night_targetcal100,27
,,,0.999963692194523,740,True,0.13596856218215442,0.1359685621821544,0.2081906795501709,28.94334975369458,725.0,103,226.0,25.0,0.11061946902654868,0.0766009852216748,False,0.15,0.0625,0.0,,,5,bicycle,0.2,0.5,region_crc,mask2former_swinb_cityscapes,acdc_night_targetcal100,27
,,,0.9999616292754507,736,True,0.13596856218215442,0.1359685621821544,0.20209141075611115,28.94334975369458,725.0,103,226.0,25.0,0.11061946902654868,0.07167487684729057,False,0.15,0.0625,0.0,,,5,bicycle,0.2,0.5,heuristic,mask2former_swinb_cityscapes,acdc_night_targetcal100,27
,,,,-1,True,,0.877011095700416,0.000609491893555969,,,406,,,0.8628318584070797,,False,,,,,,5,bicycle,0.2,0.5,argmax,mask2former_swinb_cityscapes,acdc_night_targetcal100,27
,,,0.9999487138616009,715,True,0.04425814649695247,0.04425814649695247,0.3196573555469513,29.02216748768473,700.0,201,684.0,26.0,0.038011695906432746,0.07093596059113294,False,0.05183585313174946,0.010416666666666666,0.0,,,6,person,0.05,0.1,region_crc,mask2former_swinb_cityscapes,acdc_night_targetcal100,46
,,,0.9996500548329716,576,True,0.1111418018134436,0.1111418018134436,0.131344273686409,25.20689655172414,575.0,201,684.0,76.0,0.1111111111111111,0.08384236453201965,False,0.15334773218142547,0.026041666666666668,0.0,,,6,person,0.05,0.1,heuristic,mask2former_swinb_cityscapes,acdc_night_targetcal100,46
,,,,-1,True,,0.5197445727296475,0.0054478514939546585,,,406,,,0.4853801169590643,,False,,,,,,6,person,0.05,0.1,argmax,mask2former_swinb_cityscapes,acdc_night_targetcal100,46
,,,0.9995450119398499,557,True,0.12353438435527989,0.12353438435527989,0.11540021747350693,24.00985221674877,550.0,201,684.0,87.0,0.12719298245614036,0.06965517241379315,False,0.1771058315334773,0.026041666666666668,0.0,,,6,person,0.1,0.1,region_crc,mask2former_swinb_cityscapes,acdc_night_targetcal100,46
,,,0.9995322648587128,555,True,0.12353438435527989,0.12353438435527989,0.11399054527282715,24.00985221674877,550.0,201,684.0,87.0,0.12719298245614036,0.07458128078817738,False,0.1771058315334773,0.026041666666666668,0.0,,,6,person,0.1,0.1,heuristic,mask2former_swinb_cityscapes,acdc_night_targetcal100,46
,,,,-1,True,,0.5197445727296475,0.0054478514939546585,,,406,,,0.4853801169590643,,False,,,,,,6,person,0.1,0.1,argmax,mask2former_swinb_cityscapes,acdc_night_targetcal100,46
,,,0.9956748616896499,394,True,0.22158727121413688,0.22158727121413688,0.03773666173219681,11.448275862068966,375.0,201,684.0,153.0,0.2236842105263158,0.05724137931034484,False,0.30885529157667385,0.052083333333333336,0.0,,,6,person,0.2,0.1,region_crc,mask2former_swinb_cityscapes,acdc_night_targetcal100,46
,,,0.9912501622477257,343,True,0.2616842803409968,0.2616842803409967,0.025637241080403328,9.098522167487685,325.0,201,684.0,175.0,0.25584795321637427,0.08689655172413793,False,0.3542116630669546,0.057291666666666664,0.0,,,6,person,0.2,0.1,heuristic,mask2former_swinb_cityscapes,acdc_night_targetcal100,46
,,,,-1,True,,0.5197445727296475,0.0054478514939546585,,,406,,,0.4853801169590643,,False,,,,,,6,person,0.2,0.1,argmax,mask2former_swinb_cityscapes,acdc_night_targetcal100,46
,,,0.999974648713695,766,True,0.045294630742391935,0.045294630742391935,0.4247909188270569,26.086206896551722,750.0,201,684.0,31.0,0.04532163742690058,0.09847290640394091,False,0.058315334773218146,0.020833333333333332,0.0,,,6,person,0.05,0.5,region_crc,mask2former_swinb_cityscapes,acdc_night_targetcal100,46
,,,0.9998723561191188,649,True,0.10878238676746138,0.1087823867674614,0.21169964969158173,28.820197044334975,625.0,201,684.0,71.0,0.10380116959064327,0.07497536945812808,False,0.14254859611231102,0.026041666666666668,0.0,,,6,person,0.05,0.5,heuristic,mask2former_swinb_cityscapes,acdc_night_targetcal100,46
,,,,-1,True,,0.5992545458963369,0.0054478514939546585,,,406,,,0.5672514619883041,,False,,,,,,6,person,0.05,0.5,argmax,mask2former_swinb_cityscapes,acdc_night_targetcal100,46
,,,0.9998651037117409,645,True,0.11375751114557084,0.11375751114557085,0.20548443496227264,28.820197044334975,625.0,201,684.0,72.0,0.10526315789473684,0.08004926108374383,False,0.1447084233261339,0.026041666666666668,0.0,,,6,person,0.1,0.5,region_crc,mask2former_swinb_cityscapes,acdc_night_targetcal100,46
,,,0.9996909704567486,585,True,0.15144030927613017,0.15144030927613017,0.13855190575122833,25.20689655172414,575.0,201,684.0,100.0,0.14619883040935672,0.08906403940886698,False,0.20302375809935205,0.03125,0.0,,,6,person,0.1,0.5,heuristic,mask2former_swinb_cityscapes,acdc_night_targetcal100,46
,,,,-1,True,,0.5992545458963369,0.0054478514939546585,,,406,,,0.5672514619883041,,False,,,,,,6,person,0.1,0.5,argmax,mask2former_swinb_cityscapes,acdc_night_targetcal100,46
,,,0.9982380239535884,459,True,0.24194262067396397,0.24194262067396397,0.06009463593363762,16.09605911330049,450.0,201,684.0,163.0,0.23830409356725146,0.055467980295566544,False,0.32397408207343414,0.0625,0.034482758620689655,,,6,person,0.2,0.5,region_crc,mask2former_swinb_cityscapes,acdc_night_targetcal100,46
,,,0.9955536873253089,392,True,0.2843370007549112,0.2843370007549112,0.037220537662506104,11.448275862068966,375.0,201,684.0,193.0,0.2821637426900585,0.05477832512315267,False,0.38228941684665224,0.078125,0.034482758620689655,,,6,person,0.2,0.5,heuristic,mask2former_swinb_cityscapes,acdc_night_targetcal100,46
,,,,-1,True,,0.5992545458963369,0.0054478514939546585,,,406,,,0.5672514619883041,,False,,,,,,6,person,0.2,0.5,argmax,mask2former_swinb_cityscapes,acdc_night_targetcal100,46
,,,0.9999827813142501,794,True,0.037037037037037035,0.037037037037037035,0.32429203391075134,27.15024630541872,775.0,117,152.0,5.0,0.03289473684210526,0.07290640394088665,False,0.043859649122807015,0.0,0.0,,,6,rider,0.05,0.1,region_crc,mask2former_swinb_cityscapes,acdc_night_targetcal100,29
,,,0.9999827813142501,794,True,0.037037037037037035,0.037037037037037035,0.32429203391075134,27.15024630541872,775.0,117,152.0,5.0,0.03289473684210526,0.07290640394088665,False,0.043859649122807015,0.0,0.0,,,6,rider,0.05,0.1,heuristic,mask2former_swinb_cityscapes,acdc_night_targetcal100,29
,,,,-1,True,,0.7877492877492878,0.0004198072711005807,,,406,,,0.7894736842105263,,False,,,,,,6,rider,0.05,0.1,argmax,mask2former_swinb_cityscapes,acdc_night_targetcal100,29
,,,0.9999465435640603,712,True,0.07122507122507121,0.07122507122507121,0.18258704245090485,25.899014778325125,700.0,117,152.0,10.0,0.06578947368421052,0.08438423645320198,False,0.08771929824561403,0.0,0.0,,,6,rider,0.1,0.1,region_crc,mask2former_swinb_cityscapes,acdc_night_targetcal100,29
,,,0.9998171899783858,623,True,0.16096866096866097,0.16096866096866097,0.09659293293952942,19.386699507389164,600.0,117,152.0,24.0,0.15789473684210525,0.07950738916256161,False,0.20175438596491227,0.03333333333333333,0.0,,,6,rider,0.1,0.1,heuristic,mask2former_swinb_cityscapes,acdc_night_targetcal100,29
,,,,-1,True,,0.7877492877492878,0.0004198072711005807,,,406,,,0.7894736842105263,,False,,,,,,6,rider,0.1,0.1,argmax,mask2former_swinb_cityscapes,acdc_night_targetcal100,29
,,,0.9997271022217192,594,True,0.17806267806267806,0.17806267806267806,0.07750333100557327,17.549261083743843,575.0,117,152.0,26.0,0.17105263157894737,0.0695073891625616,False,0.21052631578947367,0.06666666666666667,0.0,,,6,rider,0.2,0.1,region_crc,mask2former_swinb_cityscapes,acdc_night_targetcal100,29
,,,0.9994847713554182,548,True,0.21225071225071224,0.21225071225071226,0.05525834113359451,14.078817733990148,525.0,117,152.0,30.0,0.19736842105263158,0.05142857142857138,False,0.23684210526315788,0.1,0.0,,,6,rider,0.2,0.1,heuristic,mask2former_swinb_cityscapes,acdc_night_targetcal100,29
,,,,-1,True,,0.7877492877492878,0.0004198072711005807,,,406,,,0.7894736842105263,,False,,,,,,6,rider,0.2,0.1,argmax,mask2former_swinb_cityscapes,acdc_night_targetcal100,29
,,,0.9999890855966355,827,True,0.05413105413105413,0.05413105413105413,0.3987322151660919,23.485221674876847,825.0,117,152.0,8.0,0.05263157894736842,0.09438423645320193,False,0.06140350877192982,0.03333333333333333,0.0,,,6,rider,0.05,0.5,region_crc,mask2former_swinb_cityscapes,acdc_night_targetcal100,29
,,,0.9999890855966355,827,True,0.05413105413105413,0.05413105413105413,0.3987322151660919,23.485221674876847,825.0,117,152.0,8.0,0.05263157894736842,0.09438423645320193,False,0.06140350877192982,0.03333333333333333,0.0,,,6,rider,0.05,0.5,heuristic,mask2former_swinb_cityscapes,acdc_night_targetcal100,29
,,,,-1,True,,0.8262108262108262,0.0004198072711005807,,,406,,,0.8289473684210527,,False,,,,,,6,rider,0.05,0.5,argmax,mask2former_swinb_cityscapes,acdc_night_targetcal100,29
,,,0.9999626749842204,738,True,0.10113960113960113,0.10113960113960113,0.2174280434846878,26.980295566502463,725.0,117,152.0,14.0,0.09210526315789473,0.07004926108374382,False,0.11403508771929824,0.03333333333333333,0.0,,,6,rider,0.1,0.5,region_crc,mask2former_swinb_cityscapes,acdc_night_targetcal100,29
,,,0.999893340387877,662,True,0.17806267806267806,0.17806267806267806,0.12977641820907593,23.24384236453202,650.0,117,152.0,26.0,0.17105263157894737,0.0640394088669951,False,0.21929824561403508,0.03333333333333333,0.0,,,6,rider,0.1,0.5,heuristic,mask2former_swinb_cityscapes,acdc_night_targetcal100,29
,,,,-1,True,,0.8262108262108262,0.0004198072711005807,,,406,,,0.8289473684210527,,False,,,,,,6,rider,0.1,0.5,argmax,mask2former_swinb_cityscapes,acdc_night_targetcal100,29
,,,0.9998293917610996,628,True,0.2037037037037037,0.2037037037037037,0.1004767194390297,21.342364532019705,625.0,117,152.0,29.0,0.19078947368421054,0.09182266009852214,False,0.22807017543859648,0.1,0.0,,,6,rider,0.2,0.5,region_crc,mask2former_swinb_cityscapes,acdc_night_targetcal100,29
,,,0.9998293917610996,628,True,0.2037037037037037,0.2037037037037037,0.1004767194390297,21.342364532019705,625.0,117,152.0,29.0,0.19078947368421054,0.09182266009852214,False,0.22807017543859648,0.1,0.0,,,6,rider,0.2,0.5,heuristic,mask2former_swinb_cityscapes,acdc_night_targetcal100,29
,,,,-1,True,,0.8262108262108262,0.0004198072711005807,,,406,,,0.8289473684210527,,False,,,,,,6,rider,0.2,0.5,argmax,mask2former_swinb_cityscapes,acdc_night_targetcal100,29
,,,0.9999896723859424,831,True,0.027014652014652012,0.027014652014652012,0.37623903155326843,26.635467980295566,825.0,104,245.0,5.0,0.02040816326530612,0.06827586206896552,False,0.034013605442176874,0.0,0.0,,,6,bicycle,0.05,0.1,region_crc,mask2former_swinb_cityscapes,acdc_night_targetcal100,26
,,,0.9999621557415282,737,True,0.08337912087912087,0.08337912087912087,0.19998236000537872,29.70935960591133,725.0,104,245.0,19.0,0.07755102040816327,0.0532512315270936,False,0.10884353741496598,0.041666666666666664,0.0,,,6,bicycle,0.05,0.1,heuristic,mask2former_swinb_cityscapes,acdc_night_targetcal100,26
,,,,-1,True,,0.8291857448107448,0.0006515417480841279,,,406,,,0.8040816326530612,,False,,,,,,6,bicycle,0.05,0.1,argmax,mask2former_swinb_cityscapes,acdc_night_targetcal100,26
,,,0.9999605542697925,734,True,0.08658424908424907,0.08658424908424908,0.19529224932193756,29.70935960591133,725.0,104,245.0,20.0,0.08163265306122448,0.04832512315270937,False,0.11564625850340136,0.041666666666666664,0.0,,,6,bicycle,0.1,0.1,region_crc,mask2former_swinb_cityscapes,acdc_night_targetcal100,26
,,,0.9999605542697925,734,True,0.08658424908424907,0.08658424908424908,0.19529224932193756,29.70935960591133,725.0,104,245.0,20.0,0.08163265306122448,0.04832512315270937,False,0.11564625850340136,0.041666666666666664,0.0,,,6,bicycle,0.1,0.1,heuristic,mask2former_swinb_cityscapes,acdc_night_targetcal100,26
,,,,-1,True,,0.8291857448107448,0.0006515417480841279,,,406,,,0.8040816326530612,,False,,,,,,6,bicycle,0.1,0.1,argmax,mask2former_swinb_cityscapes,acdc_night_targetcal100,26
,,,0.9996091591042076,568,True,0.2978937728937729,0.2978937728937729,0.04792427644133568,15.724137931034482,550.0,104,245.0,68.0,0.27755102040816326,0.06645320197044335,False,0.38095238095238093,0.1388888888888889,0.07692307692307693,,,6,bicycle,0.2,0.1,region_crc,mask2former_swinb_cityscapes,acdc_night_targetcal100,26
,,,0.9995926197221959,565,True,0.2978937728937729,0.2978937728937729,0.04643972963094711,15.724137931034482,550.0,104,245.0,68.0,0.27755102040816326,0.06527093596059114,False,0.38095238095238093,0.1388888888888889,0.07692307692307693,,,6,bicycle,0.2,0.1,heuristic,mask2former_swinb_cityscapes,acdc_night_targetcal100,26
,,,,-1,True,,0.8291857448107448,0.0006515417480841279,,,406,,,0.8040816326530612,,False,,,,,,6,bicycle,0.2,0.1,argmax,mask2former_swinb_cityscapes,acdc_night_targetcal100,26
,,,0.999991488619618,845,True,0.045215201465201464,0.045215201465201464,0.411793977022171,26.635467980295566,825.0,104,245.0,9.0,0.036734693877551024,0.07709359605911337,False,0.05442176870748299,0.013888888888888888,0.0,,,6,bicycle,0.05,0.5,region_crc,mask2former_swinb_cityscapes,acdc_night_targetcal100,26
,,,0.9999799552797264,783,True,0.08848443223443224,0.08848443223443224,0.27540865540504456,29.667487684729064,775.0,104,245.0,17.0,0.06938775510204082,0.04571428571428571,False,0.08843537414965986,0.05555555555555555,0.0,,,6,bicycle,0.05,0.5,heuristic,mask2former_swinb_cityscapes,acdc_night_targetcal100,26
,,,,-1,True,,0.8759500915750917,0.0006515417480841279,,,406,,,0.8571428571428571,,False,,,,,,6,bicycle,0.05,0.5,argmax,mask2former_swinb_cityscapes,acdc_night_targetcal100,26
,,,0.9999742960421724,765,True,0.11206501831501832,0.11206501831501832,0.24118274450302124,30.007389162561577,750.0,104,245.0,23.0,0.09387755102040816,0.07699507389162563,False,0.11564625850340136,0.08333333333333333,0.0,,,6,bicycle,0.1,0.5,region_crc,mask2former_swinb_cityscapes,acdc_night_targetcal100,26
,,,0.9999616292754507,736,True,0.15629578754578752,0.15629578754578752,0.1985791176557541,29.70935960591133,725.0,104,245.0,30.0,0.12244897959183673,0.0532512315270936,False,0.16326530612244897,0.08333333333333333,0.0,,,6,bicycle,0.1,0.5,heuristic,mask2former_swinb_cityscapes,acdc_night_targetcal100,26
,,,,-1,True,,0.8759500915750917,0.0006515417480841279,,,406,,,0.8571428571428571,,False,,,,,,6,bicycle,0.1,0.5,argmax,mask2former_swinb_cityscapes,acdc_night_targetcal100,26
,,,0.9997194566362049,592,True,0.3231456043956044,0.32314560439560436,0.059023965150117874,18.064039408866996,575.0,104,245.0,75.0,0.30612244897959184,0.05374384236453206,False,0.3877551020408163,0.20833333333333334,0.11538461538461539,,,6,bicycle,0.2,0.5,region_crc,mask2former_swinb_cityscapes,acdc_night_targetcal100,26
,,,0.9997115968496874,590,True,0.3231456043956044,0.32314560439560436,0.058002717792987823,18.064039408866996,575.0,104,245.0,75.0,0.30612244897959184,0.05418719211822659,False,0.3877551020408163,0.20833333333333334,0.11538461538461539,,,6,bicycle,0.2,0.5,heuristic,mask2former_swinb_cityscapes,acdc_night_targetcal100,26
,,,,-1,True,,0.8759500915750917,0.0006515417480841279,,,406,,,0.8571428571428571,,False,,,,,,6,bicycle,0.2,0.5,argmax,mask2former_swinb_cityscapes,acdc_night_targetcal100,26
,,,0.999986196157354,810,True,0.01128787878787879,0.01128787878787879,0.5139088034629822,21.076354679802957,800.0,200,654.0,5.0,0.00764525993883792,0.0810837438423645,False,0.011286681715575621,0.0,0.0,,,7,person,0.05,0.1,region_crc,mask2former_swinb_cityscapes,acdc_night_targetcal100,47
,,,0.9999812931785963,788,True,0.013668831168831169,0.013668831168831169,0.4700906574726105,23.839901477832512,775.0,200,654.0,7.0,0.010703363914373088,0.08950738916256157,False,0.01580135440180587,0.0,0.0,,,7,person,0.05,0.1,heuristic,mask2former_swinb_cityscapes,acdc_night_targetcal100,47
,,,,-1,True,,0.49749859862359863,0.005400016438215971,,,406,,,0.4785932721712538,,False,,,,,,7,person,0.05,0.1,argmax,mask2former_swinb_cityscapes,acdc_night_targetcal100,47
,,,0.9996402506648443,574,True,0.10620129870129871,0.10620129870129869,0.12738534808158875,23.625615763546797,550.0,200,654.0,72.0,0.11009174311926606,0.0800985221674877,False,0.15124153498871332,0.026881720430107527,0.0,,,7,person,0.1,0.1,region_crc,mask2former_swinb_cityscapes,acdc_night_targetcal100,47
,,,0.9996402506648443,574,True,0.10620129870129871,0.10620129870129869,0.12738534808158875,23.625615763546797,550.0,200,654.0,72.0,0.11009174311926606,0.0800985221674877,False,0.15124153498871332,0.026881720430107527,0.0,,,7,person,0.1,0.1,heuristic,mask2former_swinb_cityscapes,acdc_night_targetcal100,47
,,,,-1,True,,0.49749859862359863,0.005400016438215971,,,406,,,0.4785932721712538,,False,,,,,,7,person,0.1,0.1,argmax,mask2former_swinb_cityscapes,acdc_night_targetcal100,47
,,,0.9978322958951803,444,True,0.189663856976357,0.189663856976357,0.05662417784333229,14.514778325123153,425.0,200,654.0,118.0,0.18042813455657492,0.06300492610837438,False,0.2505643340857788,0.03763440860215054,0.0,,,7,person,0.2,0.1,region_crc,mask2former_swinb_cityscapes,acdc_night_targetcal100,47
,,,0.9975111426817176,434,True,0.19371941253191252,0.19371941253191252,0.053181182593107224,14.514778325123153,425.0,200,654.0,121.0,0.18501529051987767,0.06921182266009857,False,0.255079006772009,0.043010752688172046,0.0,,,7,person,0.2,0.1,heuristic,mask2former_swinb_cityscapes,acdc_night_targetcal100,47
,,,,-1,True,,0.49749859862359863,0.005400016438215971,,,406,,,0.4785932721712538,,False,,,,,,7,person,0.2,0.1,argmax,mask2former_swinb_cityscapes,acdc_night_targetcal100,47
,,,0.9999899538420972,833,True,0.018043831168831168,0.018043831168831168,0.5548590421676636,19.08374384236453,825.0,200,654.0,11.0,0.016819571865443424,0.11369458128078813,False,0.020316027088036117,0.010752688172043012,0.0,,,7,person,0.05,0.5,region_crc,mask2former_swinb_cityscapes,acdc_night_targetcal100,47
,,,0.9999895287145195,830,True,0.018043831168831168,0.018043831168831168,0.5501012802124023,19.08374384236453,825.0,200,654.0,11.0,0.016819571865443424,0.1161576354679803,False,0.020316027088036117,0.010752688172043012,0.0,,,7,person,0.05,0.5,heuristic,mask2former_swinb_cityscapes,acdc_night_targetcal100,47
,,,,-1,True,,0.5836207681207681,0.005400016438215971,,,406,,,0.5642201834862385,,False,,,,,,7,person,0.05,0.5,argmax,mask2former_swinb_cityscapes,acdc_night_targetcal100,47
,,,0.9999465435640603,712,True,0.07015936147186147,0.07015936147186147,0.3090784549713135,28.470443349753694,700.0,200,654.0,48.0,0.07339449541284404,0.08532019704433491,False,0.09706546275395034,0.026881720430107527,0.0,,,7,person,0.1,0.5,region_crc,mask2former_swinb_cityscapes,acdc_night_targetcal100,47
,,,0.9998246119498159,626,True,0.11697402597402597,0.11697402597402597,0.17715585231781006,28.224137931034484,625.0,200,654.0,78.0,0.11926605504587157,0.06226600985221675,False,0.16478555304740405,0.026881720430107527,0.0,,,7,person,0.1,0.5,heuristic,mask2former_swinb_cityscapes,acdc_night_targetcal100,47
,,,,-1,True,,0.5836207681207681,0.005400016438215971,,,406,,,0.5642201834862385,,False,,,,,,7,person,0.1,0.5,argmax,mask2former_swinb_cityscapes,acdc_night_targetcal100,47
,,,0.9985678121007264,474,True,0.21657258713508717,0.2165725871350871,0.0679498240351677,15.982758620689655,450.0,200,654.0,135.0,0.20642201834862386,0.0675862068965517,False,0.2866817155756208,0.043010752688172046,0.0,,,7,person,0.2,0.5,region_crc,mask2former_swinb_cityscapes,acdc_night_targetcal100,47
,,,0.9985678121007264,474,True,0.21657258713508717,0.2165725871350871,0.0679498240351677,15.982758620689655,450.0,200,654.0,135.0,0.20642201834862386,0.0675862068965517,False,0.2866817155756208,0.043010752688172046,0.0,,,7,person,0.2,0.5,heuristic,mask2former_swinb_cityscapes,acdc_night_targetcal100,47
,,,,-1,True,,0.5836207681207681,0.005400016438215971,,,406,,,0.5642201834862385,,False,,,,,,7,person,0.2,0.5,argmax,mask2former_swinb_cityscapes,acdc_night_targetcal100,47
,,,0.9999651662684964,743,True,0.06811594202898551,0.06811594202898551,0.22671249508857727,26.157635467980295,725.0,115,155.0,9.0,0.05806451612903226,0.05980295566502464,False,0.07894736842105263,0.0,0.0,,,7,rider,0.05,0.1,region_crc,mask2former_swinb_cityscapes,acdc_night_targetcal100,31
,,,0.9997271022217192,594,True,0.19855072463768114,0.19855072463768117,0.07948470115661621,17.532019704433498,575.0,115,155.0,29.0,0.1870967741935484,0.05975369458128077,False,0.23684210526315788,0.058823529411764705,0.0,,,7,rider,0.05,0.1,heuristic,mask2former_swinb_cityscapes,acdc_night_targetcal100,31
,,,,-1,True,,0.7840579710144927,0.00032364053186029196,,,406,,,0.8,,False,,,,,,7,rider,0.05,0.1,argmax,mask2former_swinb_cityscapes,acdc_night_targetcal100,31
,,,0.9997271022217192,594,True,0.19855072463768114,0.19855072463768117,0.07948470115661621,17.532019704433498,575.0,115,155.0,29.0,0.1870967741935484,0.05975369458128077,False,0.23684210526315788,0.058823529411764705,0.0,,,7,rider,0.1,0.1,region_crc,mask2former_swinb_cityscapes,acdc_night_targetcal100,31
,,,0.9996866714275684,584,True,0.2072463768115942,0.20724637681159422,0.0739118903875351,17.532019704433498,575.0,115,155.0,30.0,0.1935483870967742,0.06842364532019707,False,0.24561403508771928,0.058823529411764705,0.0,,,7,rider,0.1,0.1,heuristic,mask2former_swinb_cityscapes,acdc_night_targetcal100,31
,,,,-1,True,,0.7840579710144927,0.00032364053186029196,,,406,,,0.8,,False,,,,,,7,rider,0.1,0.1,argmax,mask2former_swinb_cityscapes,acdc_night_targetcal100,31
,,,0.9990405993684841,503,True,0.2753623188405797,0.2753623188405797,0.04149515926837921,12.514778325123153,500.0,115,155.0,42.0,0.2709677419354839,0.08064039408866996,False,0.32456140350877194,0.14705882352941177,0.0,,,7,rider,0.2,0.1,region_crc,mask2former_swinb_cityscapes,acdc_night_targetcal100,31
,,,0.9989860886142633,499,True,0.2753623188405797,0.2753623188405797,0.04038093984127045,10.923645320197044,475.0,115,155.0,42.0,0.2709677419354839,0.07965517241379311,False,0.32456140350877194,0.14705882352941177,0.0,,,7,rider,0.2,0.1,heuristic,mask2former_swinb_cityscapes,acdc_night_targetcal100,31
,,,,-1,True,,0.7840579710144927,0.00032364053186029196,,,406,,,0.8,,False,,,,,,7,rider,0.2,0.1,argmax,mask2former_swinb_cityscapes,acdc_night_targetcal100,31
,,,0.9999815498458082,789,True,0.08115942028985508,0.08115942028985507,0.31241393089294434,27.07881773399015,775.0,115,155.0,11.0,0.07096774193548387,0.047733990147783234,False,0.08771929824561403,0.029411764705882353,0.0,,,7,rider,0.05,0.5,region_crc,mask2former_swinb_cityscapes,acdc_night_targetcal100,31
,,,0.999893340387877,662,True,0.1898550724637681,0.18985507246376815,0.1291741579771042,22.899014778325125,650.0,115,155.0,28.0,0.18064516129032257,0.049901477832512364,False,0.23684210526315788,0.029411764705882353,0.0,,,7,rider,0.05,0.5,heuristic,mask2former_swinb_cityscapes,acdc_night_targetcal100,31
,,,,-1,True,,0.8492753623188405,0.00032364053186029196,,,406,,,0.864516129032258,,False,,,,,,7,rider,0.05,0.5,argmax,mask2former_swinb_cityscapes,acdc_night_targetcal100,31
,,,0.999893340387877,662,True,0.1898550724637681,0.18985507246376815,0.1291741579771042,22.899014778325125,650.0,115,155.0,28.0,0.18064516129032257,0.049901477832512364,False,0.23684210526315788,0.029411764705882353,0.0,,,7,rider,0.1,0.5,region_crc,mask2former_swinb_cityscapes,acdc_night_targetcal100,31
,,,0.9998246119498159,626,True,0.24637681159420288,0.2463768115942029,0.10055452585220337,21.007389162561577,625.0,115,155.0,35.0,0.22580645161290322,0.07901477832512316,False,0.2719298245614035,0.11764705882352941,0.0,,,7,rider,0.1,0.5,heuristic,mask2former_swinb_cityscapes,acdc_night_targetcal100,31
,,,,-1,True,,0.8492753623188405,0.00032364053186029196,,,406,,,0.864516129032258,,False,,,,,,7,rider,0.1,0.5,argmax,mask2former_swinb_cityscapes,acdc_night_targetcal100,31
,,,0.9996734121678277,581,True,0.2623188405797101,0.26231884057971017,0.07257594168186188,17.532019704433498,575.0,115,155.0,38.0,0.24516129032258063,0.05857142857142861,False,0.2719298245614035,0.20588235294117646,0.0,,,7,rider,0.2,0.5,region_crc,mask2former_swinb_cityscapes,acdc_night_targetcal100,31
,,,0.9994703365561084,546,True,0.26666666666666666,0.26666666666666666,0.05701887980103493,13.958128078817735,525.0,115,155.0,39.0,0.25161290322580643,0.07162561576354681,False,0.2807017543859649,0.20588235294117646,0.0,,,7,rider,0.2,0.5,heuristic,mask2former_swinb_cityscapes,acdc_night_targetcal100,31
,,,,-1,True,,0.8492753623188405,0.00032364053186029196,,,406,,,0.864516129032258,,False,,,,,,7,rider,0.2,0.5,argmax,mask2former_swinb_cityscapes,acdc_night_targetcal100,31
,,,0.9999708928288193,756,True,0.06643990929705215,0.06643990929705215,0.2296188473701477,29.785714285714285,750.0,105,225.0,12.0,0.05333333333333334,0.07492610837438424,False,0.08270676691729323,0.014285714285714285,0.0,,,7,bicycle,0.05,0.1,region_crc,mask2former_swinb_cityscapes,acdc_night_targetcal100,25
,,,0.999897670700772,665,True,0.15469387755102038,0.1546938775510204,0.11454407125711441,24.051724137931036,650.0,105,225.0,29.0,0.1288888888888889,0.06517241379310346,False,0.19548872180451127,0.04285714285714286,0.0,,,7,bicycle,0.05,0.1,heuristic,mask2former_swinb_cityscapes,acdc_night_targetcal100,25
,,,,-1,True,,0.807607709750567,0.0006527687655761838,,,406,,,0.7911111111111111,,False,,,,,,7,bicycle,0.05,0.1,argmax,mask2former_swinb_cityscapes,acdc_night_targetcal100,25
,,,0.9998962471584182,664,True,0.15469387755102038,0.1546938775510204,0.11380872130393982,24.051724137931036,650.0,105,225.0,29.0,0.1288888888888889,0.07009852216748769,False,0.19548872180451127,0.04285714285714286,0.0,,,7,bicycle,0.1,0.1,region_crc,mask2former_swinb_cityscapes,acdc_night_targetcal100,25
,,,0.999868780010098,647,True,0.1642176870748299,0.16421768707482995,0.09804024547338486,21.778325123152708,625.0,105,225.0,33.0,0.14666666666666667,0.08285714285714285,False,0.22556390977443608,0.04285714285714286,0.0,,,7,bicycle,0.1,0.1,heuristic,mask2former_swinb_cityscapes,acdc_night_targetcal100,25
,,,,-1,True,,0.807607709750567,0.0006527687655761838,,,406,,,0.7911111111111111,,False,,,,,,7,bicycle,0.1,0.1,argmax,mask2former_swinb_cityscapes,acdc_night_targetcal100,25
,,,0.9998451183381087,635,True,0.1761224489795918,0.17612244897959184,0.08787257224321365,21.778325123152708,625.0,105,225.0,35.0,0.15555555555555556,0.08960591133004928,False,0.24060150375939848,0.04285714285714286,0.0,,,7,bicycle,0.2,0.1,region_crc,mask2former_swinb_cityscapes,acdc_night_targetcal100,25
,,,0.9998120683183197,621,True,0.1904081632653061,0.19040816326530613,0.07849869877099991,20.10591133004926,600.0,105,225.0,37.0,0.16444444444444445,0.0942857142857143,False,0.24812030075187969,0.05714285714285714,0.0,,,7,bicycle,0.2,0.1,heuristic,mask2former_swinb_cityscapes,acdc_night_targetcal100,25
,,,,-1,True,,0.807607709750567,0.0006527687655761838,,,406,,,0.7911111111111111,,False,,,,,,7,bicycle,0.2,0.1,argmax,mask2former_swinb_cityscapes,acdc_night_targetcal100,25
,,,0.9999946048937749,878,True,0.03333333333333333,0.03333333333333333,0.4880339503288269,22.120689655172413,875.0,105,225.0,4.0,0.017777777777777778,0.05123152709359602,False,0.022556390977443608,0.014285714285714285,0.0,,,7,bicycle,0.05,0.5,region_crc,mask2former_swinb_cityscapes,acdc_night_targetcal100,25
,,,0.9999815498458082,789,True,0.07301587301587302,0.07301587301587302,0.2878166139125824,29.408866995073893,775.0,105,225.0,13.0,0.057777777777777775,0.054088669950738924,False,0.06766917293233082,0.05714285714285714,0.0,,,7,bicycle,0.05,0.5,heuristic,mask2former_swinb_cityscapes,acdc_night_targetcal100,25
,,,,-1,True,,0.8691950113378685,0.0006527687655761838,,,406,,,0.8533333333333334,,False,,,,,,7,bicycle,0.05,0.5,argmax,mask2former_swinb_cityscapes,acdc_night_targetcal100,25
,,,0.9999815498458082,789,True,0.07301587301587302,0.07301587301587302,0.2878166139125824,29.408866995073893,775.0,105,225.0,13.0,0.057777777777777775,0.054088669950738924,False,0.06766917293233082,0.05714285714285714,0.0,,,7,bicycle,0.1,0.5,region_crc,mask2former_swinb_cityscapes,acdc_night_targetcal100,25
,,,0.9999791070386914,780,True,0.08571428571428572,0.08571428571428572,0.2707361578941345,29.408866995073893,775.0,105,225.0,15.0,0.06666666666666667,0.05783251231527098,False,0.08270676691729323,0.05714285714285714,0.0,,,7,bicycle,0.1,0.5,heuristic,mask2former_swinb_cityscapes,acdc_night_targetcal100,25
,,,,-1,True,,0.8691950113378685,0.0006527687655761838,,,406,,,0.8533333333333334,,False,,,,,,7,bicycle,0.1,0.5,argmax,mask2former_swinb_cityscapes,acdc_night_targetcal100,25
,,,0.9999083779509877,673,True,0.18643990929705215,0.18643990929705215,0.12112085521221161,24.051724137931036,650.0,105,225.0,38.0,0.1688888888888889,0.03773399014778325,False,0.24812030075187969,0.07142857142857142,0.0,,,7,bicycle,0.2,0.5,region_crc,mask2former_swinb_cityscapes,acdc_night_targetcal100,25
,,,0.9999045007413978,670,True,0.19120181405895692,0.19120181405895692,0.11847302317619324,24.051724137931036,650.0,105,225.0,39.0,0.17333333333333334,0.04467980295566504,False,0.2556390977443609,0.07142857142857142,0.0,,,7,bicycle,0.2,0.5,heuristic,mask2former_swinb_cityscapes,acdc_night_targetcal100,25
,,,,-1,True,,0.8691950113378685,0.0006527687655761838,,,406,,,0.8533333333333334,,False,,,,,,7,bicycle,0.2,0.5,argmax,mask2former_swinb_cityscapes,acdc_night_targetcal100,25
,,,0.9999058110403477,671,True,0.06897154001114397,0.06897154001114397,0.24022215604782104,29.682266009852217,650.0,202,684.0,42.0,0.06140350877192982,0.08596059113300492,False,0.0815450643776824,0.020618556701030927,0.0,,,8,person,0.05,0.1,region_crc,mask2former_swinb_cityscapes,acdc_night_targetcal100,45
,,,0.999897670700772,665,True,0.07412830568771162,0.07412830568771163,0.23059281706809998,29.682266009852217,650.0,202,684.0,46.0,0.06725146198830409,0.08970443349753698,False,0.09012875536480687,0.020618556701030927,0.0,,,8,person,0.05,0.1,heuristic,mask2former_swinb_cityscapes,acdc_night_targetcal100,45
,,,,-1,True,,0.4879663378425754,0.0052843233570456505,,,406,,,0.4692982456140351,,False,,,,,,8,person,0.05,0.1,argmax,mask2former_swinb_cityscapes,acdc_night_targetcal100,45
,,,0.9996500548329716,576,True,0.10399093480776647,0.10399093480776647,0.12857234477996826,24.72906403940887,575.0,202,684.0,72.0,0.10526315789473684,0.10541871921182266,False,0.14377682403433475,0.02577319587628866,0.0,,,8,person,0.1,0.1,region_crc,mask2former_swinb_cityscapes,acdc_night_targetcal100,45
,,,0.9993748273072243,534,True,0.14435086365779434,0.14435086365779434,0.0978984460234642,21.76847290640394,525.0,202,684.0,99.0,0.14473684210526316,0.07990147783251234,False,0.2017167381974249,0.02577319587628866,0.0,,,8,person,0.1,0.1,heuristic,mask2former_swinb_cityscapes,acdc_night_targetcal100,45
,,,,-1,True,,0.4879663378425754,0.0052843233570456505,,,406,,,0.4692982456140351,,False,,,,,,8,person,0.1,0.1,argmax,mask2former_swinb_cityscapes,acdc_night_targetcal100,45
,,,0.9961274235507839,402,True,0.2196880402325947,0.2196880402325947,0.04084021598100662,12.899014778325123,400.0,202,684.0,148.0,0.21637426900584794,0.08083743842364532,False,0.296137339055794,0.05154639175257732,0.0,,,8,person,0.2,0.1,region_crc,mask2former_swinb_cityscapes,acdc_night_targetcal100,45
,,,0.9921657035723379,351,True,0.25326514794336574,0.25326514794336574,0.028204087167978287,10.231527093596059,350.0,202,684.0,166.0,0.24269005847953215,0.07182266009852212,False,0.33261802575107297,0.05670103092783505,0.0,,,8,person,0.2,0.1,heuristic,mask2former_swinb_cityscapes,acdc_night_targetcal100,45
,,,,-1,True,,0.4879663378425754,0.0052843233570456505,,,406,,,0.4692982456140351,,False,,,,,,8,person,0.2,0.1,argmax,mask2former_swinb_cityscapes,acdc_night_targetcal100,45
,,,0.9999435063025188,708,True,0.0867070635634992,0.0867070635634992,0.3073100447654724,28.70935960591133,700.0,202,684.0,54.0,0.07894736842105263,0.13763546798029552,False,0.10515021459227468,0.02577319587628866,0.0,,,8,person,0.05,0.5,region_crc,mask2former_swinb_cityscapes,acdc_night_targetcal100,45
,,,0.9999244907772334,687,True,0.0940149372080065,0.0940149372080065,0.2701966166496277,29.391625615763548,675.0,202,684.0,58.0,0.0847953216374269,0.10911330049261087,False,0.11373390557939914,0.02577319587628866,0.0,,,8,person,0.05,0.5,heuristic,mask2former_swinb_cityscapes,acdc_night_targetcal100,45
,,,,-1,True,,0.5792964186528544,0.0052843233570456505,,,406,,,0.5628654970760234,,False,,,,,,8,person,0.05,0.5,argmax,mask2former_swinb_cityscapes,acdc_night_targetcal100,45
,,,0.999819698225914,624,True,0.12305409112339805,0.12305409112339805,0.17298464477062225,26.901477832512317,600.0,202,684.0,80.0,0.11695906432748537,0.07182266009852215,False,0.1609442060085837,0.02577319587628866,0.0,,,8,person,0.1,0.5,region_crc,mask2former_swinb_cityscapes,acdc_night_targetcal100,45
,,,0.9998041155326494,618,True,0.13089237495178088,0.13089237495178088,0.16679979860782623,26.901477832512317,600.0,202,684.0,83.0,0.12134502923976608,0.08660098522167486,False,0.16738197424892703,0.02577319587628866,0.0,,,8,person,0.1,0.5,heuristic,mask2former_swinb_cityscapes,acdc_night_targetcal100,45
,,,,-1,True,,0.5792964186528544,0.0052843233570456505,,,406,,,0.5628654970760234,,False,,,,,,8,person,0.1,0.5,argmax,mask2former_swinb_cityscapes,acdc_night_targetcal100,45
,,,0.9984440343683949,468,True,0.2290752289514666,0.2290752289514666,0.06328525394201279,15.980295566502463,450.0,202,684.0,151.0,0.22076023391812866,0.09379310344827585,False,0.2982832618025751,0.05670103092783505,0.041666666666666664,,,8,person,0.2,0.5,region_crc,mask2former_swinb_cityscapes,acdc_night_targetcal100,45
,,,0.997740564229779,441,True,0.24335719286214333,0.24335719286214333,0.0535808801651001,14.573891625615763,425.0,202,684.0,163.0,0.23830409356725146,0.07403940886699512,False,0.3240343347639485,0.05670103092783505,0.041666666666666664,,,8,person,0.2,0.5,heuristic,mask2former_swinb_cityscapes,acdc_night_targetcal100,45
,,,,-1,True,,0.5792964186528544,0.0052843233570456505,,,406,,,0.5628654970760234,,False,,,,,,8,person,0.2,0.5,argmax,mask2former_swinb_cityscapes,acdc_night_targetcal100,45
,,,0.9999045007413978,670,True,0.12463768115942028,0.12463768115942028,0.13651706278324127,23.226600985221676,650.0,115,156.0,19.0,0.12179487179487179,0.08689655172413793,False,0.1623931623931624,0.0,0.0,,,8,rider,0.05,0.1,region_crc,mask2former_swinb_cityscapes,acdc_night_targetcal100,31
,,,0.9998775383800735,652,True,0.15507246376811593,0.15507246376811593,0.12093108147382736,23.226600985221676,650.0,115,156.0,24.0,0.15384615384615385,0.10266009852216748,False,0.20512820512820512,0.0,0.0,,,8,rider,0.05,0.1,heuristic,mask2former_swinb_cityscapes,acdc_night_targetcal100,31
,,,,-1,True,,0.7623188405797101,0.00041391330887563527,,,406,,,0.7756410256410257,,False,,,,,,8,rider,0.05,0.1,argmax,mask2former_swinb_cityscapes,acdc_night_targetcal100,31
,,,0.9995982091891511,566,True,0.22028985507246376,0.2202898550724638,0.06367704272270203,15.583743842364532,550.0,115,156.0,32.0,0.20512820512820512,0.09433497536945817,False,0.2564102564102564,0.0625,0.0,,,8,rider,0.1,0.1,region_crc,mask2former_swinb_cityscapes,acdc_night_targetcal100,31
,,,0.9995386824254396,556,True,0.22028985507246376,0.2202898550724638,0.059342071413993835,15.583743842364532,550.0,115,156.0,32.0,0.20512820512820512,0.09896551724137931,False,0.2564102564102564,0.0625,0.0,,,8,rider,0.1,0.1,heuristic,mask2former_swinb_cityscapes,acdc_night_targetcal100,31
,,,,-1,True,,0.7623188405797101,0.00041391330887563527,,,406,,,0.7756410256410257,,False,,,,,,8,rider,0.1,0.1,argmax,mask2former_swinb_cityscapes,acdc_night_targetcal100,31
,,,0.9981379128633371,455,True,0.3159420289855072,0.3159420289855073,0.026453524827957153,9.05911330049261,450.0,115,156.0,50.0,0.32051282051282054,0.091871921182266,False,0.38461538461538464,0.15625,0.0,,,8,rider,0.2,0.1,region_crc,mask2former_swinb_cityscapes,acdc_night_targetcal100,31
,,,0.9981120086509037,454,True,0.3159420289855072,0.3159420289855073,0.026110127568244934,9.05911330049261,450.0,115,156.0,50.0,0.32051282051282054,0.09256157635467976,False,0.38461538461538464,0.15625,0.0,,,8,rider,0.2,0.1,heuristic,mask2former_swinb_cityscapes,acdc_night_targetcal100,31
,,,,-1,True,,0.7623188405797101,0.00041391330887563527,,,406,,,0.7756410256410257,,False,,,,,,8,rider,0.2,0.1,argmax,mask2former_swinb_cityscapes,acdc_night_targetcal100,31
,,,0.9999314511773547,694,True,0.1507246376811594,0.1507246376811594,0.160429909825325,24.167487684729064,675.0,115,156.0,22.0,0.14102564102564102,0.07517241379310345,False,0.1794871794871795,0.03125,0.0,,,8,rider,0.05,0.5,region_crc,mask2former_swinb_cityscapes,acdc_night_targetcal100,31
,,,0.9999234403393089,686,True,0.15942028985507245,0.15942028985507245,0.15190795063972473,24.167487684729064,675.0,115,156.0,23.0,0.14743589743589744,0.07472906403940886,False,0.18803418803418803,0.03125,0.0,,,8,rider,0.05,0.5,heuristic,mask2former_swinb_cityscapes,acdc_night_targetcal100,31
,,,,-1,True,,0.8188405797101449,0.00041391330887563527,,,406,,,0.8333333333333334,,False,,,,,,8,rider,0.05,0.5,argmax,mask2former_swinb_cityscapes,acdc_night_targetcal100,31
,,,0.9998293917610996,628,True,0.2333333333333333,0.23333333333333336,0.10073966532945633,21.20935960591133,625.0,115,156.0,34.0,0.21794871794871795,0.1291625615763547,False,0.2564102564102564,0.125,0.0,,,8,rider,0.1,0.5,region_crc,mask2former_swinb_cityscapes,acdc_night_targetcal100,31
,,,0.9997308465196073,595,True,0.2579710144927536,0.25797101449275367,0.07798514515161514,17.514778325123153,575.0,115,156.0,38.0,0.24358974358974358,0.08871921182266007,False,0.27350427350427353,0.1875,0.0,,,8,rider,0.1,0.5,heuristic,mask2former_swinb_cityscapes,acdc_night_targetcal100,31
,,,,-1,True,,0.8188405797101449,0.00041391330887563527,,,406,,,0.8333333333333334,,False,,,,,,8,rider,0.1,0.5,argmax,mask2former_swinb_cityscapes,acdc_night_targetcal100,31
,,,0.9994165548957262,539,True,0.3,0.3,0.05227639153599739,14.01231527093596,525.0,115,156.0,45.0,0.28846153846153844,0.10551724137931034,False,0.3162393162393162,0.25,0.0,,,8,rider,0.2,0.5,region_crc,mask2former_swinb_cityscapes,acdc_night_targetcal100,31
,,,0.9990795504282468,506,True,0.33043478260869563,0.33043478260869563,0.040213316679000854,12.298029556650246,500.0,115,156.0,51.0,0.3269230769230769,0.11522167487684731,False,0.36752136752136755,0.25,0.0,,,8,rider,0.2,0.5,heuristic,mask2former_swinb_cityscapes,acdc_night_targetcal100,31
,,,,-1,True,,0.8188405797101449,0.00041391330887563527,,,406,,,0.8333333333333334,,False,,,,,,8,rider,0.2,0.5,argmax,mask2former_swinb_cityscapes,acdc_night_targetcal100,31
,,,0.9999621557415282,737,True,0.0882131070249882,0.0882131070249882,0.20244188606739044,29.785714285714285,725.0,101,239.0,18.0,0.07531380753138076,0.1229064039408867,False,0.11510791366906475,0.02531645569620253,0.0,,,8,bicycle,0.05,0.1,region_crc,mask2former_swinb_cityscapes,acdc_night_targetcal100,29
,,,0.9999610954855006,735,True,0.0882131070249882,0.0882131070249882,0.19915036857128143,29.785714285714285,725.0,101,239.0,18.0,0.07531380753138076,0.11798029556650247,False,0.11510791366906475,0.02531645569620253,0.0,,,8,bicycle,0.05,0.1,heuristic,mask2former_swinb_cityscapes,acdc_night_targetcal100,29
,,,,-1,True,,0.82510215307245,0.000690721848513931,,,406,,,0.7949790794979079,,False,,,,,,8,bicycle,0.05,0.1,argmax,mask2former_swinb_cityscapes,acdc_night_targetcal100,29
,,,0.9999402964713416,704,True,0.11379066478076379,0.1137906647807638,0.15382131934165955,28.17487684729064,700.0,101,239.0,24.0,0.100418410041841,0.0738423645320197,False,0.1510791366906475,0.0379746835443038,0.0,,,8,bicycle,0.1,0.1,region_crc,mask2former_swinb_cityscapes,acdc_night_targetcal100,29
,,,0.9999004594582649,667,True,0.1335926449787836,0.1335926449787836,0.11329324543476105,24.379310344827587,650.0,101,239.0,26.0,0.1087866108786611,0.1095566502463054,False,0.16546762589928057,0.0379746835443038,0.0,,,8,bicycle,0.1,0.1,heuristic,mask2former_swinb_cityscapes,acdc_night_targetcal100,29
,,,,-1,True,,0.82510215307245,0.000690721848513931,,,406,,,0.7949790794979079,,False,,,,,,8,bicycle,0.1,0.1,argmax,mask2former_swinb_cityscapes,acdc_night_targetcal100,29
,,,0.999765577118468,605,True,0.2036067892503536,0.2036067892503536,0.06584282219409943,20.389162561576356,600.0,101,239.0,44.0,0.18410041841004185,0.09955665024630539,False,0.28776978417266186,0.05063291139240506,0.0,,,8,bicycle,0.2,0.1,region_crc,mask2former_swinb_cityscapes,acdc_night_targetcal100,29
,,,0.9997233058354589,593,True,0.21845827439886845,0.21845827439886845,0.059039533138275146,18.007389162561577,575.0,101,239.0,46.0,0.19246861924686193,0.11433497536945819,False,0.2949640287769784,0.06329113924050633,0.0,,,8,bicycle,0.2,0.1,heuristic,mask2former_swinb_cityscapes,acdc_night_targetcal100,29
,,,,-1,True,,0.82510215307245,0.000690721848513931,,,406,,,0.7949790794979079,,False,,,,,,8,bicycle,0.2,0.1,argmax,mask2former_swinb_cityscapes,acdc_night_targetcal100,29
,,,0.9999815498458082,789,True,0.08498349834983498,0.08498349834983498,0.29302436113357544,29.7807881773399,775.0,101,239.0,16.0,0.06694560669456066,0.1709852216748769,False,0.08633093525179857,0.05063291139240506,0.0,,,8,bicycle,0.05,0.5,region_crc,mask2former_swinb_cityscapes,acdc_night_targetcal100,29
,,,0.9999799552797264,783,True,0.08498349834983498,0.08498349834983498,0.28104519844055176,29.7807881773399,775.0,101,239.0,16.0,0.06694560669456066,0.16605911330049267,False,0.08633093525179857,0.05063291139240506,0.0,,,8,bicycle,0.05,0.5,heuristic,mask2former_swinb_cityscapes,acdc_night_targetcal100,29
,,,,-1,True,,0.8778760018859029,0.000690721848513931,,,406,,,0.8535564853556485,,False,,,,,,8,bicycle,0.05,0.5,argmax,mask2former_swinb_cityscapes,acdc_night_targetcal100,29
,,,0.9999799552797264,783,True,0.08498349834983498,0.08498349834983498,0.28104519844055176,29.7807881773399,775.0,101,239.0,16.0,0.06694560669456066,0.16605911330049267,False,0.08633093525179857,0.05063291139240506,0.0,,,8,bicycle,0.1,0.5,region_crc,mask2former_swinb_cityscapes,acdc_night_targetcal100,29
,,,0.9999791070386914,780,True,0.08498349834983498,0.08498349834983498,0.2751047611236572,29.7807881773399,775.0,101,239.0,16.0,0.06694560669456066,0.1669458128078818,False,0.08633093525179857,0.05063291139240506,0.0,,,8,bicycle,0.1,0.5,heuristic,mask2former_swinb_cityscapes,acdc_night_targetcal100,29
,,,,-1,True,,0.8778760018859029,0.000690721848513931,,,406,,,0.8535564853556485,,False,,,,,,8,bicycle,0.1,0.5,argmax,mask2former_swinb_cityscapes,acdc_night_targetcal100,29
,,,0.999885712166521,657,True,0.226001885902876,0.226001885902876,0.10511127859354019,24.379310344827587,650.0,101,239.0,45.0,0.18828451882845187,0.13364532019704434,False,0.2805755395683453,0.0759493670886076,0.0,,,8,bicycle,0.2,0.5,region_crc,mask2former_swinb_cityscapes,acdc_night_targetcal100,29
,,,0.9998632271174405,644,True,0.23755304101838756,0.23755304101838753,0.09367714822292328,22.110837438423644,625.0,101,239.0,47.0,0.19665271966527198,0.12192118226600984,False,0.2805755395683453,0.10126582278481013,0.0,,,8,bicycle,0.2,0.5,heuristic,mask2former_swinb_cityscapes,acdc_night_targetcal100,29
,,,,-1,True,,0.8778760018859029,0.000690721848513931,,,406,,,0.8535564853556485,,False,,,,,,8,bicycle,0.2,0.5,argmax,mask2former_swinb_cityscapes,acdc_night_targetcal100,29
,,,0.9999058110403477,671,True,0.06914491501929926,0.06914491501929924,0.23730555176734924,29.891625615763548,650.0,203,720.0,42.0,0.058333333333333334,0.07241379310344831,False,0.08008213552361396,0.014563106796116505,0.0,,,9,person,0.05,0.1,region_crc,mask2former_swinb_cityscapes,acdc_night_targetcal100,44
,,,0.9997958262055331,615,True,0.08517742520205575,0.08517742520205573,0.16176849603652954,26.940886699507388,600.0,203,720.0,59.0,0.08194444444444444,0.06679802955665026,False,0.11293634496919917,0.019417475728155338,0.0,,,9,person,0.05,0.1,heuristic,mask2former_swinb_cityscapes,acdc_night_targetcal100,44
,,,,-1,True,,0.4968046458194242,0.005339125171303749,,,406,,,0.4847222222222222,,False,,,,,,9,person,0.05,0.1,argmax,mask2former_swinb_cityscapes,acdc_night_targetcal100,44
,,,0.9996402506648443,574,True,0.10680378734565928,0.10680378734565928,0.1263020634651184,23.724137931034484,550.0,203,720.0,76.0,0.10555555555555556,0.09221674876847291,False,0.14784394250513347,0.019417475728155338,0.0,,,9,person,0.1,0.1,region_crc,mask2former_swinb_cityscapes,acdc_night_targetcal100,44
,,,0.9996091591042076,568,True,0.1097146695668863,0.10971466956688632,0.12165270745754242,23.724137931034484,550.0,203,720.0,81.0,0.1125,0.09886699507389163,False,0.15811088295687886,0.019417475728155338,0.0,,,9,person,0.1,0.1,heuristic,mask2former_swinb_cityscapes,acdc_night_targetcal100,44
,,,,-1,True,,0.4968046458194242,0.005339125171303749,,,406,,,0.4847222222222222,,False,,,,,,9,person,0.1,0.1,argmax,mask2former_swinb_cityscapes,acdc_night_targetcal100,44
,,,0.9993393065519924,530,True,0.13233025184995628,0.13233025184995628,0.09521887451410294,21.908866995073893,525.0,203,720.0,100.0,0.1388888888888889,0.07802955665024633,False,0.1971252566735113,0.019417475728155338,0.0,,,9,person,0.2,0.1,region_crc,mask2former_swinb_cityscapes,acdc_night_targetcal100,44
,,,0.998717669417344,482,True,0.15176254369604122,0.15176254369604122,0.0694110244512558,17.761083743842363,475.0,203,720.0,115.0,0.1597222222222222,0.09847290640394088,False,0.22587268993839835,0.024271844660194174,0.0,,,9,person,0.2,0.1,heuristic,mask2former_swinb_cityscapes,acdc_night_targetcal100,44
,,,,-1,True,,0.4968046458194242,0.005339125171303749,,,406,,,0.4847222222222222,,False,,,,,,9,person,0.2,0.1,argmax,mask2former_swinb_cityscapes,acdc_night_targetcal100,44
,,,0.9999665804959974,746,True,0.05665051286972469,0.05665051286972468,0.3742699921131134,28.33743842364532,725.0,203,720.0,36.0,0.05,0.08605911330049265,False,0.06776180698151951,0.014563106796116505,0.0,,,9,person,0.05,0.5,region_crc,mask2former_swinb_cityscapes,acdc_night_targetcal100,44
,,,0.9999465435640603,712,True,0.07694085471179067,0.07694085471179066,0.30871081352233887,29.02216748768473,700.0,203,720.0,52.0,0.07222222222222222,0.08709359605911332,False,0.09856262833675565,0.019417475728155338,0.0,,,9,person,0.05,0.5,heuristic,mask2former_swinb_cityscapes,acdc_night_targetcal100,44
,,,,-1,True,,0.5878490283662697,0.005339125171303749,,,406,,,0.575,,False,,,,,,9,person,0.05,0.5,argmax,mask2former_swinb_cityscapes,acdc_night_targetcal100,44
,,,0.9999435063025188,708,True,0.07806975454758705,0.07806975454758705,0.3023609519004822,29.02216748768473,700.0,203,720.0,54.0,0.075,0.08098522167487687,False,0.1026694045174538,0.019417475728155338,0.0,,,9,person,0.1,0.5,region_crc,mask2former_swinb_cityscapes,acdc_night_targetcal100,44
,,,0.9999083779509877,673,True,0.0893608854199987,0.08936088541999872,0.2411867380142212,29.891625615763548,650.0,203,720.0,62.0,0.08611111111111111,0.07733990147783254,False,0.11909650924024641,0.019417475728155338,0.0,,,9,person,0.1,0.5,heuristic,mask2former_swinb_cityscapes,acdc_night_targetcal100,44
,,,,-1,True,,0.5878490283662697,0.005339125171303749,,,406,,,0.575,,False,,,,,,9,person,0.1,0.5,argmax,mask2former_swinb_cityscapes,acdc_night_targetcal100,44
,,,0.9996909704567486,585,True,0.13569678132486016,0.13569678132486013,0.13434691727161407,24.982758620689655,575.0,203,720.0,100.0,0.1388888888888889,0.09714285714285714,False,0.19301848049281314,0.02912621359223301,0.0,,,9,person,0.2,0.5,region_crc,mask2former_swinb_cityscapes,acdc_night_targetcal100,44
,,,0.9996866714275684,584,True,0.13569678132486016,0.13569678132486013,0.13358932733535767,24.982758620689655,575.0,203,720.0,100.0,0.1388888888888889,0.09714285714285714,False,0.19301848049281314,0.02912621359223301,0.0,,,9,person,0.2,0.5,heuristic,mask2former_swinb_cityscapes,acdc_night_targetcal100,44
,,,,-1,True,,0.5878490283662697,0.005339125171303749,,,406,,,0.575,,False,,,,,,9,person,0.2,0.5,argmax,mask2former_swinb_cityscapes,acdc_night_targetcal100,44
,,,0.9999973331413354,929,True,0.002898550724637681,0.002898550724637681,0.6245670318603516,13.556650246305418,925.0,115,154.0,1.0,0.006493506493506494,0.059655172413793145,False,0.008620689655172414,0.0,0.0,,,9,rider,0.05,0.1,region_crc,mask2former_swinb_cityscapes,acdc_night_targetcal100,31
,,,0.9999696610881581,753,True,0.05507246376811595,0.05507246376811594,0.23844079673290253,27.726600985221676,750.0,115,154.0,8.0,0.05194805194805195,0.10704433497536947,False,0.06896551724137931,0.0,0.0,,,9,rider,0.05,0.1,heuristic,mask2former_swinb_cityscapes,acdc_night_targetcal100,31
,,,,-1,True,,0.7840579710144927,0.00041561544639989734,,,406,,,0.7857142857142857,,False,,,,,,9,rider,0.05,0.1,argmax,mask2former_swinb_cityscapes,acdc_night_targetcal100,31
,,,0.9999651662684964,743,True,0.05507246376811595,0.05507246376811594,0.21951793134212494,26.886699507389164,725.0,115,154.0,8.0,0.05194805194805195,0.11280788177339895,False,0.06896551724137931,0.0,0.0,,,9,rider,0.1,0.1,region_crc,mask2former_swinb_cityscapes,acdc_night_targetcal100,31
,,,0.9999600055250238,733,True,0.05942028985507247,0.05942028985507246,0.20427875220775604,26.886699507389164,725.0,115,154.0,9.0,0.05844155844155844,0.11512315270935969,False,0.07758620689655173,0.0,0.0,,,9,rider,0.1,0.1,heuristic,mask2former_swinb_cityscapes,acdc_night_targetcal100,31
,,,,-1,True,,0.7840579710144927,0.00041561544639989734,,,406,,,0.7857142857142857,,False,,,,,,9,rider,0.1,0.1,argmax,mask2former_swinb_cityscapes,acdc_night_targetcal100,31
,,,0.9998775383800735,652,True,0.12028985507246376,0.12028985507246376,0.11598548293113708,22.93349753694581,650.0,115,154.0,19.0,0.12337662337662338,0.10078817733990142,False,0.16379310344827586,0.0,0.0,,,9,rider,0.2,0.1,region_crc,mask2former_swinb_cityscapes,acdc_night_targetcal100,31
,,,0.9996866714275684,584,True,0.17681159420289855,0.17681159420289855,0.07240155339241028,17.41871921182266,575.0,115,154.0,26.0,0.16883116883116883,0.08635467980295564,False,0.20689655172413793,0.06451612903225806,0.0,,,9,rider,0.2,0.1,heuristic,mask2former_swinb_cityscapes,acdc_night_targetcal100,31
,,,,-1,True,,0.7840579710144927,0.00041561544639989734,,,406,,,0.7857142857142857,,False,,,,,,9,rider,0.2,0.1,argmax,mask2former_swinb_cityscapes,acdc_night_targetcal100,31
,,,0.9999984004419714,966,True,0.002898550724637681,0.002898550724637681,0.7019937634468079,10.514778325123153,966.0,115,154.0,1.0,0.006493506493506494,0.08472906403940894,False,0.008620689655172414,0.0,0.0,,,9,rider,0.05,0.5,region_crc,mask2former_swinb_cityscapes,acdc_night_targetcal100,31
,,,0.9999815498458082,789,True,0.07681159420289856,0.07681159420289856,0.31125810742378235,27.014778325123153,775.0,115,154.0,11.0,0.07142857142857142,0.057586206896551695,False,0.08620689655172414,0.03225806451612903,0.0,,,9,rider,0.05,0.5,heuristic,mask2former_swinb_cityscapes,acdc_night_targetcal100,31
,,,,-1,True,,0.8318840579710144,0.00041561544639989734,,,406,,,0.8376623376623377,,False,,,,,,9,rider,0.05,0.5,argmax,mask2former_swinb_cityscapes,acdc_night_targetcal100,31
,,,0.9999788163886475,779,True,0.07681159420289856,0.07681159420289856,0.29135861992836,27.014778325123153,775.0,115,154.0,11.0,0.07142857142857142,0.07975369458128079,False,0.08620689655172414,0.03225806451612903,0.0,,,9,rider,0.1,0.5,region_crc,mask2former_swinb_cityscapes,acdc_night_targetcal100,31
,,,0.9999670390287823,747,True,0.08115942028985508,0.08115942028985508,0.22716248035430908,26.886699507389164,725.0,115,154.0,12.0,0.07792207792207792,0.11182266009852215,False,0.09482758620689655,0.03225806451612903,0.0,,,9,rider,0.1,0.5,heuristic,mask2former_swinb_cityscapes,acdc_night_targetcal100,31
,,,,-1,True,,0.8318840579710144,0.00041561544639989734,,,406,,,0.8376623376623377,,False,,,,,,9,rider,0.1,0.5,argmax,mask2former_swinb_cityscapes,acdc_night_targetcal100,31
,,,0.9999234403393089,686,True,0.12463768115942028,0.1246376811594203,0.14462395012378693,23.879310344827587,675.0,115,154.0,18.0,0.11688311688311688,0.11310344827586205,False,0.14655172413793102,0.03225806451612903,0.0,,,9,rider,0.2,0.5,region_crc,mask2former_swinb_cityscapes,acdc_night_targetcal100,31
,,,0.9998246119498159,626,True,0.21594202898550724,0.21594202898550724,0.09636220335960388,20.967980295566502,625.0,115,154.0,31.0,0.2012987012987013,0.12384236453201969,False,0.23275862068965517,0.12903225806451613,0.0,,,9,rider,0.2,0.5,heuristic,mask2former_swinb_cityscapes,acdc_night_targetcal100,31
,,,,-1,True,,0.8318840579710144,0.00041561544639989734,,,406,,,0.8376623376623377,,False,,,,,,9,rider,0.2,0.5,argmax,mask2former_swinb_cityscapes,acdc_night_targetcal100,31
,,,0.9999974414141131,932,True,0.009708737864077669,0.009708737864077669,0.6212305426597595,16.288177339901477,925.0,103,229.0,1.0,0.004366812227074236,0.12369458128078814,False,0.007575757575757576,0.0,0.0,,,9,bicycle,0.05,0.1,region_crc,mask2former_swinb_cityscapes,acdc_night_targetcal100,27
,,,0.999974996546383,767,True,0.042071197411003236,0.04207119741100324,0.24273565411567688,29.753694581280786,750.0,103,229.0,7.0,0.03056768558951965,0.08226600985221677,False,0.05303030303030303,0.0,0.0,,,9,bicycle,0.05,0.1,heuristic,mask2former_swinb_cityscapes,acdc_night_targetcal100,27
,,,,-1,True,,0.815645708121436,0.0006633224547840655,,,406,,,0.7816593886462883,,False,,,,,,9,bicycle,0.05,0.1,argmax,mask2former_swinb_cityscapes,acdc_night_targetcal100,27
,,,0.999974996546383,767,True,0.042071197411003236,0.04207119741100324,0.24273565411567688,29.753694581280786,750.0,103,229.0,7.0,0.03056768558951965,0.08226600985221677,False,0.05303030303030303,0.0,0.0,,,9,bicycle,0.1,0.1,region_crc,mask2former_swinb_cityscapes,acdc_night_targetcal100,27
,,,0.9999720745615877,759,True,0.042071197411003236,0.04207119741100324,0.23043398559093475,29.753694581280786,750.0,103,229.0,7.0,0.03056768558951965,0.09211822660098523,False,0.05303030303030303,0.0,0.0,,,9,bicycle,0.1,0.1,heuristic,mask2former_swinb_cityscapes,acdc_night_targetcal100,27
,,,,-1,True,,0.815645708121436,0.0006633224547840655,,,406,,,0.7816593886462883,,False,,,,,,9,bicycle,0.1,0.1,argmax,mask2former_swinb_cityscapes,acdc_night_targetcal100,27
,,,0.9999004594582649,667,True,0.11343042071197411,0.1134304207119741,0.11289741843938828,24.32512315270936,650.0,103,229.0,22.0,0.09606986899563319,0.1011822660098522,False,0.15151515151515152,0.02666666666666667,0.0,,,9,bicycle,0.2,0.1,region_crc,mask2former_swinb_cityscapes,acdc_night_targetcal100,27
,,,0.9998493392933814,637,True,0.14660194174757282,0.1466019417475728,0.08744606375694275,22.110837438423644,625.0,103,229.0,31.0,0.13537117903930132,0.10625615763546797,False,0.21212121212121213,0.04,0.0,,,9,bicycle,0.2,0.1,heuristic,mask2former_swinb_cityscapes,acdc_night_targetcal100,27
,,,,-1,True,,0.815645708121436,0.0006633224547840655,,,406,,,0.7816593886462883,,False,,,,,,9,bicycle,0.2,0.1,argmax,mask2former_swinb_cityscapes,acdc_night_targetcal100,27
,,,0.9999986448105876,978,True,0.0,0.0,0.7513608336448669,9.748768472906404,978.0,103,229.0,0.0,0.0,0.07482758620689656,False,0.0,0.0,0.0,,,9,bicycle,0.05,0.5,region_crc,mask2former_swinb_cityscapes,acdc_night_targetcal100,27
,,,0.999991488619618,845,True,0.03478964401294499,0.03478964401294498,0.4069173336029053,26.891625615763548,825.0,103,229.0,6.0,0.026200873362445413,0.09600985221674874,False,0.03787878787878788,0.013333333333333334,0.0,,,9,bicycle,0.05,0.5,heuristic,mask2former_swinb_cityscapes,acdc_night_targetcal100,27
,,,,-1,True,,0.8690129449838186,0.0006633224547840655,,,406,,,0.8427947598253275,,False,,,,,,9,bicycle,0.05,0.5,argmax,mask2former_swinb_cityscapes,acdc_night_targetcal100,27
,,,0.9999881423125183,821,True,0.04773462783171521,0.04773462783171521,0.35008811950683594,28.721674876847292,800.0,103,229.0,9.0,0.039301310043668124,0.13266009852216742,False,0.05303030303030303,0.02666666666666667,0.0,,,9,bicycle,0.1,0.5,region_crc,mask2former_swinb_cityscapes,acdc_night_targetcal100,27
,,,0.9999830175634754,795,True,0.05420711974110033,0.05420711974110032,0.2946438789367676,29.647783251231527,775.0,103,229.0,11.0,0.048034934497816595,0.08950738916256162,False,0.06060606060606061,0.04,0.0,,,9,bicycle,0.1,0.5,heuristic,mask2former_swinb_cityscapes,acdc_night_targetcal100,27
,,,,-1,True,,0.8690129449838186,0.0006633224547840655,,,406,,,0.8427947598253275,,False,,,,,,9,bicycle,0.1,0.5,argmax,mask2former_swinb_cityscapes,acdc_night_targetcal100,27
,,,0.9999683772233983,750,True,0.11796116504854369,0.11796116504854368,0.21782568097114563,29.753694581280786,750.0,103,229.0,21.0,0.09170305676855896,0.07187192118226599,False,0.12878787878787878,0.05333333333333334,0.0,,,9,bicycle,0.2,0.5,region_crc,mask2former_swinb_cityscapes,acdc_night_targetcal100,27
,,,0.9999045007413978,670,True,0.18624595469255664,0.18624595469255664,0.11550267040729523,24.32512315270936,650.0,103,229.0,38.0,0.16593886462882096,0.10684729064039405,False,0.24242424242424243,0.08,0.0,,,9,bicycle,0.2,0.5,heuristic,mask2former_swinb_cityscapes,acdc_night_targetcal100,27
,,,,-1,True,,0.8690129449838186,0.0006633224547840655,,,406,,,0.8427947598253275,,False,,,,,,9,bicycle,0.2,0.5,argmax,mask2former_swinb_cityscapes,acdc_night_targetcal100,27
,,,0.9999058110403477,671,True,0.06795492049204921,0.06795492049204921,0.23609857261180878,29.711822660098523,650.0,202,698.0,42.0,0.06017191977077364,0.08684729064039409,False,0.08176100628930817,0.015544041450777202,0.0,,,10,person,0.05,0.1,region_crc,mask2former_swinb_cityscapes,acdc_night_targetcal100,45
,,,0.999897670700772,665,True,0.07311168616861685,0.07311168616861687,0.22658509016036987,29.711822660098523,650.0,202,698.0,46.0,0.0659025787965616,0.09630541871921183,False,0.09014675052410902,0.015544041450777202,0.0,,,10,person,0.05,0.1,heuristic,mask2former_swinb_cityscapes,acdc_night_targetcal100,45
,,,,-1,True,,0.5005193788609631,0.00498469453305006,,,406,,,0.4899713467048711,,False,,,,,,10,person,0.05,0.1,argmax,mask2former_swinb_cityscapes,acdc_night_targetcal100,45
,,,0.9997958262055331,615,True,0.08258165102224509,0.08258165102224509,0.16114108264446259,27.15270935960591,600.0,202,698.0,58.0,0.0830945558739255,0.10315270935960585,False,0.11320754716981132,0.02072538860103627,0.0,,,10,person,0.1,0.1,region_crc,mask2former_swinb_cityscapes,acdc_night_targetcal100,45
,,,0.9996402506648443,574,True,0.10344873773091595,0.10344873773091595,0.12331506609916687,23.67487684729064,550.0,202,698.0,74.0,0.10601719197707736,0.10300492610837442,False,0.14675052410901468,0.02072538860103627,0.0,,,10,person,0.1,0.1,heuristic,mask2former_swinb_cityscapes,acdc_night_targetcal100,45
,,,,-1,True,,0.5005193788609631,0.00498469453305006,,,406,,,0.4899713467048711,,False,,,,,,10,person,0.1,0.1,argmax,mask2former_swinb_cityscapes,acdc_night_targetcal100,45
,,,0.9966271269134113,412,True,0.21785525393198657,0.2178552539319866,0.04133227467536926,12.780788177339902,400.0,202,698.0,151.0,0.2163323782234957,0.1071428571428572,False,0.2976939203354298,0.046632124352331605,0.0,,,10,person,0.2,0.1,region_crc,mask2former_swinb_cityscapes,acdc_night_targetcal100,45
,,,0.9938905797509443,369,True,0.23405014265162777,0.23405014265162782,0.03106197528541088,10.105911330049262,350.0,202,698.0,160.0,0.22922636103151864,0.1145320197044335,False,0.31236897274633124,0.05699481865284974,0.0,,,10,person,0.2,0.1,heuristic,mask2former_swinb_cityscapes,acdc_night_targetcal100,45
,,,,-1,True,,0.5005193788609631,0.00498469453305006,,,406,,,0.4899713467048711,,False,,,,,,10,person,0.2,0.1,argmax,mask2former_swinb_cityscapes,acdc_night_targetcal100,45
,,,0.9999776127886143,775,True,0.043725622562256226,0.043725622562256226,0.4404590129852295,23.70935960591133,775.0,202,698.0,26.0,0.03724928366762178,0.0768472906403941,False,0.04821802935010482,0.015544041450777202,0.0,,,10,person,0.05,0.5,region_crc,mask2former_swinb_cityscapes,acdc_night_targetcal100,45
,,,0.9999465435640603,712,True,0.07723334833483347,0.07723334833483347,0.3086538314819336,28.716748768472907,700.0,202,698.0,49.0,0.07020057306590258,0.08788177339901479,False,0.09433962264150944,0.02072538860103627,0.0,,,10,person,0.05,0.5,heuristic,mask2former_swinb_cityscapes,acdc_night_targetcal100,45
,,,,-1,True,,0.5852429061587477,0.00498469453305006,,,406,,,0.5730659025787965,,False,,,,,,10,person,0.05,0.5,argmax,mask2former_swinb_cityscapes,acdc_night_targetcal100,45
,,,0.9999435063025188,708,True,0.07836783678367835,0.07836783678367837,0.30198976397514343,28.716748768472907,700.0,202,698.0,51.0,0.07306590257879657,0.09206896551724139,False,0.09853249475890985,0.02072538860103627,0.0,,,10,person,0.1,0.5,region_crc,mask2former_swinb_cityscapes,acdc_night_targetcal100,45
,,,0.9998669545582022,646,True,0.1034112339805409,0.1034112339805409,0.19914188981056213,28.669950738916256,625.0,202,698.0,68.0,0.09742120343839542,0.07137931034482758,False,0.13417190775681342,0.02072538860103627,0.0,,,10,person,0.1,0.5,heuristic,mask2former_swinb_cityscapes,acdc_night_targetcal100,45
,,,,-1,True,,0.5852429061587477,0.00498469453305006,,,406,,,0.5730659025787965,,False,,,,,,10,person,0.1,0.5,argmax,mask2former_swinb_cityscapes,acdc_night_targetcal100,45
,,,0.9982621991712506,460,True,0.24122127185245992,0.24122127185245992,0.05736897513270378,15.960591133004925,450.0,202,698.0,163.0,0.2335243553008596,0.09541871921182266,False,0.31446540880503143,0.06217616580310881,0.03571428571428571,,,10,person,0.2,0.5,region_crc,mask2former_swinb_cityscapes,acdc_night_targetcal100,45
,,,0.9975111426817176,434,True,0.24795521447749166,0.24795521447749166,0.04801631718873978,14.389162561576354,425.0,202,698.0,170.0,0.24355300859598855,0.10482758620689658,False,0.32914046121593293,0.06217616580310881,0.03571428571428571,,,10,person,0.2,0.5,heuristic,mask2former_swinb_cityscapes,acdc_night_targetcal100,45
,,,,-1,True,,0.5852429061587477,0.00498469453305006,,,406,,,0.5730659025787965,,False,,,,,,10,person,0.2,0.5,argmax,mask2former_swinb_cityscapes,acdc_night_targetcal100,45
,,,0.9999973331413354,929,True,0.002976190476190476,0.002976190476190476,0.6229293346405029,13.445812807881774,925.0,112,147.0,1.0,0.006802721088435374,0.17748768472906407,False,0.009615384615384616,0.0,0.0,,,10,rider,0.05,0.1,region_crc,mask2former_swinb_cityscapes,acdc_night_targetcal100,34
,,,0.9999952356901319,887,True,0.002976190476190476,0.002976190476190476,0.5357683300971985,19.15024630541872,875.0,112,147.0,1.0,0.006802721088435374,0.12039408866995072,False,0.009615384615384616,0.0,0.0,,,10,rider,0.05,0.1,heuristic,mask2former_swinb_cityscapes,acdc_night_targetcal100,34
,,,,-1,True,,0.7425595238095237,0.0004052422591485083,,,406,,,0.7551020408163265,,False,,,,,,10,rider,0.05,0.1,argmax,mask2former_swinb_cityscapes,acdc_night_targetcal100,34
,,,0.999989383044428,829,True,0.00744047619047619,0.00744047619047619,0.39712047576904297,23.82512315270936,825.0,112,147.0,2.0,0.013605442176870748,0.10453201970443349,False,0.019230769230769232,0.0,0.0,,,10,rider,0.1,0.1,region_crc,mask2former_swinb_cityscapes,acdc_night_targetcal100,34
,,,0.9999735759124267,763,True,0.03422619047619047,0.03422619047619047,0.2619611322879791,27.958128078817733,750.0,112,147.0,5.0,0.034013605442176874,0.08206896551724138,False,0.04807692307692308,0.0,0.0,,,10,rider,0.1,0.1,heuristic,mask2former_swinb_cityscapes,acdc_night_targetcal100,34
,,,,-1,True,,0.7425595238095237,0.0004052422591485083,,,406,,,0.7551020408163265,,False,,,,,,10,rider,0.1,0.1,argmax,mask2former_swinb_cityscapes,acdc_night_targetcal100,34
,,,0.9999045007413978,670,True,0.07440476190476189,0.07440476190476189,0.13392364978790283,23.054187192118228,650.0,112,147.0,11.0,0.07482993197278912,0.0944334975369458,False,0.10576923076923077,0.0,0.0,,,10,rider,0.2,0.1,region_crc,mask2former_swinb_cityscapes,acdc_night_targetcal100,34
,,,0.9999045007413978,670,True,0.07440476190476189,0.07440476190476189,0.13392364978790283,23.054187192118228,650.0,112,147.0,11.0,0.07482993197278912,0.0944334975369458,False,0.10576923076923077,0.0,0.0,,,10,rider,0.2,0.1,heuristic,mask2former_swinb_cityscapes,acdc_night_targetcal100,34
,,,,-1,True,,0.7425595238095237,0.0004052422591485083,,,406,,,0.7551020408163265,,False,,,,,,10,rider,0.2,0.1,argmax,mask2former_swinb_cityscapes,acdc_night_targetcal100,34
,,,0.9999984004419714,966,True,0.002976190476190476,0.002976190476190476,0.7048090100288391,10.41871921182266,966.0,112,147.0,1.0,0.006802721088435374,0.12660098522167496,False,0.009615384615384616,0.0,0.0,,,10,rider,0.05,0.5,region_crc,mask2former_swinb_cityscapes,acdc_night_targetcal100,34
,,,0.9999964843955947,909,True,0.002976190476190476,0.002976190476190476,0.5830265879631042,16.25862068965517,900.0,112,147.0,1.0,0.006802721088435374,0.1650246305418719,False,0.009615384615384616,0.0,0.0,,,10,rider,0.05,0.5,heuristic,mask2former_swinb_cityscapes,acdc_night_targetcal100,34
,,,,-1,True,,0.800595238095238,0.0004052422591485083,,,406,,,0.8163265306122449,,False,,,,,,10,rider,0.05,0.5,argmax,mask2former_swinb_cityscapes,acdc_night_targetcal100,34
,,,0.9999949649939122,883,True,0.002976190476190476,0.002976190476190476,0.5262633562088013,19.15024630541872,875.0,112,147.0,1.0,0.006802721088435374,0.10024630541871915,False,0.009615384615384616,0.0,0.0,,,10,rider,0.1,0.5,region_crc,mask2former_swinb_cityscapes,acdc_night_targetcal100,34
,,,0.9999949649939122,883,True,0.002976190476190476,0.002976190476190476,0.5262633562088013,19.15024630541872,875.0,112,147.0,1.0,0.006802721088435374,0.10024630541871915,False,0.009615384615384616,0.0,0.0,,,10,rider,0.1,0.5,heuristic,mask2former_swinb_cityscapes,acdc_night_targetcal100,34
,,,,-1,True,,0.800595238095238,0.0004052422591485083,,,406,,,0.8163265306122449,,False,,,,,,10,rider,0.1,0.5,argmax,mask2former_swinb_cityscapes,acdc_night_targetcal100,34
,,,0.9999507960464319,718,True,0.0788690476190476,0.0788690476190476,0.18808475136756897,25.97536945812808,700.0,112,147.0,12.0,0.08163265306122448,0.09630541871921183,False,0.10576923076923077,0.02857142857142857,0.0,,,10,rider,0.2,0.5,region_crc,mask2former_swinb_cityscapes,acdc_night_targetcal100,34
,,,0.9999234403393089,686,True,0.11458333333333333,0.11458333333333334,0.1488611251115799,24.054187192118228,675.0,112,147.0,16.0,0.10884353741496598,0.07921182266009852,False,0.14423076923076922,0.02857142857142857,0.0,,,10,rider,0.2,0.5,heuristic,mask2former_swinb_cityscapes,acdc_night_targetcal100,34
,,,,-1,True,,0.800595238095238,0.0004052422591485083,,,406,,,0.8163265306122449,,False,,,,,,10,rider,0.2,0.5,argmax,mask2former_swinb_cityscapes,acdc_night_targetcal100,34
,,,0.9999983327527875,963,True,0.0,0.0,0.7169162631034851,11.152709359605911,963.0,107,242.0,0.0,0.0,0.07349753694581282,False,0.0,0.0,0.0,,,10,bicycle,0.05,0.1,region_crc,mask2former_swinb_cityscapes,acdc_night_targetcal100,23
,,,0.9999974414141131,932,True,0.0,0.0,0.6291158199310303,16.0,925.0,107,242.0,0.0,0.0,0.102807881773399,False,0.0,0.0,0.0,,,10,bicycle,0.05,0.1,heuristic,mask2former_swinb_cityscapes,acdc_night_targetcal100,23
,,,,-1,True,,0.8025107550808485,0.0005678280722349882,,,406,,,0.78099173553719,,False,,,,,,10,bicycle,0.05,0.1,argmax,mask2former_swinb_cityscapes,acdc_night_targetcal100,23
,,,0.9999974414141131,932,True,0.0,0.0,0.6291158199310303,16.0,925.0,107,242.0,0.0,0.0,0.102807881773399,False,0.0,0.0,0.0,,,10,bicycle,0.1,0.1,region_crc,mask2former_swinb_cityscapes,acdc_night_targetcal100,23
,,,0.9999720745615877,759,True,0.04606141522029373,0.04606141522029373,0.23233678936958313,30.334975369458128,750.0,107,242.0,9.0,0.0371900826446281,0.1060098522167488,False,0.06060606060606061,0.011764705882352941,0.0,,,10,bicycle,0.1,0.1,heuristic,mask2former_swinb_cityscapes,acdc_night_targetcal100,23
,,,,-1,True,,0.8025107550808485,0.0005678280722349882,,,406,,,0.78099173553719,,False,,,,,,10,bicycle,0.1,0.1,argmax,mask2former_swinb_cityscapes,acdc_night_targetcal100,23
,,,0.9999621557415282,737,True,0.05985758789497107,0.059857587894971066,0.19760151207447052,29.47536945812808,725.0,107,242.0,13.0,0.05371900826446281,0.07640394088669944,False,0.07575757575757576,0.03529411764705882,0.0,,,10,bicycle,0.2,0.1,region_crc,mask2former_swinb_cityscapes,acdc_night_targetcal100,23
,,,0.999950111551254,717,True,0.0769915442812639,0.0769915442812639,0.16602016985416412,27.75615763546798,700.0,107,242.0,16.0,0.06611570247933884,0.10990147783251236,False,0.09848484848484848,0.03529411764705882,0.0,,,10,bicycle,0.2,0.1,heuristic,mask2former_swinb_cityscapes,acdc_night_targetcal100,23
,,,,-1,True,,0.8025107550808485,0.0005678280722349882,,,406,,,0.78099173553719,,False,,,,,,10,bicycle,0.2,0.1,argmax,mask2former_swinb_cityscapes,acdc_night_targetcal100,23
,,,0.9999986448105876,978,True,0.0,0.0,0.7531732320785522,9.766009852216749,978.0,107,242.0,0.0,0.0,0.07960591133004924,False,0.0,0.0,0.0,,,10,bicycle,0.05,0.5,region_crc,mask2former_swinb_cityscapes,acdc_night_targetcal100,23
,,,0.9999984004419714,966,True,0.0,0.0,0.7242909669876099,10.854679802955665,966.0,107,242.0,0.0,0.0,0.07349753694581282,False,0.0,0.0,0.0,,,10,bicycle,0.05,0.5,heuristic,mask2former_swinb_cityscapes,acdc_night_targetcal100,23
,,,,-1,True,,0.8610480640854473,0.0005678280722349882,,,406,,,0.8388429752066116,,False,,,,,,10,bicycle,0.05,0.5,argmax,mask2former_swinb_cityscapes,acdc_night_targetcal100,23
,,,0.9999984004419714,966,True,0.0,0.0,0.7242909669876099,10.854679802955665,966.0,107,242.0,0.0,0.0,0.07349753694581282,False,0.0,0.0,0.0,,,10,bicycle,0.1,0.5,region_crc,mask2former_swinb_cityscapes,acdc_night_targetcal100,23
,,,0.9999918341762865,848,True,0.022919448153093016,0.022919448153093016,0.41843026876449585,27.167487684729064,825.0,107,242.0,5.0,0.02066115702479339,0.1285714285714286,False,0.030303030303030304,0.011764705882352941,0.0,,,10,bicycle,0.1,0.5,heuristic,mask2former_swinb_cityscapes,acdc_night_targetcal100,23
,,,,-1,True,,0.8610480640854473,0.0005678280722349882,,,406,,,0.8388429752066116,,False,,,,,,10,bicycle,0.1,0.5,argmax,mask2former_swinb_cityscapes,acdc_night_targetcal100,23
,,,0.9999799552797264,783,True,0.06186025812194036,0.06186025812194036,0.27655717730522156,29.950738916256157,775.0,107,242.0,11.0,0.045454545454545456,0.14019704433497537,False,0.06060606060606061,0.03529411764705882,0.0,,,10,bicycle,0.2,0.5,region_crc,mask2former_swinb_cityscapes,acdc_night_targetcal100,23
,,,0.9999728356073116,761,True,0.09568313306631063,0.09568313306631063,0.23546871542930603,30.334975369458128,750.0,107,242.0,18.0,0.0743801652892562,0.11093596059113303,False,0.09848484848484848,0.058823529411764705,0.0,,,10,bicycle,0.2,0.5,heuristic,mask2former_swinb_cityscapes,acdc_night_targetcal100,23
,,,,-1,True,,0.8610480640854473,0.0005678280722349882,,,406,,,0.8388429752066116,,False,,,,,,10,bicycle,0.2,0.5,argmax,mask2former_swinb_cityscapes,acdc_night_targetcal100,23
,,,0.9997958262055331,615,True,0.09184960555518931,0.0918496055551893,0.16090185940265656,26.763546798029555,600.0,197,672.0,61.0,0.09077380952380952,0.1187192118226601,False,0.12253829321663019,0.026455026455026454,0.0,,,11,person,0.05,0.1,region_crc,mask2former_swinb_cityscapes,acdc_night_targetcal100,50
,,,0.999765577118468,605,True,0.0948106884655108,0.0948106884655108,0.1511463075876236,26.763546798029555,600.0,197,672.0,63.0,0.09375,0.13536945812807882,False,0.12691466083150985,0.026455026455026454,0.0,,,11,person,0.05,0.1,heuristic,mask2former_swinb_cityscapes,acdc_night_targetcal100,50
,,,,-1,True,,0.513682735763954,0.005271319765597582,,,406,,,0.5,,False,,,,,,11,person,0.05,0.1,argmax,mask2former_swinb_cityscapes,acdc_night_targetcal100,50
,,,0.9996402506648443,574,True,0.11068901487683212,0.11068901487683212,0.12410164624452591,23.137931034482758,550.0,197,672.0,76.0,0.1130952380952381,0.1297536945812808,False,0.15536105032822758,0.026455026455026454,0.0,,,11,person,0.1,0.1,region_crc,mask2former_swinb_cityscapes,acdc_night_targetcal100,50
,,,0.9995450119398499,557,True,0.11893390027907794,0.11893390027907794,0.112132228910923,23.137931034482758,550.0,197,672.0,86.0,0.12797619047619047,0.11221674876847293,False,0.1772428884026258,0.026455026455026454,0.0,,,11,person,0.1,0.1,heuristic,mask2former_swinb_cityscapes,acdc_night_targetcal100,50
,,,,-1,True,,0.513682735763954,0.005271319765597582,,,406,,,0.5,,False,,,,,,11,person,0.1,0.1,argmax,mask2former_swinb_cityscapes,acdc_night_targetcal100,50
,,,0.9984223887303006,467,True,0.17499507683517834,0.17499507683517837,0.06328672170639038,15.849753694581281,450.0,197,672.0,123.0,0.18303571428571427,0.07078817733990148,False,0.2538293216630197,0.037037037037037035,0.0,,,11,person,0.2,0.1,region_crc,mask2former_swinb_cityscapes,acdc_night_targetcal100,50
,,,0.9929854470158003,359,True,0.2376694864639027,0.2376694864639027,0.03134990483522415,10.241379310344827,350.0,197,672.0,164.0,0.24404761904761904,0.06620689655172418,False,0.33698030634573306,0.05291005291005291,0.0,,,11,person,0.2,0.1,heuristic,mask2former_swinb_cityscapes,acdc_night_targetcal100,50
,,,,-1,True,,0.513682735763954,0.005271319765597582,,,406,,,0.5,,False,,,,,,11,person,0.2,0.1,argmax,mask2former_swinb_cityscapes,acdc_night_targetcal100,50
,,,0.9999665804959974,746,True,0.05645312809018393,0.056453128090183914,0.37393730878829956,28.04433497536946,725.0,197,672.0,36.0,0.05357142857142857,0.07674876847290635,False,0.0700218818380744,0.021164021164021163,0.0,,,11,person,0.05,0.5,region_crc,mask2former_swinb_cityscapes,acdc_night_targetcal100,50
,,,0.9999594491464552,732,True,0.06158695365548157,0.061586953655481565,0.3436833918094635,28.04433497536946,725.0,197,672.0,42.0,0.0625,0.06704433497536944,False,0.08315098468271334,0.021164021164021163,0.0,,,11,person,0.05,0.5,heuristic,mask2former_swinb_cityscapes,acdc_night_targetcal100,50
,,,,-1,True,,0.5953372628499531,0.005271319765597582,,,406,,,0.5818452380952381,,False,,,,,,11,person,0.05,0.5,argmax,mask2former_swinb_cityscapes,acdc_night_targetcal100,50
,,,0.9998723561191188,649,True,0.10411310347858571,0.10411310347858571,0.20424114167690277,28.591133004926107,625.0,197,672.0,71.0,0.1056547619047619,0.08862068965517242,False,0.14442013129102846,0.026455026455026454,0.0,,,11,person,0.1,0.5,region_crc,mask2former_swinb_cityscapes,acdc_night_targetcal100,50
,,,0.9998669545582022,646,True,0.10411310347858571,0.10411310347858571,0.19925087690353394,28.591133004926107,625.0,197,672.0,71.0,0.1056547619047619,0.09152709359605915,False,0.14442013129102846,0.026455026455026454,0.0,,,11,person,0.1,0.5,heuristic,mask2former_swinb_cityscapes,acdc_night_targetcal100,50
,,,,-1,True,,0.5953372628499531,0.005271319765597582,,,406,,,0.5818452380952381,,False,,,,,,11,person,0.1,0.5,argmax,mask2former_swinb_cityscapes,acdc_night_targetcal100,50
,,,0.9994084383658245,538,True,0.18077111129141585,0.18077111129141585,0.09987576305866241,21.561576354679804,525.0,197,672.0,123.0,0.18303571428571427,0.1038423645320197,False,0.2538293216630197,0.037037037037037035,0.0,,,11,person,0.2,0.5,region_crc,mask2former_swinb_cityscapes,acdc_night_targetcal100,50
,,,0.9988831367522194,492,True,0.20425510051144566,0.2042551005114457,0.07341528683900833,17.278325123152708,475.0,197,672.0,141.0,0.20982142857142858,0.10615763546798032,False,0.2910284463894967,0.042328042328042326,0.0,,,11,person,0.2,0.5,heuristic,mask2former_swinb_cityscapes,acdc_night_targetcal100,50
,,,,-1,True,,0.5953372628499531,0.005271319765597582,,,406,,,0.5818452380952381,,False,,,,,,11,person,0.2,0.5,argmax,mask2former_swinb_cityscapes,acdc_night_targetcal100,50
,,,0.9999973331413354,929,True,0.002824858757062147,0.002824858757062147,0.6294212937355042,13.288177339901479,925.0,118,156.0,1.0,0.00641025641025641,0.10773399014778323,False,0.008771929824561403,0.0,0.0,,,11,rider,0.05,0.1,region_crc,mask2former_swinb_cityscapes,acdc_night_targetcal100,28
,,,0.9999651662684964,743,True,0.06214689265536723,0.06214689265536723,0.21860282123088837,27.179802955665025,725.0,118,156.0,9.0,0.057692307692307696,0.11211822660098525,False,0.07894736842105263,0.0,0.0,,,11,rider,0.05,0.1,heuristic,mask2former_swinb_cityscapes,acdc_night_targetcal100,28
,,,,-1,True,,0.7810734463276836,0.000400011136662215,,,406,,,0.7884615384615384,,False,,,,,,11,rider,0.05,0.1,argmax,mask2former_swinb_cityscapes,acdc_night_targetcal100,28
,,,0.9999651662684964,743,True,0.06214689265536723,0.06214689265536723,0.21860282123088837,27.179802955665025,725.0,118,156.0,9.0,0.057692307692307696,0.11211822660098525,False,0.07894736842105263,0.0,0.0,,,11,rider,0.1,0.1,region_crc,mask2former_swinb_cityscapes,acdc_night_targetcal100,28
,,,0.9999202005312732,683,True,0.08757062146892654,0.08757062146892654,0.144114151597023,24.27093596059113,675.0,118,156.0,14.0,0.08974358974358974,0.08133004926108373,False,0.12280701754385964,0.0,0.0,,,11,rider,0.1,0.1,heuristic,mask2former_swinb_cityscapes,acdc_night_targetcal100,28
,,,,-1,True,,0.7810734463276836,0.000400011136662215,,,406,,,0.7884615384615384,,False,,,,,,11,rider,0.1,0.1,argmax,mask2former_swinb_cityscapes,acdc_night_targetcal100,28
,,,0.999868780010098,647,True,0.13418079096045196,0.134180790960452,0.11358579993247986,20.896551724137932,625.0,118,156.0,21.0,0.1346153846153846,0.06241379310344829,False,0.18421052631578946,0.0,0.0,,,11,rider,0.2,0.1,region_crc,mask2former_swinb_cityscapes,acdc_night_targetcal100,28
,,,0.9998171899783858,623,True,0.1384180790960452,0.13841807909604523,0.09459605813026428,19.059113300492612,600.0,118,156.0,22.0,0.14102564102564102,0.07374384236453202,False,0.18421052631578946,0.030303030303030304,0.0,,,11,rider,0.2,0.1,heuristic,mask2former_swinb_cityscapes,acdc_night_targetcal100,28
,,,,-1,True,,0.7810734463276836,0.000400011136662215,,,406,,,0.7884615384615384,,False,,,,,,11,rider,0.2,0.1,argmax,mask2former_swinb_cityscapes,acdc_night_targetcal100,28
,,,0.9999984004419714,966,True,0.002824858757062147,0.002824858757062147,0.7091901898384094,9.94088669950739,966.0,118,156.0,1.0,0.00641025641025641,0.09147783251231534,False,0.008771929824561403,0.0,0.0,,,11,rider,0.05,0.5,region_crc,mask2former_swinb_cityscapes,acdc_night_targetcal100,28
,,,0.999985003151645,804,True,0.06638418079096045,0.06638418079096045,0.3380884528160095,26.635467980295566,800.0,118,156.0,10.0,0.0641025641025641,0.11802955665024628,False,0.07894736842105263,0.030303030303030304,0.0,,,11,rider,0.05,0.5,heuristic,mask2former_swinb_cityscapes,acdc_night_targetcal100,28
,,,,-1,True,,0.8276836158192089,0.000400011136662215,,,406,,,0.8333333333333334,,False,,,,,,11,rider,0.05,0.5,argmax,mask2former_swinb_cityscapes,acdc_night_targetcal100,28
,,,0.999985003151645,804,True,0.06638418079096045,0.06638418079096045,0.3380884528160095,26.635467980295566,800.0,118,156.0,10.0,0.0641025641025641,0.11802955665024628,False,0.07894736842105263,0.030303030303030304,0.0,,,11,rider,0.1,0.5,region_crc,mask2former_swinb_cityscapes,acdc_night_targetcal100,28
,,,0.9999815498458082,789,True,0.06638418079096045,0.06638418079096045,0.30687493085861206,27.935960591133004,775.0,118,156.0,10.0,0.0641025641025641,0.11758620689655175,False,0.07894736842105263,0.030303030303030304,0.0,,,11,rider,0.1,0.5,heuristic,mask2former_swinb_cityscapes,acdc_night_targetcal100,28
,,,,-1,True,,0.8276836158192089,0.000400011136662215,,,406,,,0.8333333333333334,,False,,,,,,11,rider,0.1,0.5,argmax,mask2former_swinb_cityscapes,acdc_night_targetcal100,28
,,,0.9999190904100822,682,True,0.13418079096045196,0.134180790960452,0.14321519434452057,24.27093596059113,675.0,118,156.0,20.0,0.1282051282051282,0.08625615763546796,False,0.16666666666666666,0.030303030303030304,0.0,,,11,rider,0.2,0.5,region_crc,mask2former_swinb_cityscapes,acdc_night_targetcal100,28
,,,0.999859395247587,642,True,0.17231638418079095,0.17231638418079098,0.10939827561378479,20.896551724137932,625.0,118,156.0,26.0,0.16666666666666666,0.06916256157635459,False,0.21052631578947367,0.06060606060606061,0.0,,,11,rider,0.2,0.5,heuristic,mask2former_swinb_cityscapes,acdc_night_targetcal100,28
,,,,-1,True,,0.8276836158192089,0.000400011136662215,,,406,,,0.8333333333333334,,False,,,,,,11,rider,0.2,0.5,argmax,mask2former_swinb_cityscapes,acdc_night_targetcal100,28
,,,0.9999974414141131,932,True,0.009615384615384616,0.009615384615384616,0.6282022595405579,15.576354679802956,925.0,104,234.0,1.0,0.004273504273504274,0.08211822660098522,False,0.007462686567164179,0.0,0.0,,,11,bicycle,0.05,0.1,region_crc,mask2former_swinb_cityscapes,acdc_night_targetcal100,26
,,,0.9999898140861194,832,True,0.010989010989010988,0.010989010989010988,0.3759816884994507,27.125615763546797,825.0,104,234.0,2.0,0.008547008547008548,0.1306403940886699,False,0.014925373134328358,0.0,0.0,,,11,bicycle,0.05,0.1,heuristic,mask2former_swinb_cityscapes,acdc_night_targetcal100,26
,,,,-1,True,,0.8231875763125763,0.0006691819871775806,,,406,,,0.7905982905982906,,False,,,,,,11,bicycle,0.05,0.1,argmax,mask2former_swinb_cityscapes,acdc_night_targetcal100,26
,,,0.9999896723859424,831,True,0.010989010989010988,0.010989010989010988,0.3729410469532013,27.125615763546797,825.0,104,234.0,2.0,0.008547008547008548,0.1306403940886699,False,0.014925373134328358,0.0,0.0,,,11,bicycle,0.1,0.1,region_crc,mask2former_swinb_cityscapes,acdc_night_targetcal100,26
,,,0.9999867565846481,813,True,0.010989010989010988,0.010989010989010988,0.33176153898239136,29.049261083743843,800.0,104,234.0,2.0,0.008547008547008548,0.14236453201970434,False,0.014925373134328358,0.0,0.0,,,11,bicycle,0.1,0.1,heuristic,mask2former_swinb_cityscapes,acdc_night_targetcal100,26
,,,,-1,True,,0.8231875763125763,0.0006691819871775806,,,406,,,0.7905982905982906,,False,,,,,,11,bicycle,0.1,0.1,argmax,mask2former_swinb_cityscapes,acdc_night_targetcal100,26
,,,0.9999720745615877,759,True,0.026785714285714284,0.026785714285714284,0.2284686416387558,30.332512315270936,750.0,104,234.0,5.0,0.021367521367521368,0.11536945812807886,False,0.029850746268656716,0.013333333333333334,0.0,,,11,bicycle,0.2,0.1,region_crc,mask2former_swinb_cityscapes,acdc_night_targetcal100,26
,,,0.9999621557415282,737,True,0.046749084249084256,0.046749084249084256,0.19760000705718994,29.623152709359605,725.0,104,234.0,12.0,0.05128205128205128,0.10940886699507385,False,0.06716417910447761,0.04,0.0,,,11,bicycle,0.2,0.1,heuristic,mask2former_swinb_cityscapes,acdc_night_targetcal100,26
,,,,-1,True,,0.8231875763125763,0.0006691819871775806,,,406,,,0.7905982905982906,,False,,,,,,11,bicycle,0.2,0.1,argmax,mask2former_swinb_cityscapes,acdc_night_targetcal100,26
,,,0.9999986448105876,978,True,0.0,0.0,0.7561080455780029,8.945812807881774,978.0,104,234.0,0.0,0.0,0.07743842364532016,False,0.0,0.0,0.0,,,11,bicycle,0.05,0.5,region_crc,mask2former_swinb_cityscapes,acdc_night_targetcal100,26
,,,0.9999982860426925,961,True,0.009615384615384616,0.009615384615384616,0.7086121439933777,10.842364532019705,961.0,104,234.0,1.0,0.004273504273504274,0.06788177339901477,False,0.007462686567164179,0.0,0.0,,,11,bicycle,0.05,0.5,heuristic,mask2former_swinb_cityscapes,acdc_night_targetcal100,26
,,,,-1,True,,0.8824519230769231,0.0006691819871775806,,,406,,,0.8547008547008547,,False,,,,,,11,bicycle,0.05,0.5,argmax,mask2former_swinb_cityscapes,acdc_night_targetcal100,26
,,,0.9999942983572772,874,True,0.023580586080586084,0.023580586080586084,0.48214149475097656,24.834975369458128,850.0,104,234.0,5.0,0.021367521367521368,0.11502463054187184,False,0.029850746268656716,0.013333333333333334,0.0,,,11,bicycle,0.1,0.5,region_crc,mask2former_swinb_cityscapes,acdc_night_targetcal100,26
,,,0.999991488619618,845,True,0.023580586080586084,0.023580586080586084,0.4086505174636841,27.125615763546797,825.0,104,234.0,5.0,0.021367521367521368,0.1161576354679803,False,0.029850746268656716,0.013333333333333334,0.0,,,11,bicycle,0.1,0.5,heuristic,mask2former_swinb_cityscapes,acdc_night_targetcal100,26
,,,,-1,True,,0.8824519230769231,0.0006691819871775806,,,406,,,0.8547008547008547,,False,,,,,,11,bicycle,0.1,0.5,argmax,mask2former_swinb_cityscapes,acdc_night_targetcal100,26
,,,0.9999881423125183,821,True,0.025183150183150184,0.025183150183150184,0.3508402109146118,29.049261083743843,800.0,104,234.0,6.0,0.02564102564102564,0.14527093596059115,False,0.029850746268656716,0.02666666666666667,0.0,,,11,bicycle,0.2,0.5,region_crc,mask2former_swinb_cityscapes,acdc_night_targetcal100,26
,,,0.9999871175044831,815,True,0.025183150183150184,0.025183150183150184,0.3363526463508606,29.049261083743843,800.0,104,234.0,6.0,0.02564102564102564,0.13788177339901475,False,0.029850746268656716,0.02666666666666667,0.0,,,11,bicycle,0.2,0.5,heuristic,mask2former_swinb_cityscapes,acdc_night_targetcal100,26
,,,,-1,True,,0.8824519230769231,0.0006691819871775806,,,406,,,0.8547008547008547,,False,,,,,,11,bicycle,0.2,0.5,argmax,mask2former_swinb_cityscapes,acdc_night_targetcal100,26
,,,0.9999610954855006,735,True,0.03329814684494487,0.03329814684494487,0.35471513867378235,28.135467980295566,725.0,203,675.0,15.0,0.022222222222222223,0.08211822660098522,False,0.03111111111111111,0.00510204081632653,0.0,,,12,person,0.05,0.1,region_crc,mask2former_swinb_cityscapes,acdc_night_targetcal100,44
,,,0.9999411156344644,705,True,0.04491368647772588,0.044913686477725895,0.3002493381500244,28.733990147783253,700.0,203,675.0,25.0,0.037037037037037035,0.09182266009852214,False,0.051111111111111114,0.01020408163265306,0.0,,,12,person,0.05,0.1,heuristic,mask2former_swinb_cityscapes,acdc_night_targetcal100,44
,,,,-1,True,,0.5114507550468141,0.005290393717586994,,,406,,,0.49037037037037035,,False,,,,,,12,person,0.05,0.1,argmax,mask2former_swinb_cityscapes,acdc_night_targetcal100,44
,,,0.999917964845567,681,True,0.05111237284882605,0.051112372848826054,0.25864076614379883,29.253694581280786,675.0,203,675.0,31.0,0.045925925925925926,0.086256157635468,False,0.06,0.02040816326530612,0.0,,,12,person,0.1,0.1,region_crc,mask2former_swinb_cityscapes,acdc_night_targetcal100,44
,,,0.9998472433941762,636,True,0.06823459791440087,0.06823459791440087,0.18909481167793274,28.746305418719214,625.0,203,675.0,45.0,0.06666666666666667,0.06684729064039409,False,0.08888888888888889,0.025510204081632654,0.0,,,12,person,0.1,0.1,heuristic,mask2former_swinb_cityscapes,acdc_night_targetcal100,44
,,,,-1,True,,0.5114507550468141,0.005290393717586994,,,406,,,0.49037037037037035,,False,,,,,,12,person,0.1,0.1,argmax,mask2former_swinb_cityscapes,acdc_night_targetcal100,44
,,,0.9986259580249874,477,True,0.16192077626806692,0.1619207762680669,0.06493060290813446,17.832512315270936,475.0,203,675.0,106.0,0.15703703703703703,0.0659605911330049,False,0.2222222222222222,0.030612244897959183,0.0,,,12,person,0.2,0.1,region_crc,mask2former_swinb_cityscapes,acdc_night_targetcal100,44
,,,0.9984653830172007,469,True,0.1676679027048485,0.16766790270484852,0.06192849949002266,16.189655172413794,450.0,203,675.0,109.0,0.16148148148148148,0.06812807881773397,False,0.22444444444444445,0.04081632653061224,0.0,,,12,person,0.2,0.1,heuristic,mask2former_swinb_cityscapes,acdc_night_targetcal100,44
,,,,-1,True,,0.5114507550468141,0.005290393717586994,,,406,,,0.49037037037037035,,False,,,,,,12,person,0.2,0.1,argmax,mask2former_swinb_cityscapes,acdc_night_targetcal100,44
,,,0.9999679373067549,749,True,0.0520975945237029,0.0520975945237029,0.38571271300315857,28.135467980295566,725.0,203,675.0,33.0,0.04888888888888889,0.08650246305418718,False,0.06444444444444444,0.02040816326530612,0.0,,,12,person,0.05,0.5,region_crc,mask2former_swinb_cityscapes,acdc_night_targetcal100,44
,,,0.9999631871026358,739,True,0.057863380461902626,0.05786338046190263,0.3632568120956421,28.135467980295566,725.0,203,675.0,36.0,0.05333333333333334,0.07472906403940893,False,0.07111111111111111,0.02040816326530612,0.0,,,12,person,0.05,0.5,heuristic,mask2former_swinb_cityscapes,acdc_night_targetcal100,44
,,,,-1,True,,0.5935908235169319,0.005290393717586994,,,406,,,0.5733333333333334,,False,,,,,,12,person,0.05,0.5,argmax,mask2former_swinb_cityscapes,acdc_night_targetcal100,44
,,,0.9999527936958736,721,True,0.06049063826157422,0.06049063826157422,0.3279772102832794,28.733990147783253,700.0,203,675.0,38.0,0.056296296296296296,0.07472906403940893,False,0.07333333333333333,0.025510204081632654,0.0,,,12,person,0.1,0.5,region_crc,mask2former_swinb_cityscapes,acdc_night_targetcal100,44
,,,0.9999314511773547,694,True,0.07918932463267439,0.07918932463267439,0.2815881073474884,29.253694581280786,675.0,203,675.0,47.0,0.06962962962962962,0.06945812807881774,False,0.09333333333333334,0.025510204081632654,0.0,,,12,person,0.1,0.5,heuristic,mask2former_swinb_cityscapes,acdc_night_targetcal100,44
,,,,-1,True,,0.5935908235169319,0.005290393717586994,,,406,,,0.5733333333333334,,False,,,,,,12,person,0.1,0.5,argmax,mask2former_swinb_cityscapes,acdc_night_targetcal100,44
,,,0.9995512546100669,558,True,0.1653675210941221,0.16536752109412203,0.11226656287908554,24.238916256157637,550.0,203,675.0,107.0,0.15851851851851853,0.06748768472906402,False,0.22,0.04081632653061224,0.0,,,12,person,0.2,0.5,region_crc,mask2former_swinb_cityscapes,acdc_night_targetcal100,44
,,,0.9991643969817687,513,True,0.1808539503736548,0.1808539503736548,0.08216309547424316,19.92118226600985,500.0,203,675.0,116.0,0.17185185185185184,0.076256157635468,False,0.23555555555555555,0.05102040816326531,0.0,,,12,person,0.2,0.5,heuristic,mask2former_swinb_cityscapes,acdc_night_targetcal100,44
,,,,-1,True,,0.5935908235169319,0.005290393717586994,,,406,,,0.5733333333333334,,False,,,,,,12,person,0.2,0.5,argmax,mask2former_swinb_cityscapes,acdc_night_targetcal100,44
,,,0.9999973331413354,929,True,0.0,0.0,0.6298969388008118,13.490147783251231,925.0,113,145.0,0.0,0.0,0.09064039408866997,False,0.0,0.0,0.0,,,12,rider,0.05,0.1,region_crc,mask2former_swinb_cityscapes,acdc_night_targetcal100,33
,,,0.9999952356901319,887,True,0.0,0.0,0.5389982461929321,19.669950738916256,875.0,113,145.0,0.0,0.0,0.06935960591133006,False,0.0,0.0,0.0,,,12,rider,0.05,0.1,heuristic,mask2former_swinb_cityscapes,acdc_night_targetcal100,33
,,,,-1,True,,0.7625368731563421,0.0003167749382555485,,,406,,,0.7724137931034483,,False,,,,,,12,rider,0.05,0.1,argmax,mask2former_swinb_cityscapes,acdc_night_targetcal100,33
,,,0.999991946215588,849,True,0.0,0.0,0.4467277228832245,24.123152709359605,825.0,113,145.0,0.0,0.0,0.07458128078817733,False,0.0,0.0,0.0,,,12,rider,0.1,0.1,region_crc,mask2former_swinb_cityscapes,acdc_night_targetcal100,33
,,,0.9999827813142501,794,True,0.017699115044247787,0.017699115044247787,0.32239145040512085,27.22906403940887,775.0,113,145.0,2.0,0.013793103448275862,0.059556650246305465,False,0.018691588785046728,0.0,0.0,,,12,rider,0.1,0.1,heuristic,mask2former_swinb_cityscapes,acdc_night_targetcal100,33
,,,,-1,True,,0.7625368731563421,0.0003167749382555485,,,406,,,0.7724137931034483,,False,,,,,,12,rider,0.1,0.1,argmax,mask2former_swinb_cityscapes,acdc_night_targetcal100,33
,,,0.9999605542697925,734,True,0.035398230088495575,0.035398230088495575,0.20767340064048767,27.032019704433498,725.0,113,145.0,4.0,0.027586206896551724,0.09886699507389163,False,0.037383177570093455,0.0,0.0,,,12,rider,0.2,0.1,region_crc,mask2former_swinb_cityscapes,acdc_night_targetcal100,33
,,,0.9999202005312732,683,True,0.05752212389380531,0.05752212389380531,0.14353251457214355,23.970443349753694,675.0,113,145.0,8.0,0.05517241379310345,0.0855665024630542,False,0.07476635514018691,0.0,0.0,,,12,rider,0.2,0.1,heuristic,mask2former_swinb_cityscapes,acdc_night_targetcal100,33
,,,,-1,True,,0.7625368731563421,0.0003167749382555485,,,406,,,0.7724137931034483,,False,,,,,,12,rider,0.2,0.1,argmax,mask2former_swinb_cityscapes,acdc_night_targetcal100,33
,,,0.9999984004419714,966,True,0.0,0.0,0.7103537321090698,10.433497536945813,966.0,113,145.0,0.0,0.0,0.12566502463054186,False,0.0,0.0,0.0,,,12,rider,0.05,0.5,region_crc,mask2former_swinb_cityscapes,acdc_night_targetcal100,33
,,,0.9999978021401272,943,True,0.0,0.0,0.6598138213157654,13.490147783251231,925.0,113,145.0,0.0,0.0,0.10497536945812813,False,0.0,0.0,0.0,,,12,rider,0.05,0.5,heuristic,mask2former_swinb_cityscapes,acdc_night_targetcal100,33
,,,,-1,True,,0.8289085545722713,0.0003167749382555485,,,406,,,0.8413793103448276,,False,,,,,,12,rider,0.05,0.5,argmax,mask2former_swinb_cityscapes,acdc_night_targetcal100,33
,,,0.9999964843955947,909,True,0.0,0.0,0.5890493988990784,16.38177339901478,900.0,113,145.0,0.0,0.0,0.08876847290640388,False,0.0,0.0,0.0,,,12,rider,0.1,0.5,region_crc,mask2former_swinb_cityscapes,acdc_night_targetcal100,33
,,,0.9999931766130585,861,True,0.017699115044247787,0.017699115044247787,0.47540950775146484,21.995073891625616,850.0,113,145.0,2.0,0.013793103448275862,0.055320197044334996,False,0.018691588785046728,0.0,0.0,,,12,rider,0.1,0.5,heuristic,mask2former_swinb_cityscapes,acdc_night_targetcal100,33
,,,,-1,True,,0.8289085545722713,0.0003167749382555485,,,406,,,0.8413793103448276,,False,,,,,,12,rider,0.1,0.5,argmax,mask2former_swinb_cityscapes,acdc_night_targetcal100,33
,,,0.999971686080042,758,True,0.05752212389380531,0.05752212389380531,0.25303754210472107,27.85960591133005,750.0,113,145.0,7.0,0.04827586206896552,0.09669950738916255,False,0.056074766355140186,0.030303030303030304,0.0,,,12,rider,0.2,0.5,region_crc,mask2former_swinb_cityscapes,acdc_night_targetcal100,33
,,,0.999950111551254,717,True,0.07964601769911504,0.07964601769911504,0.18403901159763336,25.77093596059113,700.0,113,145.0,11.0,0.07586206896551724,0.09064039408866986,False,0.09345794392523364,0.030303030303030304,0.0,,,12,rider,0.2,0.5,heuristic,mask2former_swinb_cityscapes,acdc_night_targetcal100,33
,,,,-1,True,,0.8289085545722713,0.0003167749382555485,,,406,,,0.8413793103448276,,False,,,,,,12,rider,0.2,0.5,argmax,mask2former_swinb_cityscapes,acdc_night_targetcal100,33
,,,0.9999983327527875,963,True,0.0,0.0,0.7159976959228516,11.113300492610838,963.0,101,206.0,0.0,0.0,0.08408866995073892,False,0.0,0.0,0.0,,,12,bicycle,0.05,0.1,region_crc,mask2former_swinb_cityscapes,acdc_night_targetcal100,29
,,,0.9999974414141131,932,True,0.0,0.0,0.6283133625984192,16.004926108374384,925.0,101,206.0,0.0,0.0,0.08049261083743844,False,0.0,0.0,0.0,,,12,bicycle,0.05,0.1,heuristic,mask2former_swinb_cityscapes,acdc_night_targetcal100,29
,,,,-1,True,,0.8033474776049033,0.00047897236072458327,,,406,,,0.7766990291262136,,False,,,,,,12,bicycle,0.05,0.1,argmax,mask2former_swinb_cityscapes,acdc_night_targetcal100,29
,,,0.9999810329407879,787,True,0.0297029702970297,0.0297029702970297,0.28374630212783813,29.467980295566502,775.0,101,206.0,4.0,0.019417475728155338,0.05054187192118231,False,0.032,0.0,0.0,,,12,bicycle,0.1,0.1,region_crc,mask2former_swinb_cityscapes,acdc_night_targetcal100,29
,,,0.999974996546383,767,True,0.034653465346534656,0.034653465346534656,0.24794438481330872,29.775862068965516,750.0,101,206.0,5.0,0.024271844660194174,0.07911330049261084,False,0.04,0.0,0.0,,,12,bicycle,0.1,0.1,heuristic,mask2former_swinb_cityscapes,acdc_night_targetcal100,29
,,,,-1,True,,0.8033474776049033,0.00047897236072458327,,,406,,,0.7766990291262136,,False,,,,,,12,bicycle,0.1,0.1,argmax,mask2former_swinb_cityscapes,acdc_night_targetcal100,29
,,,0.9999419235582478,706,True,0.08078736445073079,0.08078736445073079,0.15461847186088562,27.623152709359605,700.0,101,206.0,15.0,0.07281553398058252,0.08280788177339904,False,0.12,0.0,0.0,,,12,bicycle,0.2,0.1,region_crc,mask2former_swinb_cityscapes,acdc_night_targetcal100,29
,,,0.9998962471584182,664,True,0.11874115983026873,0.11874115983026876,0.11162840574979782,24.278325123152708,650.0,101,206.0,20.0,0.0970873786407767,0.08921182266009853,False,0.152,0.016129032258064516,0.0,,,12,bicycle,0.2,0.1,heuristic,mask2former_swinb_cityscapes,acdc_night_targetcal100,29
,,,,-1,True,,0.8033474776049033,0.00047897236072458327,,,406,,,0.7766990291262136,,False,,,,,,12,bicycle,0.2,0.1,argmax,mask2former_swinb_cityscapes,acdc_night_targetcal100,29
,,,0.9999984004419714,966,True,0.0,0.0,0.723207950592041,10.810344827586206,966.0,101,206.0,0.0,0.0,0.08408866995073892,False,0.0,0.0,0.0,,,12,bicycle,0.05,0.5,region_crc,mask2former_swinb_cityscapes,acdc_night_targetcal100,29
,,,0.9999984004419714,966,True,0.0,0.0,0.723207950592041,10.810344827586206,966.0,101,206.0,0.0,0.0,0.08408866995073892,False,0.0,0.0,0.0,,,12,bicycle,0.05,0.5,heuristic,mask2former_swinb_cityscapes,acdc_night_targetcal100,29
,,,,-1,True,,0.8652522395096651,0.00047897236072458327,,,406,,,0.8446601941747572,,False,,,,,,12,bicycle,0.05,0.5,argmax,mask2former_swinb_cityscapes,acdc_night_targetcal100,29
,,,0.9999952356901319,887,True,0.009900990099009901,0.009900990099009901,0.5180229544639587,22.07881773399015,875.0,101,206.0,1.0,0.0048543689320388345,0.07182266009852212,False,0.008,0.0,0.0,,,12,bicycle,0.1,0.5,region_crc,mask2former_swinb_cityscapes,acdc_night_targetcal100,29
,,,0.9999942983572772,874,True,0.011551155115511552,0.011551155115511552,0.48245057463645935,24.45320197044335,850.0,101,206.0,2.0,0.009708737864077669,0.0813793103448276,False,0.016,0.0,0.0,,,12,bicycle,0.1,0.5,heuristic,mask2former_swinb_cityscapes,acdc_night_targetcal100,29
,,,,-1,True,,0.8652522395096651,0.00047897236072458327,,,406,,,0.8446601941747572,,False,,,,,,12,bicycle,0.1,0.5,argmax,mask2former_swinb_cityscapes,acdc_night_targetcal100,29
,,,0.9999830175634754,795,True,0.03382838283828383,0.03382838283828383,0.29865744709968567,29.467980295566502,775.0,101,206.0,6.0,0.02912621359223301,0.053448275862068906,False,0.048,0.0,0.0,,,12,bicycle,0.2,0.5,region_crc,mask2former_swinb_cityscapes,acdc_night_targetcal100,29
,,,0.9999785216952587,778,True,0.05693069306930693,0.05693069306930693,0.2669535279273987,29.467980295566502,775.0,101,206.0,9.0,0.043689320388349516,0.06955665024630547,False,0.064,0.016129032258064516,0.0,,,12,bicycle,0.2,0.5,heuristic,mask2former_swinb_cityscapes,acdc_night_targetcal100,29
,,,,-1,True,,0.8652522395096651,0.00047897236072458327,,,406,,,0.8446601941747572,,False,,,,,,12,bicycle,0.2,0.5,argmax,mask2former_swinb_cityscapes,acdc_night_targetcal100,29
,,,0.9999565489775828,727,True,0.03854922854922854,0.03854922854922854,0.33728161454200745,27.507389162561577,725.0,195,645.0,18.0,0.027906976744186046,0.08453201970443347,False,0.041189931350114416,0.0,0.0,,,13,person,0.05,0.1,region_crc,mask2former_swinb_cityscapes,acdc_night_targetcal100,52
,,,0.999897670700772,665,True,0.07559468309468309,0.07559468309468309,0.23427709937095642,29.03448275862069,650.0,195,645.0,42.0,0.06511627906976744,0.07891625615763542,False,0.08924485125858124,0.016483516483516484,0.0,,,13,person,0.05,0.1,heuristic,mask2former_swinb_cityscapes,acdc_night_targetcal100,52
,,,,-1,True,,0.5068244718244718,0.005203475710004568,,,406,,,0.48527131782945737,,False,,,,,,13,person,0.05,0.1,argmax,mask2former_swinb_cityscapes,acdc_night_targetcal100,52
,,,0.9996091591042076,568,True,0.11503163503163502,0.11503163503163502,0.12370853126049042,23.635467980295566,550.0,195,645.0,74.0,0.11472868217054263,0.05733990147783252,False,0.16018306636155608,0.02197802197802198,0.0,,,13,person,0.1,0.1,region_crc,mask2former_swinb_cityscapes,acdc_night_targetcal100,52
,,,0.9995450119398499,557,True,0.11866411366411365,0.11866411366411365,0.11514271795749664,23.635467980295566,550.0,195,645.0,78.0,0.12093023255813953,0.05995073891625613,False,0.16933638443935928,0.02197802197802198,0.0,,,13,person,0.1,0.1,heuristic,mask2former_swinb_cityscapes,acdc_night_targetcal100,52
,,,,-1,True,,0.5068244718244718,0.005203475710004568,,,406,,,0.48527131782945737,,False,,,,,,13,person,0.1,0.1,argmax,mask2former_swinb_cityscapes,acdc_night_targetcal100,52
,,,0.9976121887170868,437,True,0.19514567341490419,0.19514567341490419,0.05283476412296295,14.886699507389162,425.0,195,645.0,123.0,0.19069767441860466,0.08729064039408863,False,0.2631578947368421,0.04395604395604396,0.0,,,13,person,0.2,0.1,region_crc,mask2former_swinb_cityscapes,acdc_night_targetcal100,52
,,,0.9968084621448993,416,True,0.20813712640635718,0.20813712640635718,0.04568461701273918,13.300492610837438,400.0,195,645.0,129.0,0.2,0.1052216748768473,False,0.2745995423340961,0.04945054945054945,0.0,,,13,person,0.2,0.1,heuristic,mask2former_swinb_cityscapes,acdc_night_targetcal100,52
,,,,-1,True,,0.5068244718244718,0.005203475710004568,,,406,,,0.48527131782945737,,False,,,,,,13,person,0.2,0.1,argmax,mask2former_swinb_cityscapes,acdc_night_targetcal100,52
,,,0.9999782229022764,777,True,0.039874014874014874,0.039874014874014874,0.44384562969207764,23.874384236453203,775.0,195,645.0,22.0,0.034108527131782945,0.08413793103448275,False,0.043478260869565216,0.016483516483516484,0.0,,,13,person,0.05,0.5,region_crc,mask2former_swinb_cityscapes,acdc_night_targetcal100,52
,,,0.9999665804959974,746,True,0.050000277500277496,0.050000277500277496,0.3748854398727417,27.507389162561577,725.0,195,645.0,29.0,0.04496124031007752,0.07758620689655171,False,0.059496567505720827,0.016483516483516484,0.0,,,13,person,0.05,0.5,heuristic,mask2former_swinb_cityscapes,acdc_night_targetcal100,52
,,,,-1,True,,0.5918233618233619,0.005203475710004568,,,406,,,0.5689922480620155,,False,,,,,,13,person,0.05,0.5,argmax,mask2former_swinb_cityscapes,acdc_night_targetcal100,52
,,,0.9999244907772334,687,True,0.08625929625929625,0.08625929625929625,0.26973599195480347,28.763546798029555,675.0,195,645.0,50.0,0.07751937984496124,0.09650246305418714,False,0.10526315789473684,0.02197802197802198,0.0,,,13,person,0.1,0.5,region_crc,mask2former_swinb_cityscapes,acdc_night_targetcal100,52
,,,0.9998723561191188,649,True,0.0980930180930181,0.0980930180930181,0.21248266100883484,28.33743842364532,625.0,195,645.0,61.0,0.09457364341085271,0.09615763546798028,False,0.13043478260869565,0.02197802197802198,0.0,,,13,person,0.1,0.5,heuristic,mask2former_swinb_cityscapes,acdc_night_targetcal100,52
,,,,-1,True,,0.5918233618233619,0.005203475710004568,,,406,,,0.5689922480620155,,False,,,,,,13,person,0.1,0.5,argmax,mask2former_swinb_cityscapes,acdc_night_targetcal100,52
,,,0.9987697312291877,485,True,0.2111489294181602,0.2111489294181602,0.0717988908290863,17.701970443349754,475.0,195,645.0,132.0,0.20465116279069767,0.09837438423645317,False,0.2814645308924485,0.04945054945054945,0.0,,,13,person,0.2,0.5,region_crc,mask2former_swinb_cityscapes,acdc_night_targetcal100,52
,,,0.9985874624553772,475,True,0.21200363027286104,0.21200363027286104,0.0677490159869194,17.701970443349754,475.0,195,645.0,133.0,0.2062015503875969,0.11113300492610839,False,0.2837528604118993,0.04945054945054945,0.0,,,13,person,0.2,0.5,heuristic,mask2former_swinb_cityscapes,acdc_night_targetcal100,52
,,,,-1,True,,0.5918233618233619,0.005203475710004568,,,406,,,0.5689922480620155,,False,,,,,,13,person,0.2,0.5,argmax,mask2former_swinb_cityscapes,acdc_night_targetcal100,52
,,,0.999988779815457,825,True,0.029239766081871347,0.029239766081871347,0.3952349126338959,23.73152709359606,825.0,114,150.0,4.0,0.02666666666666667,0.07768472906403934,False,0.03669724770642202,0.0,0.0,,,13,rider,0.05,0.1,region_crc,mask2former_swinb_cityscapes,acdc_night_targetcal100,32
,,,0.9999827813142501,794,True,0.029239766081871347,0.029239766081871347,0.3258989453315735,27.20689655172414,775.0,114,150.0,4.0,0.02666666666666667,0.10758620689655174,False,0.03669724770642202,0.0,0.0,,,13,rider,0.05,0.1,heuristic,mask2former_swinb_cityscapes,acdc_night_targetcal100,32
,,,,-1,True,,0.773391812865497,0.00039221905171871185,,,406,,,0.7733333333333333,,False,,,,,,13,rider,0.05,0.1,argmax,mask2former_swinb_cityscapes,acdc_night_targetcal100,32
,,,0.9999827813142501,794,True,0.029239766081871347,0.029239766081871347,0.3258989453315735,27.20689655172414,775.0,114,150.0,4.0,0.02666666666666667,0.10758620689655174,False,0.03669724770642202,0.0,0.0,,,13,rider,0.1,0.1,region_crc,mask2former_swinb_cityscapes,acdc_night_targetcal100,32
,,,0.9999827813142501,794,True,0.029239766081871347,0.029239766081871347,0.3258989453315735,27.20689655172414,775.0,114,150.0,4.0,0.02666666666666667,0.10758620689655174,False,0.03669724770642202,0.0,0.0,,,13,rider,0.1,0.1,heuristic,mask2former_swinb_cityscapes,acdc_night_targetcal100,32
,,,,-1,True,,0.773391812865497,0.00039221905171871185,,,406,,,0.7733333333333333,,False,,,,,,13,rider,0.1,0.1,argmax,mask2former_swinb_cityscapes,acdc_night_targetcal100,32
,,,0.9999045007413978,670,True,0.07748538011695906,0.07748538011695907,0.1352558732032776,23.05665024630542,650.0,114,150.0,12.0,0.08,0.05014778325123159,False,0.11009174311926606,0.0,0.0,,,13,rider,0.2,0.1,region_crc,mask2former_swinb_cityscapes,acdc_night_targetcal100,32
,,,0.9999045007413978,670,True,0.07748538011695906,0.07748538011695907,0.1352558732032776,23.05665024630542,650.0,114,150.0,12.0,0.08,0.05014778325123159,False,0.11009174311926606,0.0,0.0,,,13,rider,0.2,0.1,heuristic,mask2former_swinb_cityscapes,acdc_night_targetcal100,32
,,,,-1,True,,0.773391812865497,0.00039221905171871185,,,406,,,0.7733333333333333,,False,,,,,,13,rider,0.2,0.1,argmax,mask2former_swinb_cityscapes,acdc_night_targetcal100,32
,,,0.9999930816902908,860,True,0.04239766081871345,0.042397660818713455,0.4747370183467865,21.539408866995075,850.0,114,150.0,6.0,0.04,0.06413793103448273,False,0.05504587155963303,0.0,0.0,,,13,rider,0.05,0.5,region_crc,mask2former_swinb_cityscapes,acdc_night_targetcal100,32
,,,0.9999899538420972,833,True,0.04239766081871345,0.042397660818713455,0.4137325584888458,23.73152709359606,825.0,114,150.0,6.0,0.04,0.07576354679802955,False,0.05504587155963303,0.0,0.0,,,13,rider,0.05,0.5,heuristic,mask2former_swinb_cityscapes,acdc_night_targetcal100,32
,,,,-1,True,,0.8216374269005847,0.00039221905171871185,,,406,,,0.8266666666666667,,False,,,,,,13,rider,0.05,0.5,argmax,mask2former_swinb_cityscapes,acdc_night_targetcal100,32
,,,0.9999890855966355,827,True,0.04239766081871345,0.042397660818713455,0.3999691605567932,23.73152709359606,825.0,114,150.0,6.0,0.04,0.08275862068965512,False,0.05504587155963303,0.0,0.0,,,13,rider,0.1,0.5,region_crc,mask2former_swinb_cityscapes,acdc_night_targetcal100,32
,,,0.9999863855531753,811,True,0.04239766081871345,0.042397660818713455,0.3616666793823242,25.527093596059114,800.0,114,150.0,6.0,0.04,0.06842364532019707,False,0.05504587155963303,0.0,0.0,,,13,rider,0.1,0.5,heuristic,mask2former_swinb_cityscapes,acdc_night_targetcal100,32
,,,,-1,True,,0.8216374269005847,0.00039221905171871185,,,406,,,0.8266666666666667,,False,,,,,,13,rider,0.1,0.5,argmax,mask2former_swinb_cityscapes,acdc_night_targetcal100,32
,,,0.9999670390287823,747,True,0.06432748538011696,0.06432748538011697,0.23305940628051758,26.342364532019705,725.0,114,150.0,9.0,0.06,0.04950738916256159,False,0.08256880733944955,0.0,0.0,,,13,rider,0.2,0.5,region_crc,mask2former_swinb_cityscapes,acdc_night_targetcal100,32
,,,0.9999507960464319,718,True,0.07748538011695906,0.07748538011695907,0.18949489295482635,25.4064039408867,700.0,114,150.0,12.0,0.08,0.07635467980295568,False,0.11009174311926606,0.0,0.0,,,13,rider,0.2,0.5,heuristic,mask2former_swinb_cityscapes,acdc_night_targetcal100,32
,,,,-1,True,,0.8216374269005847,0.00039221905171871185,,,406,,,0.8266666666666667,,False,,,,,,13,rider,0.2,0.5,argmax,mask2former_swinb_cityscapes,acdc_night_targetcal100,32
,,,0.9999867565846481,813,True,0.03483709273182957,0.03483709273182957,0.3330541253089905,28.72906403940887,800.0,95,221.0,6.0,0.027149321266968326,0.09955665024630539,False,0.04477611940298507,0.0,0.0,,,13,bicycle,0.05,0.1,region_crc,mask2former_swinb_cityscapes,acdc_night_targetcal100,35
,,,0.999974996546383,767,True,0.048621553884711774,0.048621553884711774,0.2437593787908554,29.647783251231527,750.0,95,221.0,10.0,0.04524886877828054,0.10591133004926112,False,0.07462686567164178,0.0,0.0,,,13,bicycle,0.05,0.1,heuristic,mask2former_swinb_cityscapes,acdc_night_targetcal100,35
,,,,-1,True,,0.8459356725146198,0.0005476826918311417,,,406,,,0.8235294117647058,,False,,,,,,13,bicycle,0.05,0.1,argmax,mask2former_swinb_cityscapes,acdc_night_targetcal100,35
,,,0.9999704879077334,755,True,0.05538847117794486,0.05538847117794486,0.22393949329853058,29.647783251231527,750.0,95,221.0,12.0,0.05429864253393665,0.10532019704433493,False,0.08208955223880597,0.014084507042253521,0.0,,,13,bicycle,0.1,0.1,region_crc,mask2former_swinb_cityscapes,acdc_night_targetcal100,35
,,,0.999963692194523,740,True,0.05714285714285715,0.05714285714285715,0.20247915387153625,29.192118226600986,725.0,95,221.0,13.0,0.058823529411764705,0.09098522167487688,False,0.08955223880597014,0.014084507042253521,0.0,,,13,bicycle,0.1,0.1,heuristic,mask2former_swinb_cityscapes,acdc_night_targetcal100,35
,,,,-1,True,,0.8459356725146198,0.0005476826918311417,,,406,,,0.8235294117647058,,False,,,,,,13,bicycle,0.1,0.1,argmax,mask2former_swinb_cityscapes,acdc_night_targetcal100,35
,,,0.999885712166521,657,True,0.1332080200501253,0.1332080200501253,0.1062798723578453,24.266009852216747,650.0,95,221.0,28.0,0.12669683257918551,0.080935960591133,False,0.1865671641791045,0.04225352112676056,0.0,,,13,bicycle,0.2,0.1,region_crc,mask2former_swinb_cityscapes,acdc_night_targetcal100,35
,,,0.9998451183381087,635,True,0.17067669172932332,0.17067669172932332,0.08641671389341354,21.92118226600985,625.0,95,221.0,34.0,0.15384615384615385,0.08064039408866994,False,0.23134328358208955,0.04225352112676056,0.0,,,13,bicycle,0.2,0.1,heuristic,mask2former_swinb_cityscapes,acdc_night_targetcal100,35
,,,,-1,True,,0.8459356725146198,0.0005476826918311417,,,406,,,0.8235294117647058,,False,,,,,,13,bicycle,0.2,0.1,argmax,mask2former_swinb_cityscapes,acdc_night_targetcal100,35
,,,0.9999982860426925,961,True,0.015789473684210527,0.015789473684210527,0.7095841765403748,11.216748768472906,961.0,95,221.0,2.0,0.00904977375565611,0.11147783251231526,False,0.014925373134328358,0.0,0.0,,,13,bicycle,0.05,0.5,region_crc,mask2former_swinb_cityscapes,acdc_night_targetcal100,35
,,,0.9999952356901319,887,True,0.017293233082706767,0.017293233082706767,0.5177537202835083,22.189655172413794,875.0,95,221.0,3.0,0.013574660633484163,0.05418719211822659,False,0.022388059701492536,0.0,0.0,,,13,bicycle,0.05,0.5,heuristic,mask2former_swinb_cityscapes,acdc_night_targetcal100,35
,,,,-1,True,,0.8944736842105263,0.0005476826918311417,,,406,,,0.8642533936651584,,False,,,,,,13,bicycle,0.05,0.5,argmax,mask2former_swinb_cityscapes,acdc_night_targetcal100,35
,,,0.9999830175634754,795,True,0.060025062656641606,0.060025062656641606,0.29493409395217896,29.68472906403941,775.0,95,221.0,14.0,0.06334841628959276,0.10911330049261087,False,0.09701492537313433,0.014084507042253521,0.0,,,13,bicycle,0.1,0.5,region_crc,mask2former_swinb_cityscapes,acdc_night_targetcal100,35
,,,0.9999776127886143,775,True,0.1018796992481203,0.10187969924812028,0.257283091545105,29.68472906403941,775.0,95,221.0,20.0,0.09049773755656108,0.11113300492610845,False,0.12686567164179105,0.04225352112676056,0.0,,,13,bicycle,0.1,0.5,heuristic,mask2former_swinb_cityscapes,acdc_night_targetcal100,35
,,,,-1,True,,0.8944736842105263,0.0005476826918311417,,,406,,,0.8642533936651584,,False,,,,,,13,bicycle,0.1,0.5,argmax,mask2former_swinb_cityscapes,acdc_night_targetcal100,35
,,,0.9999665804959974,746,True,0.1281954887218045,0.1281954887218045,0.21182382106781006,29.192118226600986,725.0,95,221.0,23.0,0.10407239819004525,0.08763546798029553,False,0.14925373134328357,0.04225352112676056,0.0,,,13,bicycle,0.2,0.5,region_crc,mask2former_swinb_cityscapes,acdc_night_targetcal100,35
,,,0.9999616292754507,736,True,0.13170426065162907,0.13170426065162907,0.1968606412410736,29.192118226600986,725.0,95,221.0,24.0,0.1085972850678733,0.10576354679802957,False,0.15671641791044777,0.04225352112676056,0.0,,,13,bicycle,0.2,0.5,heuristic,mask2former_swinb_cityscapes,acdc_night_targetcal100,35
,,,,-1,True,,0.8944736842105263,0.0005476826918311417,,,406,,,0.8642533936651584,,False,,,,,,13,bicycle,0.2,0.5,argmax,mask2former_swinb_cityscapes,acdc_night_targetcal100,35
,,,0.9999871175044831,815,True,0.010101010101010102,0.010101010101010102,0.5235798358917236,21.40394088669951,800.0,198,698.0,5.0,0.0071633237822349575,0.08133004926108373,False,0.010460251046025104,0.0,0.0,,,14,person,0.05,0.1,region_crc,mask2former_swinb_cityscapes,acdc_night_targetcal100,49
,,,0.9999411156344644,705,True,0.04604787047968866,0.04604787047968866,0.30367428064346313,28.11576354679803,700.0,198,698.0,28.0,0.04011461318051576,0.06384236453201975,False,0.05439330543933055,0.010416666666666666,0.0,,,14,person,0.05,0.1,heuristic,mask2former_swinb_cityscapes,acdc_night_targetcal100,49
,,,,-1,True,,0.5201606614485402,0.005271248985081911,,,406,,,0.4899713467048711,,False,,,,,,14,person,0.05,0.1,argmax,mask2former_swinb_cityscapes,acdc_night_targetcal100,49
,,,0.9997233058354589,593,True,0.0956923127377673,0.09569231273776728,0.14486227929592133,25.157635467980295,575.0,198,698.0,63.0,0.09025787965616046,0.08221674876847285,False,0.12133891213389121,0.026041666666666668,0.0,,,14,person,0.1,0.1,region_crc,mask2former_swinb_cityscapes,acdc_night_targetcal100,49
,,,0.9996091591042076,568,True,0.11002120774848048,0.11002120774848045,0.1246674433350563,23.761083743842363,550.0,198,698.0,74.0,0.10601719197707736,0.07541871921182264,False,0.14435146443514643,0.026041666666666668,0.0,,,14,person,0.1,0.1,heuristic,mask2former_swinb_cityscapes,acdc_night_targetcal100,49
,,,,-1,True,,0.5201606614485402,0.005271248985081911,,,406,,,0.4899713467048711,,False,,,,,,14,person,0.1,0.1,argmax,mask2former_swinb_cityscapes,acdc_night_targetcal100,49
,,,0.9975111426817176,434,True,0.20054521096187763,0.20054521096187763,0.052876006811857224,14.310344827586206,425.0,198,698.0,135.0,0.19340974212034384,0.05315270935960592,False,0.26359832635983266,0.046875,0.0,,,14,person,0.2,0.1,region_crc,mask2former_swinb_cityscapes,acdc_night_targetcal100,49
,,,0.9938905797509443,369,True,0.23464291740806895,0.23464291740806895,0.034311067312955856,10.16256157635468,350.0,198,698.0,158.0,0.22636103151862463,0.05369458128078819,False,0.3075313807531381,0.057291666666666664,0.0,,,14,person,0.2,0.1,heuristic,mask2former_swinb_cityscapes,acdc_night_targetcal100,49
,,,,-1,True,,0.5201606614485402,0.005271248985081911,,,406,,,0.4899713467048711,,False,,,,,,14,person,0.2,0.1,argmax,mask2former_swinb_cityscapes,acdc_night_targetcal100,49
,,,0.9999895287145195,830,True,0.022817460317460316,0.022817460317460316,0.5517638325691223,19.376847290640395,825.0,198,698.0,13.0,0.01862464183381089,0.06960591133004929,False,0.02301255230125523,0.010416666666666666,0.0,,,14,person,0.05,0.5,region_crc,mask2former_swinb_cityscapes,acdc_night_targetcal100,49
,,,0.9999594491464552,732,True,0.06121851633215269,0.061218516332152695,0.34835365414619446,27.507389162561577,725.0,198,698.0,41.0,0.05873925501432665,0.05438423645320195,False,0.07740585774058577,0.020833333333333332,0.0,,,14,person,0.05,0.5,heuristic,mask2former_swinb_cityscapes,acdc_night_targetcal100,49
,,,,-1,True,,0.5967474164443861,0.005271248985081911,,,406,,,0.5716332378223495,,False,,,,,,14,person,0.05,0.5,argmax,mask2former_swinb_cityscapes,acdc_night_targetcal100,49
,,,0.9999156665242236,679,True,0.09251661638025273,0.09251661638025273,0.2572680413722992,28.75615763546798,675.0,198,698.0,58.0,0.0830945558739255,0.05980295566502458,False,0.1108786610878661,0.026041666666666668,0.0,,,14,person,0.1,0.5,region_crc,mask2former_swinb_cityscapes,acdc_night_targetcal100,49
,,,0.999819698225914,624,True,0.11835836722200357,0.11835836722200357,0.17742149531841278,26.746305418719214,600.0,198,698.0,75.0,0.10744985673352435,0.06413793103448273,False,0.14644351464435146,0.026041666666666668,0.0,,,14,person,0.1,0.5,heuristic,mask2former_swinb_cityscapes,acdc_night_targetcal100,49
,,,,-1,True,,0.5967474164443861,0.005271248985081911,,,406,,,0.5716332378223495,,False,,,,,,14,person,0.1,0.5,argmax,mask2former_swinb_cityscapes,acdc_night_targetcal100,49
,,,0.9985874624553772,475,True,0.21571676780010113,0.21571676780010113,0.06780938059091568,17.34729064039409,475.0,198,698.0,143.0,0.20487106017191978,0.06714285714285706,False,0.27824267782426776,0.052083333333333336,0.0,,,14,person,0.2,0.5,region_crc,mask2former_swinb_cityscapes,acdc_night_targetcal100,49
,,,0.9985678121007264,474,True,0.21571676780010113,0.21571676780010113,0.06743258982896805,15.830049261083744,450.0,198,698.0,143.0,0.20487106017191978,0.07192118226600996,False,0.27824267782426776,0.052083333333333336,0.0,,,14,person,0.2,0.5,heuristic,mask2former_swinb_cityscapes,acdc_night_targetcal100,49
,,,,-1,True,,0.5967474164443861,0.005271248985081911,,,406,,,0.5716332378223495,,False,,,,,,14,person,0.2,0.5,argmax,mask2former_swinb_cityscapes,acdc_night_targetcal100,49
,,,0.9999973331413354,929,True,0.0028490028490028487,0.0028490028490028487,0.6243400573730469,13.669950738916256,925.0,117,156.0,1.0,0.00641025641025641,0.05763546798029562,False,0.008771929824561403,0.0,0.0,,,14,rider,0.05,0.1,region_crc,mask2former_swinb_cityscapes,acdc_night_targetcal100,29
,,,0.9999952356901319,887,True,0.0028490028490028487,0.0028490028490028487,0.5358589291572571,19.344827586206897,875.0,117,156.0,1.0,0.00641025641025641,0.061773399014778296,False,0.008771929824561403,0.0,0.0,,,14,rider,0.05,0.1,heuristic,mask2former_swinb_cityscapes,acdc_night_targetcal100,29
,,,,-1,True,,0.7962962962962962,0.0003456519334577024,,,406,,,0.8012820512820513,,False,,,,,,14,rider,0.05,0.1,argmax,mask2former_swinb_cityscapes,acdc_night_targetcal100,29
,,,0.9999827813142501,794,True,0.024216524216524215,0.02421652421652422,0.3188292384147644,26.844827586206897,775.0,117,156.0,4.0,0.02564102564102564,0.07551724137931032,False,0.03508771929824561,0.0,0.0,,,14,rider,0.1,0.1,region_crc,mask2former_swinb_cityscapes,acdc_night_targetcal100,29
,,,0.9999827813142501,794,True,0.024216524216524215,0.02421652421652422,0.3188292384147644,26.844827586206897,775.0,117,156.0,4.0,0.02564102564102564,0.07551724137931032,False,0.03508771929824561,0.0,0.0,,,14,rider,0.1,0.1,heuristic,mask2former_swinb_cityscapes,acdc_night_targetcal100,29
,,,,-1,True,,0.7962962962962962,0.0003456519334577024,,,406,,,0.8012820512820513,,False,,,,,,14,rider,0.1,0.1,argmax,mask2former_swinb_cityscapes,acdc_night_targetcal100,29
,,,0.9998872802543824,658,True,0.10541310541310542,0.10541310541310542,0.12704148888587952,23.036945812807883,650.0,117,156.0,17.0,0.10897435897435898,0.10290640394088668,False,0.14912280701754385,0.0,0.0,,,14,rider,0.2,0.1,region_crc,mask2former_swinb_cityscapes,acdc_night_targetcal100,29
,,,0.9998872802543824,658,True,0.10541310541310542,0.10541310541310542,0.12704148888587952,23.036945812807883,650.0,117,156.0,17.0,0.10897435897435898,0.10290640394088668,False,0.14912280701754385,0.0,0.0,,,14,rider,0.2,0.1,heuristic,mask2former_swinb_cityscapes,acdc_night_targetcal100,29
,,,,-1,True,,0.7962962962962962,0.0003456519334577024,,,406,,,0.8012820512820513,,False,,,,,,14,rider,0.2,0.1,argmax,mask2former_swinb_cityscapes,acdc_night_targetcal100,29
,,,0.9999984004419714,966,True,0.0028490028490028487,0.0028490028490028487,0.7072111964225769,10.45320197044335,966.0,117,156.0,1.0,0.00641025641025641,0.04817733990147788,False,0.008771929824561403,0.0,0.0,,,14,rider,0.05,0.5,region_crc,mask2former_swinb_cityscapes,acdc_night_targetcal100,29
,,,0.9999978021401272,943,True,0.0028490028490028487,0.0028490028490028487,0.6546201109886169,13.669950738916256,925.0,117,156.0,1.0,0.00641025641025641,0.04068965517241385,False,0.008771929824561403,0.0,0.0,,,14,rider,0.05,0.5,heuristic,mask2former_swinb_cityscapes,acdc_night_targetcal100,29
,,,,-1,True,,0.856125356125356,0.0003456519334577024,,,406,,,0.8589743589743589,,False,,,,,,14,rider,0.05,0.5,argmax,mask2former_swinb_cityscapes,acdc_night_targetcal100,29
,,,0.9999964843955947,909,True,0.0028490028490028487,0.0028490028490028487,0.5853866934776306,16.396551724137932,900.0,117,156.0,1.0,0.00641025641025641,0.06546798029556655,False,0.008771929824561403,0.0,0.0,,,14,rider,0.1,0.5,region_crc,mask2former_swinb_cityscapes,acdc_night_targetcal100,29
,,,0.9999890855966355,827,True,0.037037037037037035,0.037037037037037035,0.39474669098854065,23.655172413793103,825.0,117,156.0,6.0,0.038461538461538464,0.052660098522167464,False,0.043859649122807015,0.02857142857142857,0.0,,,14,rider,0.1,0.5,heuristic,mask2former_swinb_cityscapes,acdc_night_targetcal100,29
,,,,-1,True,,0.856125356125356,0.0003456519334577024,,,406,,,0.8589743589743589,,False,,,,,,14,rider,0.1,0.5,argmax,mask2former_swinb_cityscapes,acdc_night_targetcal100,29
,,,0.9999314511773547,694,True,0.10541310541310542,0.10541310541310542,0.1600293517112732,23.985221674876847,675.0,117,156.0,16.0,0.10256410256410256,0.09985221674876843,False,0.13157894736842105,0.02857142857142857,0.0,,,14,rider,0.2,0.5,region_crc,mask2former_swinb_cityscapes,acdc_night_targetcal100,29
,,,0.9999314511773547,694,True,0.10541310541310542,0.10541310541310542,0.1600293517112732,23.985221674876847,675.0,117,156.0,16.0,0.10256410256410256,0.09985221674876843,False,0.13157894736842105,0.02857142857142857,0.0,,,14,rider,0.2,0.5,heuristic,mask2former_swinb_cityscapes,acdc_night_targetcal100,29
,,,,-1,True,,0.856125356125356,0.0003456519334577024,,,406,,,0.8589743589743589,,False,,,,,,14,rider,0.2,0.5,argmax,mask2former_swinb_cityscapes,acdc_night_targetcal100,29
,,,0.9999983327527875,963,True,0.0,0.0,0.7109338641166687,11.214285714285714,963.0,108,244.0,0.0,0.0,0.06064039408866995,False,0.0,0.0,0.0,,,14,bicycle,0.05,0.1,region_crc,mask2former_swinb_cityscapes,acdc_night_targetcal100,22
,,,0.9999974414141131,932,True,0.0,0.0,0.6245876550674438,16.379310344827587,925.0,108,244.0,0.0,0.0,0.0597044334975369,False,0.0,0.0,0.0,,,14,bicycle,0.05,0.1,heuristic,mask2former_swinb_cityscapes,acdc_night_targetcal100,22
,,,,-1,True,,0.8490152851263962,0.0005209034425206482,,,406,,,0.819672131147541,,False,,,,,,14,bicycle,0.05,0.1,argmax,mask2former_swinb_cityscapes,acdc_night_targetcal100,22
,,,0.9999974414141131,932,True,0.0,0.0,0.6245876550674438,16.379310344827587,925.0,108,244.0,0.0,0.0,0.0597044334975369,False,0.0,0.0,0.0,,,14,bicycle,0.1,0.1,region_crc,mask2former_swinb_cityscapes,acdc_night_targetcal100,22
,,,0.9999867565846481,813,True,0.01675485008818342,0.01675485008818342,0.336031973361969,28.014778325123153,800.0,108,244.0,4.0,0.01639344262295082,0.051034482758620686,False,0.02877697841726619,0.0,0.0,,,14,bicycle,0.1,0.1,heuristic,mask2former_swinb_cityscapes,acdc_night_targetcal100,22
,,,,-1,True,,0.8490152851263962,0.0005209034425206482,,,406,,,0.819672131147541,,False,,,,,,14,bicycle,0.1,0.1,argmax,mask2former_swinb_cityscapes,acdc_night_targetcal100,22
,,,0.9999605542697925,734,True,0.07103174603174603,0.07103174603174603,0.1982870250940323,29.20689655172414,725.0,108,244.0,19.0,0.0778688524590164,0.09389162561576359,False,0.11510791366906475,0.037037037037037035,0.0,,,14,bicycle,0.2,0.1,region_crc,mask2former_swinb_cityscapes,acdc_night_targetcal100,22
,,,0.999885712166521,657,True,0.13022486772486772,0.13022486772486774,0.10972253233194351,24.43349753694581,650.0,108,244.0,32.0,0.13114754098360656,0.15221674876847288,False,0.19424460431654678,0.06172839506172839,0.0,,,14,bicycle,0.2,0.1,heuristic,mask2former_swinb_cityscapes,acdc_night_targetcal100,22
,,,,-1,True,,0.8490152851263962,0.0005209034425206482,,,406,,,0.819672131147541,,False,,,,,,14,bicycle,0.2,0.1,argmax,mask2former_swinb_cityscapes,acdc_night_targetcal100,22
,,,0.9999986448105876,978,True,0.0,0.0,0.7472326755523682,9.805418719211822,978.0,108,244.0,0.0,0.0,0.0793103448275862,False,0.0,0.0,0.0,,,14,bicycle,0.05,0.5,region_crc,mask2former_swinb_cityscapes,acdc_night_targetcal100,22
,,,0.9999984004419714,966,True,0.0,0.0,0.7185196876525879,10.857142857142858,966.0,108,244.0,0.0,0.0,0.06467980295566506,False,0.0,0.0,0.0,,,14,bicycle,0.05,0.5,heuristic,mask2former_swinb_cityscapes,acdc_night_targetcal100,22
,,,,-1,True,,0.8986772486772486,0.0005209034425206482,,,406,,,0.8811475409836066,,False,,,,,,14,bicycle,0.05,0.5,argmax,mask2former_swinb_cityscapes,acdc_night_targetcal100,22
,,,0.9999984004419714,966,True,0.0,0.0,0.7185196876525879,10.857142857142858,966.0,108,244.0,0.0,0.0,0.06467980295566506,False,0.0,0.0,0.0,,,14,bicycle,0.1,0.5,region_crc,mask2former_swinb_cityscapes,acdc_night_targetcal100,22
,,,0.9999982860426925,961,True,0.0,0.0,0.7047726511955261,11.554187192118226,961.0,108,244.0,0.0,0.0,0.047931034482758594,False,0.0,0.0,0.0,,,14,bicycle,0.1,0.5,heuristic,mask2former_swinb_cityscapes,acdc_night_targetcal100,22
,,,,-1,True,,0.8986772486772486,0.0005209034425206482,,,406,,,0.8811475409836066,,False,,,,,,14,bicycle,0.1,0.5,argmax,mask2former_swinb_cityscapes,acdc_night_targetcal100,22
,,,0.9999616292754507,736,True,0.1458774250440917,0.1458774250440917,0.20126263797283173,29.20689655172414,725.0,108,244.0,31.0,0.12704918032786885,0.0888177339901478,False,0.17985611510791366,0.07407407407407407,0.0,,,14,bicycle,0.2,0.5,region_crc,mask2former_swinb_cityscapes,acdc_night_targetcal100,22
,,,0.9999304975682412,693,True,0.17211199294532628,0.17211199294532625,0.14377635717391968,26.11822660098522,675.0,108,244.0,38.0,0.1557377049180328,0.0993103448275862,False,0.22302158273381295,0.08641975308641975,0.0,,,14,bicycle,0.2,0.5,heuristic,mask2former_swinb_cityscapes,acdc_night_targetcal100,22
,,,,-1,True,,0.8986772486772486,0.0005209034425206482,,,406,,,0.8811475409836066,,False,,,,,,14,bicycle,0.2,0.5,argmax,mask2former_swinb_cityscapes,acdc_night_targetcal100,22
,,,0.9999812931785963,788,True,0.016142629300524035,0.016142629300524035,0.473242849111557,23.913793103448278,775.0,190,666.0,8.0,0.012012012012012012,0.10881773399014782,False,0.01762114537444934,0.0,0.0,,,15,person,0.05,0.1,region_crc,mask2former_swinb_cityscapes,acdc_night_targetcal100,57
,,,0.9999656442052101,744,True,0.02421280473912053,0.02421280473912053,0.3719257712364197,27.714285714285715,725.0,190,666.0,12.0,0.018018018018018018,0.06743842364532016,False,0.024229074889867842,0.0053475935828877,0.0,,,15,person,0.05,0.1,heuristic,mask2former_swinb_cityscapes,acdc_night_targetcal100,57
,,,,-1,True,,0.5080555993713888,0.005242237355560064,,,406,,,0.484984984984985,,False,,,,,,15,person,0.05,0.1,argmax,mask2former_swinb_cityscapes,acdc_night_targetcal100,57
,,,0.9999004594582649,667,True,0.06247237411711096,0.06247237411711096,0.2333156019449234,29.75615763546798,650.0,190,666.0,37.0,0.05555555555555555,0.058866995073891704,False,0.07268722466960352,0.0213903743315508,0.0,,,15,person,0.1,0.1,region_crc,mask2former_swinb_cityscapes,acdc_night_targetcal100,57
,,,0.9996037219657445,567,True,0.11182672590567326,0.11182672590567326,0.12074658274650574,23.82758620689655,550.0,190,666.0,75.0,0.11261261261261261,0.08940886699507383,False,0.15418502202643172,0.026737967914438502,0.0,,,15,person,0.1,0.1,heuristic,mask2former_swinb_cityscapes,acdc_night_targetcal100,57
,,,,-1,True,,0.5080555993713888,0.005242237355560064,,,406,,,0.484984984984985,,False,,,,,,15,person,0.1,0.1,argmax,mask2former_swinb_cityscapes,acdc_night_targetcal100,57
,,,0.9968522516858986,417,True,0.20727869352869352,0.20727869352869352,0.045373886823654175,12.660098522167488,400.0,190,666.0,133.0,0.1996996996996997,0.09556650246305409,False,0.27312775330396477,0.0481283422459893,0.0,,,15,person,0.2,0.1,region_crc,mask2former_swinb_cityscapes,acdc_night_targetcal100,57
,,,0.9957927337161555,396,True,0.2183184724632093,0.2183184724632093,0.03991067036986351,11.179802955665025,375.0,190,666.0,142.0,0.2132132132132132,0.09660098522167493,False,0.2907488986784141,0.053475935828877004,0.0,,,15,person,0.2,0.1,heuristic,mask2former_swinb_cityscapes,acdc_night_targetcal100,57
,,,,-1,True,,0.5080555993713888,0.005242237355560064,,,406,,,0.484984984984985,,False,,,,,,15,person,0.2,0.1,argmax,mask2former_swinb_cityscapes,acdc_night_targetcal100,57
,,,0.9999899538420972,833,True,0.01592333105491,0.01592333105491,0.5618239641189575,18.817733990147783,825.0,190,666.0,12.0,0.018018018018018018,0.12753694581280783,False,0.022026431718061675,0.0106951871657754,0.0,,,15,person,0.05,0.5,region_crc,mask2former_swinb_cityscapes,acdc_night_targetcal100,57
,,,0.9999735759124267,763,True,0.04035116199589883,0.04035116199589883,0.4128110408782959,25.766009852216747,750.0,190,666.0,28.0,0.042042042042042045,0.07236453201970444,False,0.05286343612334802,0.0213903743315508,0.0,,,15,person,0.05,0.5,heuristic,mask2former_swinb_cityscapes,acdc_night_targetcal100,57
,,,,-1,True,,0.5884553312184891,0.005242237355560064,,,406,,,0.5630630630630631,,False,,,,,,15,person,0.05,0.5,argmax,mask2former_swinb_cityscapes,acdc_night_targetcal100,57
,,,0.9999083779509877,673,True,0.09345750740487582,0.09345750740487582,0.2440822273492813,29.75615763546798,650.0,190,666.0,57.0,0.08558558558558559,0.06541871921182263,False,0.1145374449339207,0.026737967914438502,0.0,,,15,person,0.1,0.5,region_crc,mask2former_swinb_cityscapes,acdc_night_targetcal100,57
,,,0.9998632271174405,644,True,0.1113522442469811,0.11135224424698108,0.19883374869823456,28.69704433497537,625.0,190,666.0,65.0,0.09759759759759759,0.06068965517241376,False,0.13215859030837004,0.026737967914438502,0.0,,,15,person,0.1,0.5,heuristic,mask2former_swinb_cityscapes,acdc_night_targetcal100,57
,,,,-1,True,,0.5884553312184891,0.005242237355560064,,,406,,,0.5630630630630631,,False,,,,,,15,person,0.1,0.5,argmax,mask2former_swinb_cityscapes,acdc_night_targetcal100,57
,,,0.9982860426924915,461,True,0.23725444876760665,0.23725444876760668,0.060339439660310745,16.029556650246306,450.0,190,666.0,149.0,0.22372372372372373,0.08674876847290636,False,0.30176211453744495,0.058823529411764705,0.04,,,15,person,0.2,0.5,region_crc,mask2former_swinb_cityscapes,acdc_night_targetcal100,57
,,,0.9982621991712506,460,True,0.23765930706720179,0.2376593070672018,0.05998387187719345,16.029556650246306,450.0,190,666.0,150.0,0.22522522522522523,0.08921182266009853,False,0.30176211453744495,0.06417112299465241,0.04,,,15,person,0.2,0.5,heuristic,mask2former_swinb_cityscapes,acdc_night_targetcal100,57
,,,,-1,True,,0.5884553312184891,0.005242237355560064,,,406,,,0.5630630630630631,,False,,,,,,15,person,0.2,0.5,argmax,mask2former_swinb_cityscapes,acdc_night_targetcal100,57
,,,0.999989383044428,829,True,0.02623456790123457,0.026234567901234566,0.39907434582710266,23.866995073891626,825.0,108,147.0,4.0,0.027210884353741496,0.06610837438423645,False,0.037037037037037035,0.0,0.0,,,15,rider,0.05,0.1,region_crc,mask2former_swinb_cityscapes,acdc_night_targetcal100,38
,,,0.999988779815457,825,True,0.02623456790123457,0.026234567901234566,0.3906093239784241,23.866995073891626,825.0,108,147.0,4.0,0.027210884353741496,0.0804433497536946,False,0.037037037037037035,0.0,0.0,,,15,rider,0.05,0.1,heuristic,mask2former_swinb_cityscapes,acdc_night_targetcal100,38
,,,,-1,True,,0.8024691358024691,0.0003508807276375592,,,406,,,0.8095238095238095,,False,,,,,,15,rider,0.05,0.1,argmax,mask2former_swinb_cityscapes,acdc_night_targetcal100,38
,,,0.9999827813142501,794,True,0.02623456790123457,0.026234567901234566,0.31834876537323,27.1871921182266,775.0,108,147.0,4.0,0.027210884353741496,0.09408866995073883,False,0.037037037037037035,0.0,0.0,,,15,rider,0.1,0.1,region_crc,mask2former_swinb_cityscapes,acdc_night_targetcal100,38
,,,0.9999696610881581,753,True,0.035493827160493825,0.035493827160493825,0.24052157998085022,27.51231527093596,750.0,108,147.0,5.0,0.034013605442176874,0.0717733990147783,False,0.046296296296296294,0.0,0.0,,,15,rider,0.1,0.1,heuristic,mask2former_swinb_cityscapes,acdc_night_targetcal100,38
,,,,-1,True,,0.8024691358024691,0.0003508807276375592,,,406,,,0.8095238095238095,,False,,,,,,15,rider,0.1,0.1,argmax,mask2former_swinb_cityscapes,acdc_night_targetcal100,38
,,,0.9997271022217192,594,True,0.16512345679012344,0.16512345679012344,0.07590886950492859,17.30295566502463,575.0,108,147.0,23.0,0.1564625850340136,0.13743842364532016,False,0.19444444444444445,0.06060606060606061,0.0,,,15,rider,0.2,0.1,region_crc,mask2former_swinb_cityscapes,acdc_night_targetcal100,38
,,,0.9995982091891511,566,True,0.18364197530864196,0.18364197530864196,0.06251255422830582,15.258620689655173,550.0,108,147.0,25.0,0.17006802721088435,0.13615763546798032,False,0.21296296296296297,0.06060606060606061,0.0,,,15,rider,0.2,0.1,heuristic,mask2former_swinb_cityscapes,acdc_night_targetcal100,38
,,,,-1,True,,0.8024691358024691,0.0003508807276375592,,,406,,,0.8095238095238095,,False,,,,,,15,rider,0.2,0.1,argmax,mask2former_swinb_cityscapes,acdc_night_targetcal100,38
,,,0.9999949649939122,883,True,0.02160493827160494,0.021604938271604937,0.5277987122535706,19.275862068965516,875.0,108,147.0,3.0,0.02040816326530612,0.041527093596059106,False,0.027777777777777776,0.0,0.0,,,15,rider,0.05,0.5,region_crc,mask2former_swinb_cityscapes,acdc_night_targetcal100,38
,,,0.9999899538420972,833,True,0.040123456790123455,0.040123456790123455,0.4085844159126282,23.866995073891626,825.0,108,147.0,6.0,0.04081632653061224,0.06512315270935964,False,0.046296296296296294,0.030303030303030304,0.0,,,15,rider,0.05,0.5,heuristic,mask2former_swinb_cityscapes,acdc_night_targetcal100,38
,,,,-1,True,,0.8348765432098766,0.0003508807276375592,,,406,,,0.8435374149659864,,False,,,,,,15,rider,0.05,0.5,argmax,mask2former_swinb_cityscapes,acdc_night_targetcal100,38
,,,0.9999863855531753,811,True,0.04938271604938271,0.04938271604938271,0.3559023141860962,25.805418719211822,800.0,108,147.0,7.0,0.047619047619047616,0.08206896551724141,False,0.05555555555555555,0.030303030303030304,0.0,,,15,rider,0.1,0.5,region_crc,mask2former_swinb_cityscapes,acdc_night_targetcal100,38
,,,0.999985003151645,804,True,0.04938271604938271,0.04938271604938271,0.34027376770973206,25.805418719211822,800.0,108,147.0,7.0,0.047619047619047616,0.07684729064039408,False,0.05555555555555555,0.030303030303030304,0.0,,,15,rider,0.1,0.5,heuristic,mask2former_swinb_cityscapes,acdc_night_targetcal100,38
,,,,-1,True,,0.8348765432098766,0.0003508807276375592,,,406,,,0.8435374149659864,,False,,,,,,15,rider,0.1,0.5,argmax,mask2former_swinb_cityscapes,acdc_night_targetcal100,38
,,,0.999859395247587,642,True,0.1743827160493827,0.1743827160493827,0.1092739924788475,20.992610837438423,625.0,108,147.0,24.0,0.16326530612244897,0.1369950738916256,False,0.2037037037037037,0.06060606060606061,0.0,,,15,rider,0.2,0.5,region_crc,mask2former_swinb_cityscapes,acdc_night_targetcal100,38
,,,0.9998493392933814,637,True,0.18827160493827158,0.18827160493827158,0.10561299324035645,20.992610837438423,625.0,108,147.0,26.0,0.17687074829931973,0.1466995073891626,False,0.2037037037037037,0.12121212121212122,0.0,,,15,rider,0.2,0.5,heuristic,mask2former_swinb_cityscapes,acdc_night_targetcal100,38
,,,,-1,True,,0.8348765432098766,0.0003508807276375592,,,406,,,0.8435374149659864,,False,,,,,,15,rider,0.2,0.5,argmax,mask2former_swinb_cityscapes,acdc_night_targetcal100,38
,,,0.9999867565846481,813,True,0.03206997084548105,0.03206997084548105,0.3315841555595398,28.463054187192117,800.0,98,241.0,5.0,0.02074688796680498,0.130935960591133,False,0.037037037037037035,0.0,0.0,,,15,bicycle,0.05,0.1,region_crc,mask2former_swinb_cityscapes,acdc_night_targetcal100,32
,,,0.9999830175634754,795,True,0.03206997084548105,0.03206997084548105,0.29318857192993164,29.54433497536946,775.0,98,241.0,5.0,0.02074688796680498,0.14295566502463056,False,0.037037037037037035,0.0,0.0,,,15,bicycle,0.05,0.1,heuristic,mask2former_swinb_cityscapes,acdc_night_targetcal100,32
,,,,-1,True,,0.8221290897311305,0.0005305033409968019,,,406,,,0.7842323651452282,,False,,,,,,15,bicycle,0.05,0.1,argmax,mask2former_swinb_cityscapes,acdc_night_targetcal100,32
,,,0.9999223752883372,685,True,0.13270165208940718,0.13270165208940718,0.1267840713262558,25.92118226600985,675.0,98,241.0,25.0,0.1037344398340249,0.15576354679802956,False,0.16296296296296298,0.036585365853658534,0.0,,,15,bicycle,0.1,0.1,region_crc,mask2former_swinb_cityscapes,acdc_night_targetcal100,32
,,,0.9999223752883372,685,True,0.13270165208940718,0.13270165208940718,0.1267840713262558,25.92118226600985,675.0,98,241.0,25.0,0.1037344398340249,0.15576354679802956,False,0.16296296296296298,0.036585365853658534,0.0,,,15,bicycle,0.1,0.1,heuristic,mask2former_swinb_cityscapes,acdc_night_targetcal100,32
,,,,-1,True,,0.8221290897311305,0.0005305033409968019,,,406,,,0.7842323651452282,,False,,,,,,15,bicycle,0.1,0.1,argmax,mask2former_swinb_cityscapes,acdc_night_targetcal100,32
,,,0.9998120683183197,621,True,0.19526239067055395,0.1952623906705539,0.07524258643388748,19.99014778325123,600.0,98,241.0,39.0,0.16182572614107885,0.1373891625615764,False,0.2518518518518518,0.06097560975609756,0.0,,,15,bicycle,0.2,0.1,region_crc,mask2former_swinb_cityscapes,acdc_night_targetcal100,32
,,,0.9997194566362049,592,True,0.22657920310981533,0.22657920310981536,0.05869545042514801,17.862068965517242,575.0,98,241.0,47.0,0.1950207468879668,0.14738916256157641,False,0.2962962962962963,0.07317073170731707,0.041666666666666664,,,15,bicycle,0.2,0.1,heuristic,mask2former_swinb_cityscapes,acdc_night_targetcal100,32
,,,,-1,True,,0.8221290897311305,0.0005305033409968019,,,406,,,0.7842323651452282,,False,,,,,,15,bicycle,0.2,0.1,argmax,mask2former_swinb_cityscapes,acdc_night_targetcal100,32
,,,0.9999982860426925,961,True,0.015306122448979591,0.015306122448979591,0.7068256139755249,11.435960591133005,961.0,98,241.0,2.0,0.008298755186721992,0.0727586206896551,False,0.014814814814814815,0.0,0.0,,,15,bicycle,0.05,0.5,region_crc,mask2former_swinb_cityscapes,acdc_night_targetcal100,32
,,,0.999987294258948,816,True,0.05733722060252672,0.05733722060252673,0.33788326382637024,28.463054187192117,800.0,98,241.0,11.0,0.04564315352697095,0.12847290640394088,False,0.06666666666666667,0.024390243902439025,0.0,,,15,bicycle,0.05,0.5,heuristic,mask2former_swinb_cityscapes,acdc_night_targetcal100,32
,,,,-1,True,,0.8615524781341107,0.0005305033409968019,,,406,,,0.8423236514522822,,False,,,,,,15,bicycle,0.05,0.5,argmax,mask2former_swinb_cityscapes,acdc_night_targetcal100,32
,,,0.9999739384645,764,True,0.11807580174927114,0.11807580174927114,0.23583127558231354,29.980295566502463,750.0,98,241.0,21.0,0.08713692946058091,0.10408866995073895,False,0.11851851851851852,0.06097560975609756,0.0,,,15,bicycle,0.1,0.5,region_crc,mask2former_swinb_cityscapes,acdc_night_targetcal100,32
,,,0.9999739384645,764,True,0.11807580174927114,0.11807580174927114,0.23583127558231354,29.980295566502463,750.0,98,241.0,21.0,0.08713692946058091,0.10408866995073895,False,0.11851851851851852,0.06097560975609756,0.0,,,15,bicycle,0.1,0.5,heuristic,mask2former_swinb_cityscapes,acdc_night_targetcal100,32
,,,,-1,True,,0.8615524781341107,0.0005305033409968019,,,406,,,0.8423236514522822,,False,,,,,,15,bicycle,0.1,0.5,argmax,mask2former_swinb_cityscapes,acdc_night_targetcal100,32
,,,0.9999304975682412,693,True,0.17691933916423713,0.17691933916423713,0.13559210300445557,25.92118226600985,675.0,98,241.0,34.0,0.14107883817427386,0.15098522167487688,False,0.21481481481481482,0.06097560975609756,0.0,,,15,bicycle,0.2,0.5,region_crc,mask2former_swinb_cityscapes,acdc_night_targetcal100,32
,,,0.9999031722143739,669,True,0.1953838678328474,0.1953838678328474,0.11242880672216415,24.288177339901477,650.0,98,241.0,38.0,0.15767634854771784,0.15532019704433497,False,0.22962962962962963,0.07317073170731707,0.041666666666666664,,,15,bicycle,0.2,0.5,heuristic,mask2former_swinb_cityscapes,acdc_night_targetcal100,32
,,,,-1,True,,0.8615524781341107,0.0005305033409968019,,,406,,,0.8423236514522822,,False,,,,,,15,bicycle,0.2,0.5,argmax,mask2former_swinb_cityscapes,acdc_night_targetcal100,32
,,,0.9999610954855006,735,True,0.032356560529149356,0.03235656052914936,0.35257625579833984,27.320197044334975,725.0,197,679.0,16.0,0.023564064801178203,0.07064039408866996,False,0.03260869565217391,0.005128205128205128,0.0,,,16,person,0.05,0.1,region_crc,mask2former_swinb_cityscapes,acdc_night_targetcal100,50
,,,0.9999465435640603,712,True,0.04305683740962928,0.04305683740962928,0.3096703290939331,28.226600985221676,700.0,197,679.0,24.0,0.035346097201767304,0.0814285714285714,False,0.04782608695652174,0.010256410256410256,0.0,,,16,person,0.05,0.1,heuristic,mask2former_swinb_cityscapes,acdc_night_targetcal100,50
,,,,-1,True,,0.49458622313952266,0.004946359898895025,,,406,,,0.4786450662739323,,False,,,,,,16,person,0.05,0.1,argmax,mask2former_swinb_cityscapes,acdc_night_targetcal100,50
,,,0.9999058110403477,671,True,0.05804683894785417,0.05804683894785417,0.238255575299263,28.972906403940886,650.0,197,679.0,37.0,0.054491899852724596,0.10640394088669952,False,0.07173913043478261,0.020512820512820513,0.0,,,16,person,0.1,0.1,region_crc,mask2former_swinb_cityscapes,acdc_night_targetcal100,50
,,,0.9998514064357713,638,True,0.06686663590216889,0.06686663590216889,0.19050274789333344,27.864532019704434,625.0,197,679.0,46.0,0.06774668630338733,0.10660098522167494,False,0.0891304347826087,0.02564102564102564,0.0,,,16,person,0.1,0.1,heuristic,mask2former_swinb_cityscapes,acdc_night_targetcal100,50
,,,,-1,True,,0.49458622313952266,0.004946359898895025,,,406,,,0.4786450662739323,,False,,,,,,16,person,0.1,0.1,argmax,mask2former_swinb_cityscapes,acdc_night_targetcal100,50
,,,0.9993393065519924,530,True,0.13068017008372337,0.13068017008372337,0.0949910432100296,21.51231527093596,525.0,197,679.0,92.0,0.13549337260677466,0.06719211822660098,False,0.1891304347826087,0.02564102564102564,0.0,,,16,person,0.2,0.1,region_crc,mask2former_swinb_cityscapes,acdc_night_targetcal100,50
,,,0.9990795504282468,506,True,0.13595450657633398,0.13595450657633398,0.07981318980455399,19.23152709359606,500.0,197,679.0,98.0,0.14432989690721648,0.07399014778325119,False,0.20217391304347826,0.02564102564102564,0.0,,,16,person,0.2,0.1,heuristic,mask2former_swinb_cityscapes,acdc_night_targetcal100,50
,,,,-1,True,,0.49458622313952266,0.004946359898895025,,,406,,,0.4786450662739323,,False,,,,,,16,person,0.2,0.1,argmax,mask2former_swinb_cityscapes,acdc_night_targetcal100,50
,,,0.9999910050241847,841,True,0.011671281341332104,0.011671281341332104,0.5700564980506897,19.157635467980295,825.0,197,679.0,9.0,0.013254786450662739,0.08640394088669945,False,0.015217391304347827,0.010256410256410256,0.0,,,16,person,0.05,0.5,region_crc,mask2former_swinb_cityscapes,acdc_night_targetcal100,50
,,,0.9999665804959974,746,True,0.051305568374096285,0.051305568374096285,0.375657856464386,27.320197044334975,725.0,197,679.0,33.0,0.048600883652430045,0.07108374384236449,False,0.06304347826086956,0.020512820512820513,0.0,,,16,person,0.05,0.5,heuristic,mask2former_swinb_cityscapes,acdc_night_targetcal100,50
,,,,-1,True,,0.5918399986927906,0.004946359898895025,,,406,,,0.5684830633284241,,False,,,,,,16,person,0.05,0.5,argmax,mask2former_swinb_cityscapes,acdc_night_targetcal100,50
,,,0.9999514711499838,719,True,0.062065451469004766,0.062065451469004766,0.3227396607398987,28.226600985221676,700.0,197,679.0,44.0,0.06480117820324006,0.07029556650246305,False,0.08478260869565217,0.02564102564102564,0.0,,,16,person,0.1,0.5,region_crc,mask2former_swinb_cityscapes,acdc_night_targetcal100,50
,,,0.9999435063025188,708,True,0.07231964313182587,0.07231964313182587,0.30319663882255554,28.226600985221676,700.0,197,679.0,50.0,0.07363770250368189,0.08650246305418718,False,0.09782608695652174,0.02564102564102564,0.0,,,16,person,0.1,0.5,heuristic,mask2former_swinb_cityscapes,acdc_night_targetcal100,50
,,,,-1,True,,0.5918399986927906,0.004946359898895025,,,406,,,0.5684830633284241,,False,,,,,,16,person,0.1,0.5,argmax,mask2former_swinb_cityscapes,acdc_night_targetcal100,50
,,,0.9997986275750138,616,True,0.1169627749576988,0.1169627749576988,0.16305655241012573,26.317733990147783,600.0,197,679.0,80.0,0.11782032400589101,0.1055665024630541,False,0.16304347826086957,0.02564102564102564,0.0,,,16,person,0.2,0.5,region_crc,mask2former_swinb_cityscapes,acdc_night_targetcal100,50
,,,0.9997719657927999,607,True,0.1169627749576988,0.1169627749576988,0.15407812595367432,26.317733990147783,600.0,197,679.0,80.0,0.11782032400589101,0.1055665024630541,False,0.16304347826086957,0.02564102564102564,0.0,,,16,person,0.2,0.5,heuristic,mask2former_swinb_cityscapes,acdc_night_targetcal100,50
,,,,-1,True,,0.5918399986927906,0.004946359898895025,,,406,,,0.5684830633284241,,False,,,,,,16,person,0.2,0.5,argmax,mask2former_swinb_cityscapes,acdc_night_targetcal100,50
,,,0.999989383044428,829,True,0.02421652421652422,0.024216524216524215,0.4016377627849579,23.492610837438423,825.0,117,152.0,4.0,0.02631578947368421,0.053940886699507376,False,0.03508771929824561,0.0,0.0,,,16,rider,0.05,0.1,region_crc,mask2former_swinb_cityscapes,acdc_night_targetcal100,29
,,,0.9999827813142501,794,True,0.03276353276353276,0.03276353276353276,0.3222814202308655,27.098522167487683,775.0,117,152.0,5.0,0.03289473684210526,0.06522167487684732,False,0.043859649122807015,0.0,0.0,,,16,rider,0.05,0.1,heuristic,mask2former_swinb_cityscapes,acdc_night_targetcal100,29
,,,,-1,True,,0.774928774928775,0.0003297910443507135,,,406,,,0.7894736842105263,,False,,,,,,16,rider,0.05,0.1,argmax,mask2former_swinb_cityscapes,acdc_night_targetcal100,29
,,,0.9999402964713416,704,True,0.0754985754985755,0.07549857549857548,0.16655544936656952,25.625615763546797,700.0,117,152.0,12.0,0.07894736842105263,0.10546798029556648,False,0.10526315789473684,0.0,0.0,,,16,rider,0.1,0.1,region_crc,mask2former_swinb_cityscapes,acdc_night_targetcal100,29
,,,0.9999402964713416,704,True,0.0754985754985755,0.07549857549857548,0.16655544936656952,25.625615763546797,700.0,117,152.0,12.0,0.07894736842105263,0.10546798029556648,False,0.10526315789473684,0.0,0.0,,,16,rider,0.1,0.1,heuristic,mask2former_swinb_cityscapes,acdc_night_targetcal100,29
,,,,-1,True,,0.774928774928775,0.0003297910443507135,,,406,,,0.7894736842105263,,False,,,,,,16,rider,0.1,0.1,argmax,mask2former_swinb_cityscapes,acdc_night_targetcal100,29
,,,0.9997271022217192,594,True,0.16524216524216526,0.16524216524216523,0.07759477943181992,17.283251231527093,575.0,117,152.0,25.0,0.16447368421052633,0.09615763546798028,False,0.20175438596491227,0.06060606060606061,0.0,,,16,rider,0.2,0.1,region_crc,mask2former_swinb_cityscapes,acdc_night_targetcal100,29
,,,0.9997271022217192,594,True,0.16524216524216526,0.16524216524216523,0.07759477943181992,17.283251231527093,575.0,117,152.0,25.0,0.16447368421052633,0.09615763546798028,False,0.20175438596491227,0.06060606060606061,0.0,,,16,rider,0.2,0.1,heuristic,mask2former_swinb_cityscapes,acdc_night_targetcal100,29
,,,,-1,True,,0.774928774928775,0.0003297910443507135,,,406,,,0.7894736842105263,,False,,,,,,16,rider,0.2,0.1,argmax,mask2former_swinb_cityscapes,acdc_night_targetcal100,29
,,,0.9999949649939122,883,True,0.024216524216524215,0.024216524216524215,0.5263144969940186,18.91625615763547,875.0,117,152.0,4.0,0.02631578947368421,0.060295566502463094,False,0.03508771929824561,0.0,0.0,,,16,rider,0.05,0.5,region_crc,mask2former_swinb_cityscapes,acdc_night_targetcal100,29
,,,0.9999935434577096,865,True,0.024216524216524215,0.024216524216524215,0.4854449927806854,21.379310344827587,850.0,117,152.0,4.0,0.02631578947368421,0.04458128078817736,False,0.03508771929824561,0.0,0.0,,,16,rider,0.05,0.5,heuristic,mask2former_swinb_cityscapes,acdc_night_targetcal100,29
,,,,-1,True,,0.8176638176638177,0.0003297910443507135,,,406,,,0.8355263157894737,,False,,,,,,16,rider,0.05,0.5,argmax,mask2former_swinb_cityscapes,acdc_night_targetcal100,29
,,,0.9999890855966355,827,True,0.04131054131054131,0.04131054131054131,0.39756226539611816,23.492610837438423,825.0,117,152.0,7.0,0.046052631578947366,0.05147783251231526,False,0.05263157894736842,0.030303030303030304,0.0,,,16,rider,0.1,0.5,region_crc,mask2former_swinb_cityscapes,acdc_night_targetcal100,29
,,,0.9999890855966355,827,True,0.04131054131054131,0.04131054131054131,0.39756226539611816,23.492610837438423,825.0,117,152.0,7.0,0.046052631578947366,0.05147783251231526,False,0.05263157894736842,0.030303030303030304,0.0,,,16,rider,0.1,0.5,heuristic,mask2former_swinb_cityscapes,acdc_night_targetcal100,29
,,,,-1,True,,0.8176638176638177,0.0003297910443507135,,,406,,,0.8355263157894737,,False,,,,,,16,rider,0.1,0.5,argmax,mask2former_swinb_cityscapes,acdc_night_targetcal100,29
,,,0.999907103361322,672,True,0.13960113960113962,0.1396011396011396,0.134902223944664,22.857142857142858,650.0,117,152.0,22.0,0.14473684210526316,0.09719211822660101,False,0.18421052631578946,0.030303030303030304,0.0,,,16,rider,0.2,0.5,region_crc,mask2former_swinb_cityscapes,acdc_night_targetcal100,29
,,,0.999901825205698,668,True,0.13960113960113962,0.1396011396011396,0.13128207623958588,22.857142857142858,650.0,117,152.0,22.0,0.14473684210526316,0.09719211822660101,False,0.18421052631578946,0.030303030303030304,0.0,,,16,rider,0.2,0.5,heuristic,mask2former_swinb_cityscapes,acdc_night_targetcal100,29
,,,,-1,True,,0.8176638176638177,0.0003297910443507135,,,406,,,0.8355263157894737,,False,,,,,,16,rider,0.2,0.5,argmax,mask2former_swinb_cityscapes,acdc_night_targetcal100,29
,,,0.999974996546383,767,True,0.05128205128205128,0.05128205128205128,0.24308088421821594,29.56650246305419,750.0,104,237.0,9.0,0.0379746835443038,0.10660098522167494,False,0.06338028169014084,0.0,0.0,,,16,bicycle,0.05,0.1,region_crc,mask2former_swinb_cityscapes,acdc_night_targetcal100,26
,,,0.9999735759124267,763,True,0.05128205128205128,0.05128205128205128,0.23628143966197968,29.56650246305419,750.0,104,237.0,9.0,0.0379746835443038,0.11399014778325123,False,0.06338028169014084,0.0,0.0,,,16,bicycle,0.05,0.1,heuristic,mask2former_swinb_cityscapes,acdc_night_targetcal100,26
,,,,-1,True,,0.828422619047619,0.0005241152248345315,,,406,,,0.8016877637130801,,False,,,,,,16,bicycle,0.05,0.1,argmax,mask2former_swinb_cityscapes,acdc_night_targetcal100,26
,,,0.9999605542697925,734,True,0.0875,0.08750000000000001,0.19228456914424896,29.032019704433498,725.0,104,237.0,18.0,0.0759493670886076,0.11817733990147783,False,0.11971830985915492,0.0136986301369863,0.0,,,16,bicycle,0.1,0.1,region_crc,mask2former_swinb_cityscapes,acdc_night_targetcal100,26
,,,0.9999223752883372,685,True,0.1219551282051282,0.1219551282051282,0.12869659066200256,25.608374384236452,675.0,104,237.0,25.0,0.10548523206751055,0.13665024630541872,False,0.1619718309859155,0.0273972602739726,0.0,,,16,bicycle,0.1,0.1,heuristic,mask2former_swinb_cityscapes,acdc_night_targetcal100,26
,,,,-1,True,,0.828422619047619,0.0005241152248345315,,,406,,,0.8016877637130801,,False,,,,,,16,bicycle,0.1,0.1,argmax,mask2former_swinb_cityscapes,acdc_night_targetcal100,26
,,,0.999897670700772,665,True,0.1251602564102564,0.1251602564102564,0.11113519221544266,23.800492610837438,650.0,104,237.0,26.0,0.10970464135021098,0.13206896551724137,False,0.16901408450704225,0.0273972602739726,0.0,,,16,bicycle,0.2,0.1,region_crc,mask2former_swinb_cityscapes,acdc_night_targetcal100,26
,,,0.999885712166521,657,True,0.1283653846153846,0.1283653846153846,0.10481194406747818,23.800492610837438,650.0,104,237.0,28.0,0.11814345991561181,0.13871921182266006,False,0.18309859154929578,0.0273972602739726,0.0,,,16,bicycle,0.2,0.1,heuristic,mask2former_swinb_cityscapes,acdc_night_targetcal100,26
,,,,-1,True,,0.828422619047619,0.0005241152248345315,,,406,,,0.8016877637130801,,False,,,,,,16,bicycle,0.2,0.1,argmax,mask2former_swinb_cityscapes,acdc_night_targetcal100,26
,,,0.9999881423125183,821,True,0.06169871794871795,0.06169871794871795,0.35442399978637695,28.17241379310345,800.0,104,237.0,12.0,0.05063291139240506,0.06300492610837438,False,0.07042253521126761,0.0273972602739726,0.0,,,16,bicycle,0.05,0.5,region_crc,mask2former_swinb_cityscapes,acdc_night_targetcal100,26
,,,0.9999830175634754,795,True,0.06810897435897437,0.06810897435897437,0.2975260615348816,29.285714285714285,775.0,104,237.0,14.0,0.05907172995780591,0.081871921182266,False,0.07746478873239436,0.0410958904109589,0.0,,,16,bicycle,0.05,0.5,heuristic,mask2former_swinb_cityscapes,acdc_night_targetcal100,26
,,,,-1,True,,0.878926282051282,0.0005241152248345315,,,406,,,0.8607594936708861,,False,,,,,,16,bicycle,0.05,0.5,argmax,mask2former_swinb_cityscapes,acdc_night_targetcal100,26
,,,0.9999830175634754,795,True,0.06810897435897437,0.06810897435897437,0.2975260615348816,29.285714285714285,775.0,104,237.0,14.0,0.05907172995780591,0.081871921182266,False,0.07746478873239436,0.0410958904109589,0.0,,,16,bicycle,0.1,0.5,region_crc,mask2former_swinb_cityscapes,acdc_night_targetcal100,26
,,,0.9999683772233983,750,True,0.1328525641025641,0.13285256410256413,0.21733912825584412,29.56650246305419,750.0,104,237.0,24.0,0.10126582278481013,0.10950738916256164,False,0.14788732394366197,0.0410958904109589,0.0,,,16,bicycle,0.1,0.5,heuristic,mask2former_swinb_cityscapes,acdc_night_targetcal100,26
,,,,-1,True,,0.878926282051282,0.0005241152248345315,,,406,,,0.8607594936708861,,False,,,,,,16,bicycle,0.1,0.5,argmax,mask2former_swinb_cityscapes,acdc_night_targetcal100,26
,,,0.9999616292754507,736,True,0.14759615384615385,0.14759615384615385,0.19541245698928833,29.032019704433498,725.0,104,237.0,27.0,0.11392405063291139,0.11817733990147783,False,0.16901408450704225,0.0410958904109589,0.0,,,16,bicycle,0.2,0.5,region_crc,mask2former_swinb_cityscapes,acdc_night_targetcal100,26
,,,0.9998948038126176,663,True,0.20689102564102563,0.20689102564102563,0.10966861993074417,23.800492610837438,650.0,104,237.0,42.0,0.17721518987341772,0.13945812807881772,False,0.2605633802816901,0.0684931506849315,0.0,,,16,bicycle,0.2,0.5,heuristic,mask2former_swinb_cityscapes,acdc_night_targetcal100,26
,,,,-1,True,,0.878926282051282,0.0005241152248345315,,,406,,,0.8607594936708861,,False,,,,,,16,bicycle,0.2,0.5,argmax,mask2former_swinb_cityscapes,acdc_night_targetcal100,26
,,,0.999950111551254,717,True,0.04237233854580793,0.04237233854580793,0.320473849773407,28.514778325123153,700.0,196,655.0,21.0,0.03206106870229008,0.061330049261083736,False,0.04504504504504504,0.00546448087431694,0.0,,,17,person,0.05,0.1,region_crc,mask2former_swinb_cityscapes,acdc_night_targetcal100,51
,,,0.9999058110403477,671,True,0.06345884132873927,0.06345884132873929,0.23950402438640594,29.42118226600985,650.0,196,655.0,36.0,0.0549618320610687,0.0816256157635468,False,0.07432432432432433,0.01639344262295082,0.0,,,17,person,0.05,0.1,heuristic,mask2former_swinb_cityscapes,acdc_night_targetcal100,51
,,,,-1,True,,0.49904276562439825,0.005195543169975281,,,406,,,0.4854961832061069,,False,,,,,,17,person,0.05,0.1,argmax,mask2former_swinb_cityscapes,acdc_night_targetcal100,51
,,,0.9997958262055331,615,True,0.07891984715964308,0.07891984715964308,0.16237077116966248,26.677339901477833,600.0,196,655.0,52.0,0.07938931297709924,0.06541871921182263,False,0.10810810810810811,0.02185792349726776,0.0,,,17,person,0.1,0.1,region_crc,mask2former_swinb_cityscapes,acdc_night_targetcal100,51
,,,0.9997075847622157,589,True,0.0938201254527785,0.0938201254527785,0.13828952610492706,24.879310344827587,575.0,196,655.0,62.0,0.09465648854961832,0.0633990147783251,False,0.13063063063063063,0.02185792349726776,0.0,,,17,person,0.1,0.1,heuristic,mask2former_swinb_cityscapes,acdc_night_targetcal100,51
,,,,-1,True,,0.49904276562439825,0.005195543169975281,,,406,,,0.4854961832061069,,False,,,,,,17,person,0.1,0.1,argmax,mask2former_swinb_cityscapes,acdc_night_targetcal100,51
,,,0.998644810587649,478,True,0.15962542984226658,0.15962542984226658,0.06687895953655243,17.5,475.0,196,655.0,107.0,0.1633587786259542,0.12399014778325124,False,0.22972972972972974,0.0273224043715847,0.0,,,17,person,0.2,0.1,region_crc,mask2former_swinb_cityscapes,acdc_night_targetcal100,51
,,,0.9978620379104978,445,True,0.1817866020034387,0.1817866020034387,0.054071925580501556,14.39655172413793,425.0,196,655.0,122.0,0.18625954198473282,0.10630541871921179,False,0.25900900900900903,0.03825136612021858,0.0,,,17,person,0.2,0.1,heuristic,mask2former_swinb_cityscapes,acdc_night_targetcal100,51
,,,,-1,True,,0.49904276562439825,0.005195543169975281,,,406,,,0.4854961832061069,,False,,,,,,17,person,0.2,0.1,argmax,mask2former_swinb_cityscapes,acdc_night_targetcal100,51
,,,0.9999776127886143,775,True,0.04447886297376093,0.04447886297376093,0.44088563323020935,24.002463054187192,775.0,196,655.0,26.0,0.03969465648854962,0.07118226600985221,False,0.0518018018018018,0.01639344262295082,0.0,,,17,person,0.05,0.5,region_crc,mask2former_swinb_cityscapes,acdc_night_targetcal100,51
,,,0.9999665804959974,746,True,0.05098203242335895,0.05098203242335895,0.3763740360736847,27.576354679802957,725.0,196,655.0,31.0,0.04732824427480916,0.06093596059113299,False,0.06306306306306306,0.01639344262295082,0.0,,,17,person,0.05,0.5,heuristic,mask2former_swinb_cityscapes,acdc_night_targetcal100,51
,,,,-1,True,,0.5847064924871047,0.005195543169975281,,,406,,,0.5648854961832062,,False,,,,,,17,person,0.05,0.5,argmax,mask2former_swinb_cityscapes,acdc_night_targetcal100,51
,,,0.9999435063025188,708,True,0.07606513384574609,0.07606513384574609,0.3044233024120331,28.514778325123153,700.0,196,655.0,47.0,0.0717557251908397,0.06394088669950738,False,0.09684684684684684,0.02185792349726776,0.0,,,17,person,0.1,0.5,region_crc,mask2former_swinb_cityscapes,acdc_night_targetcal100,51
,,,0.9999244907772334,687,True,0.08189603763583354,0.08189603763583354,0.26766127347946167,28.822660098522167,675.0,196,655.0,50.0,0.07633587786259542,0.06886699507389163,False,0.1036036036036036,0.02185792349726776,0.0,,,17,person,0.1,0.5,heuristic,mask2former_swinb_cityscapes,acdc_night_targetcal100,51
,,,,-1,True,,0.5847064924871047,0.005195543169975281,,,406,,,0.5648854961832062,,False,,,,,,17,person,0.1,0.5,argmax,mask2former_swinb_cityscapes,acdc_night_targetcal100,51
,,,0.9995812064348821,563,True,0.15644408737520982,0.15644408737520982,0.11737275123596191,23.62807881773399,550.0,196,655.0,103.0,0.15725190839694655,0.07576354679802955,False,0.21846846846846846,0.03278688524590164,0.0,,,17,person,0.2,0.5,region_crc,mask2former_swinb_cityscapes,acdc_night_targetcal100,51
,,,0.9990667456992031,505,True,0.18893381986494234,0.1889338198649423,0.0794096440076828,19.54679802955665,500.0,196,655.0,122.0,0.18625954198473282,0.1251231527093596,False,0.25675675675675674,0.04371584699453552,0.0,,,17,person,0.2,0.5,heuristic,mask2former_swinb_cityscapes,acdc_night_targetcal100,51
,,,,-1,True,,0.5847064924871047,0.005195543169975281,,,406,,,0.5648854961832062,,False,,,,,,17,person,0.2,0.5,argmax,mask2former_swinb_cityscapes,acdc_night_targetcal100,51
,,,0.9999973331413354,929,True,0.0,0.0,0.6279152631759644,13.295566502463053,925.0,115,155.0,0.0,0.0,0.13118226600985217,False,0.0,0.0,0.0,,,17,rider,0.05,0.1,region_crc,mask2former_swinb_cityscapes,acdc_night_targetcal100,31
,,,0.999988779815457,825,True,0.021739130434782608,0.021739130434782608,0.3923417627811432,23.364532019704434,825.0,115,155.0,3.0,0.01935483870967742,0.08733990147783255,False,0.02586206896551724,0.0,0.0,,,17,rider,0.05,0.1,heuristic,mask2former_swinb_cityscapes,acdc_night_targetcal100,31
,,,,-1,True,,0.7840579710144928,0.00037569651613011956,,,406,,,0.7870967741935484,,False,,,,,,17,rider,0.05,0.1,argmax,mask2former_swinb_cityscapes,acdc_night_targetcal100,31
,,,0.999988779815457,825,True,0.021739130434782608,0.021739130434782608,0.3923417627811432,23.364532019704434,825.0,115,155.0,3.0,0.01935483870967742,0.08733990147783255,False,0.02586206896551724,0.0,0.0,,,17,rider,0.1,0.1,region_crc,mask2former_swinb_cityscapes,acdc_night_targetcal100,31
,,,0.9999827813142501,794,True,0.021739130434782608,0.021739130434782608,0.32090991735458374,27.25862068965517,775.0,115,155.0,3.0,0.01935483870967742,0.05655172413793104,False,0.02586206896551724,0.0,0.0,,,17,rider,0.1,0.1,heuristic,mask2former_swinb_cityscapes,acdc_night_targetcal100,31
,,,,-1,True,,0.7840579710144928,0.00037569651613011956,,,406,,,0.7870967741935484,,False,,,,,,17,rider,0.1,0.1,argmax,mask2former_swinb_cityscapes,acdc_night_targetcal100,31
,,,0.9993918649987212,536,True,0.22463768115942032,0.2246376811594203,0.05042465031147003,13.849753694581281,525.0,115,155.0,32.0,0.2064516129032258,0.08359605911330048,False,0.2413793103448276,0.12121212121212122,0.0,,,17,rider,0.2,0.1,region_crc,mask2former_swinb_cityscapes,acdc_night_targetcal100,31
,,,0.9991643969817687,513,True,0.25072463768115943,0.25072463768115943,0.04102648049592972,12.20935960591133,500.0,115,155.0,36.0,0.23225806451612904,0.08911330049261085,False,0.2672413793103448,0.15151515151515152,0.0,,,17,rider,0.2,0.1,heuristic,mask2former_swinb_cityscapes,acdc_night_targetcal100,31
,,,,-1,True,,0.7840579710144928,0.00037569651613011956,,,406,,,0.7870967741935484,,False,,,,,,17,rider,0.2,0.1,argmax,mask2former_swinb_cityscapes,acdc_night_targetcal100,31
,,,0.9999984004419714,966,True,0.0,0.0,0.713874876499176,9.960591133004925,966.0,115,155.0,0.0,0.0,0.13507389162561578,False,0.0,0.0,0.0,,,17,rider,0.05,0.5,region_crc,mask2former_swinb_cityscapes,acdc_night_targetcal100,31
,,,0.9999899538420972,833,True,0.0391304347826087,0.0391304347826087,0.4105207026004791,23.364532019704434,825.0,115,155.0,6.0,0.03870967741935484,0.09285714285714286,False,0.04310344827586207,0.030303030303030304,0.0,,,17,rider,0.05,0.5,heuristic,mask2former_swinb_cityscapes,acdc_night_targetcal100,31
,,,,-1,True,,0.8318840579710145,0.00037569651613011956,,,406,,,0.8387096774193549,,False,,,,,,17,rider,0.05,0.5,argmax,mask2former_swinb_cityscapes,acdc_night_targetcal100,31
,,,0.9999899538420972,833,True,0.0391304347826087,0.0391304347826087,0.4105207026004791,23.364532019704434,825.0,115,155.0,6.0,0.03870967741935484,0.09285714285714286,False,0.04310344827586207,0.030303030303030304,0.0,,,17,rider,0.1,0.5,region_crc,mask2former_swinb_cityscapes,acdc_night_targetcal100,31
,,,0.9999863855531753,811,True,0.04782608695652174,0.04782608695652174,0.35748958587646484,25.751231527093594,800.0,115,155.0,7.0,0.04516129032258064,0.05896551724137927,False,0.05172413793103448,0.030303030303030304,0.0,,,17,rider,0.1,0.5,heuristic,mask2former_swinb_cityscapes,acdc_night_targetcal100,31
,,,,-1,True,,0.8318840579710145,0.00037569651613011956,,,406,,,0.8387096774193549,,False,,,,,,17,rider,0.1,0.5,argmax,mask2former_swinb_cityscapes,acdc_night_targetcal100,31
,,,0.9994629682036298,545,True,0.2768115942028985,0.2768115942028985,0.05402502045035362,13.849753694581281,525.0,115,155.0,40.0,0.25806451612903225,0.07581280788177341,False,0.2672413793103448,0.2727272727272727,0.0,,,17,rider,0.2,0.5,region_crc,mask2former_swinb_cityscapes,acdc_night_targetcal100,31
,,,0.9992518304994888,521,True,0.3144927536231884,0.3144927536231884,0.04416263848543167,12.20935960591133,500.0,115,155.0,46.0,0.2967741935483871,0.0759113300492611,False,0.31896551724137934,0.2727272727272727,0.0,,,17,rider,0.2,0.5,heuristic,mask2former_swinb_cityscapes,acdc_night_targetcal100,31
,,,,-1,True,,0.8318840579710145,0.00037569651613011956,,,406,,,0.8387096774193549,,False,,,,,,17,rider,0.2,0.5,argmax,mask2former_swinb_cityscapes,acdc_night_targetcal100,31
,,,0.9999974414141131,932,True,0.00980392156862745,0.00980392156862745,0.6293572783470154,15.761083743842365,925.0,102,235.0,1.0,0.00425531914893617,0.09596059113300492,False,0.007246376811594203,0.0,0.0,,,17,bicycle,0.05,0.1,region_crc,mask2former_swinb_cityscapes,acdc_night_targetcal100,28
,,,0.9999720745615877,759,True,0.05648926237161531,0.056489262371615306,0.2323373556137085,29.5,750.0,102,235.0,11.0,0.04680851063829787,0.06532019704433495,False,0.07246376811594203,0.0136986301369863,0.0,,,17,bicycle,0.05,0.1,heuristic,mask2former_swinb_cityscapes,acdc_night_targetcal100,28
,,,,-1,True,,0.8040460628695921,0.0006642810767516494,,,406,,,0.7957446808510639,,False,,,,,,17,bicycle,0.05,0.1,argmax,mask2former_swinb_cityscapes,acdc_night_targetcal100,28
,,,0.9999704879077334,755,True,0.05788982259570495,0.057889822595704944,0.22616024315357208,29.5,750.0,102,235.0,12.0,0.05106382978723404,0.07822660098522172,False,0.07246376811594203,0.0273972602739726,0.0,,,17,bicycle,0.1,0.1,region_crc,mask2former_swinb_cityscapes,acdc_night_targetcal100,28
,,,0.9999547102420097,724,True,0.09154995331465919,0.0915499533146592,0.18009889125823975,27.34729064039409,700.0,102,235.0,21.0,0.08936170212765958,0.08852216748768471,False,0.12318840579710146,0.0547945205479452,0.0,,,17,bicycle,0.1,0.1,heuristic,mask2former_swinb_cityscapes,acdc_night_targetcal100,28
,,,,-1,True,,0.8040460628695921,0.0006642810767516494,,,406,,,0.7957446808510639,,False,,,,,,17,bicycle,0.1,0.1,argmax,mask2former_swinb_cityscapes,acdc_night_targetcal100,28
,,,0.9998451183381087,635,True,0.1760504201680672,0.1760504201680672,0.08593380451202393,21.866995073891626,625.0,102,235.0,38.0,0.16170212765957448,0.06408866995073893,False,0.2391304347826087,0.0684931506849315,0.0,,,17,bicycle,0.2,0.1,region_crc,mask2former_swinb_cityscapes,acdc_night_targetcal100,28
,,,0.9998451183381087,635,True,0.1760504201680672,0.1760504201680672,0.08593380451202393,21.866995073891626,625.0,102,235.0,38.0,0.16170212765957448,0.06408866995073893,False,0.2391304347826087,0.0684931506849315,0.0,,,17,bicycle,0.2,0.1,heuristic,mask2former_swinb_cityscapes,acdc_night_targetcal100,28
,,,,-1,True,,0.8040460628695921,0.0006642810767516494,,,406,,,0.7957446808510639,,False,,,,,,17,bicycle,0.2,0.1,argmax,mask2former_swinb_cityscapes,acdc_night_targetcal100,28
,,,0.9999986448105876,978,True,0.0,0.0,0.7538437247276306,9.830049261083744,978.0,102,235.0,0.0,0.0,0.08231527093596064,False,0.0,0.0,0.0,,,17,bicycle,0.05,0.5,region_crc,mask2former_swinb_cityscapes,acdc_night_targetcal100,28
,,,0.9999952356901319,887,True,0.021008403361344536,0.021008403361344536,0.5157018303871155,21.69704433497537,875.0,102,235.0,3.0,0.01276595744680851,0.07330049261083743,False,0.021739130434782608,0.0,0.0,,,17,bicycle,0.05,0.5,heuristic,mask2former_swinb_cityscapes,acdc_night_targetcal100,28
,,,,-1,True,,0.8685340802987862,0.0006642810767516494,,,406,,,0.8595744680851064,,False,,,,,,17,bicycle,0.05,0.5,argmax,mask2former_swinb_cityscapes,acdc_night_targetcal100,28
,,,0.9999942983572772,874,True,0.02404295051353875,0.02404295051353875,0.48168283700942993,24.20935960591133,850.0,102,235.0,5.0,0.02127659574468085,0.1035960591133005,False,0.036231884057971016,0.0,0.0,,,17,bicycle,0.1,0.5,region_crc,mask2former_swinb_cityscapes,acdc_night_targetcal100,28
,,,0.9999815498458082,789,True,0.06734360410830999,0.06734360410831,0.28709810972213745,29.091133004926107,775.0,102,235.0,15.0,0.06382978723404255,0.03610837438423642,False,0.08695652173913043,0.0410958904109589,0.0,,,17,bicycle,0.1,0.5,heuristic,mask2former_swinb_cityscapes,acdc_night_targetcal100,28
,,,,-1,True,,0.8685340802987862,0.0006642810767516494,,,406,,,0.8595744680851064,,False,,,,,,17,bicycle,0.1,0.5,argmax,mask2former_swinb_cityscapes,acdc_night_targetcal100,28
,,,0.999971686080042,758,True,0.10315126050420168,0.10315126050420169,0.23077058792114258,29.5,750.0,102,235.0,23.0,0.09787234042553192,0.06285714285714283,False,0.13043478260869565,0.0684931506849315,0.0,,,17,bicycle,0.2,0.5,region_crc,mask2former_swinb_cityscapes,acdc_night_targetcal100,28
,,,0.999963692194523,740,True,0.12668067226890756,0.12668067226890756,0.20312809944152832,29.004926108374384,725.0,102,235.0,27.0,0.1148936170212766,0.06852216748768475,False,0.15942028985507245,0.0684931506849315,0.0,,,17,bicycle,0.2,0.5,heuristic,mask2former_swinb_cityscapes,acdc_night_targetcal100,28
,,,,-1,True,,0.8685340802987862,0.0006642810767516494,,,406,,,0.8595744680851064,,False,,,,,,17,bicycle,0.2,0.5,argmax,mask2former_swinb_cityscapes,acdc_night_targetcal100,28
,,,0.9998514064357713,638,True,0.08358513345950531,0.08358513345950531,0.19782797992229462,28.29310344827586,625.0,199,652.0,49.0,0.07515337423312883,0.11147783251231524,False,0.10623556581986143,0.015306122448979591,0.0,,,18,person,0.05,0.1,region_crc,mask2former_swinb_cityscapes,acdc_night_targetcal100,48
,,,0.9996500548329716,576,True,0.11318007787857032,0.11318007787857035,0.1333794742822647,25.263546798029555,575.0,199,652.0,71.0,0.10889570552147239,0.15098522167487688,False,0.15704387990762125,0.015306122448979591,0.0,,,18,person,0.05,0.1,heuristic,mask2former_swinb_cityscapes,acdc_night_targetcal100,48
,,,,-1,True,,0.4871320890165111,0.0050658052787184715,,,406,,,0.46932515337423314,,False,,,,,,18,person,0.05,0.1,argmax,mask2former_swinb_cityscapes,acdc_night_targetcal100,48
,,,0.9995450119398499,557,True,0.12452467967543344,0.12452467967543343,0.11738702654838562,23.997536945812808,550.0,199,652.0,79.0,0.12116564417177914,0.13231527093596057,False,0.17551963048498845,0.015306122448979591,0.0,,,18,person,0.1,0.1,region_crc,mask2former_swinb_cityscapes,acdc_night_targetcal100,48
,,,0.9994629682036298,545,True,0.13955654897865952,0.13955654897865954,0.10867203027009964,22.11576354679803,525.0,199,652.0,88.0,0.13496932515337423,0.13507389162561578,False,0.19630484988452657,0.015306122448979591,0.0,,,18,person,0.1,0.1,heuristic,mask2former_swinb_cityscapes,acdc_night_targetcal100,48
,,,,-1,True,,0.4871320890165111,0.0050658052787184715,,,406,,,0.46932515337423314,,False,,,,,,18,person,0.1,0.1,argmax,mask2former_swinb_cityscapes,acdc_night_targetcal100,48
,,,0.9930816902908106,360,True,0.2407832814867991,0.2407832814867991,0.031185202300548553,10.529556650246306,350.0,199,652.0,149.0,0.2285276073619632,0.11931034482758618,False,0.325635103926097,0.04081632653061224,0.0,,,18,person,0.2,0.1,region_crc,mask2former_swinb_cityscapes,acdc_night_targetcal100,48
,,,0.9925868975869908,355,True,0.2489453037191731,0.24894530371917303,0.02992156893014908,10.529556650246306,350.0,199,652.0,153.0,0.23466257668711657,0.13453201970443351,False,0.3348729792147806,0.04081632653061224,0.0,,,18,person,0.2,0.1,heuristic,mask2former_swinb_cityscapes,acdc_night_targetcal100,48
,,,,-1,True,,0.4871320890165111,0.0050658052787184715,,,406,,,0.46932515337423314,,False,,,,,,18,person,0.2,0.1,argmax,mask2former_swinb_cityscapes,acdc_night_targetcal100,48
,,,0.9999156665242236,679,True,0.10435184580913223,0.10435184580913222,0.2569493353366852,28.625615763546797,675.0,199,652.0,60.0,0.09202453987730061,0.09482758620689657,False,0.13163972286374134,0.015306122448979591,0.0,,,18,person,0.05,0.5,region_crc,mask2former_swinb_cityscapes,acdc_night_targetcal100,48
,,,0.9998723561191188,649,True,0.11330951293262852,0.11330951293262852,0.21266283094882965,28.29310344827586,625.0,199,652.0,69.0,0.1058282208588957,0.09817733990147792,False,0.15242494226327943,0.015306122448979591,0.0,,,18,person,0.05,0.5,heuristic,mask2former_swinb_cityscapes,acdc_night_targetcal100,48
,,,,-1,True,,0.5757115302341432,0.0050658052787184715,,,406,,,0.5613496932515337,,False,,,,,,18,person,0.05,0.5,argmax,mask2former_swinb_cityscapes,acdc_night_targetcal100,48
,,,0.9998013905082642,617,True,0.1375557440884074,0.1375557440884074,0.1722337007522583,26.854679802955665,600.0,199,652.0,82.0,0.12576687116564417,0.14374384236453208,False,0.18244803695150116,0.015306122448979591,0.0,,,18,person,0.1,0.5,region_crc,mask2former_swinb_cityscapes,acdc_night_targetcal100,48
,,,0.9997233058354589,593,True,0.14638778307120015,0.14638778307120015,0.14758846163749695,25.263546798029555,575.0,199,652.0,88.0,0.13496932515337423,0.1615763546798029,False,0.19630484988452657,0.015306122448979591,0.0,,,18,person,0.1,0.5,heuristic,mask2former_swinb_cityscapes,acdc_night_targetcal100,48
,,,,-1,True,,0.5757115302341432,0.0050658052787184715,,,406,,,0.5613496932515337,,False,,,,,,18,person,0.1,0.5,argmax,mask2former_swinb_cityscapes,acdc_night_targetcal100,48
,,,0.9974414141130944,432,True,0.2578540248138238,0.2578540248138238,0.05136914551258087,14.958128078817735,425.0,199,652.0,159.0,0.24386503067484663,0.17384236453201968,False,0.34872979214780603,0.03571428571428571,0.043478260869565216,,,18,person,0.2,0.5,region_crc,mask2former_swinb_cityscapes,acdc_night_targetcal100,48
,,,0.9955536873253089,392,True,0.2844110523758765,0.2844110523758765,0.038864608854055405,11.726600985221674,375.0,199,652.0,177.0,0.2714723926380368,0.1282266009852217,False,0.3856812933025404,0.04591836734693878,0.043478260869565216,,,18,person,0.2,0.5,heuristic,mask2former_swinb_cityscapes,acdc_night_targetcal100,48
,,,,-1,True,,0.5757115302341432,0.0050658052787184715,,,406,,,0.5613496932515337,,False,,,,,,18,person,0.2,0.5,argmax,mask2former_swinb_cityscapes,acdc_night_targetcal100,48
,,,0.9999952356901319,887,True,0.011204481792717087,0.011204481792717087,0.534949004650116,19.44334975369458,875.0,119,159.0,2.0,0.012578616352201259,0.06280788177339902,False,0.016666666666666666,0.0,0.0,,,18,rider,0.05,0.1,region_crc,mask2former_swinb_cityscapes,acdc_night_targetcal100,27
,,,0.9999827813142501,794,True,0.03221288515406162,0.03221288515406162,0.3228812515735626,26.99014778325123,775.0,119,159.0,5.0,0.031446540880503145,0.07876847290640393,False,0.041666666666666664,0.0,0.0,,,18,rider,0.05,0.1,heuristic,mask2former_swinb_cityscapes,acdc_night_targetcal100,27
,,,,-1,True,,0.7955182072829132,0.0003435661201365292,,,406,,,0.8176100628930818,,False,,,,,,18,rider,0.05,0.1,argmax,mask2former_swinb_cityscapes,acdc_night_targetcal100,27
,,,0.9999827813142501,794,True,0.03221288515406162,0.03221288515406162,0.3228812515735626,26.99014778325123,775.0,119,159.0,5.0,0.031446540880503145,0.07876847290640393,False,0.041666666666666664,0.0,0.0,,,18,rider,0.1,0.1,region_crc,mask2former_swinb_cityscapes,acdc_night_targetcal100,27
,,,0.9999696610881581,753,True,0.044817927170868355,0.04481792717086835,0.24842263758182526,27.22906403940887,750.0,119,159.0,7.0,0.0440251572327044,0.08990147783251234,False,0.058333333333333334,0.0,0.0,,,18,rider,0.1,0.1,heuristic,mask2former_swinb_cityscapes,acdc_night_targetcal100,27
,,,,-1,True,,0.7955182072829132,0.0003435661201365292,,,406,,,0.8176100628930818,,False,,,,,,18,rider,0.1,0.1,argmax,mask2former_swinb_cityscapes,acdc_night_targetcal100,27
,,,0.9999202005312732,683,True,0.0742296918767507,0.07422969187675069,0.15244443714618683,24.33743842364532,675.0,119,159.0,12.0,0.07547169811320754,0.10689655172413792,False,0.1,0.0,0.0,,,18,rider,0.2,0.1,region_crc,mask2former_swinb_cityscapes,acdc_night_targetcal100,27
,,,0.999868780010098,647,True,0.12464985994397758,0.12464985994397759,0.12003609538078308,21.44334975369458,625.0,119,159.0,20.0,0.12578616352201258,0.09123152709359608,False,0.16666666666666666,0.0,0.0,,,18,rider,0.2,0.1,heuristic,mask2former_swinb_cityscapes,acdc_night_targetcal100,27
,,,,-1,True,,0.7955182072829132,0.0003435661201365292,,,406,,,0.8176100628930818,,False,,,,,,18,rider,0.2,0.1,argmax,mask2former_swinb_cityscapes,acdc_night_targetcal100,27
,,,0.9999964843955947,909,True,0.015406162464985993,0.015406162464985993,0.5825861096382141,16.600985221674875,900.0,119,159.0,3.0,0.018867924528301886,0.08320197044334976,False,0.025,0.0,0.0,,,18,rider,0.05,0.5,region_crc,mask2former_swinb_cityscapes,acdc_night_targetcal100,27
,,,0.9999863855531753,811,True,0.057422969187675074,0.05742296918767507,0.3581567704677582,25.773399014778324,800.0,119,159.0,9.0,0.05660377358490566,0.0542857142857143,False,0.06666666666666667,0.03125,0.0,,,18,rider,0.05,0.5,heuristic,mask2former_swinb_cityscapes,acdc_night_targetcal100,27
,,,,-1,True,,0.854341736694678,0.0003435661201365292,,,406,,,0.8742138364779874,,False,,,,,,18,rider,0.05,0.5,argmax,mask2former_swinb_cityscapes,acdc_night_targetcal100,27
,,,0.9999863855531753,811,True,0.057422969187675074,0.05742296918767507,0.3581567704677582,25.773399014778324,800.0,119,159.0,9.0,0.05660377358490566,0.0542857142857143,False,0.06666666666666667,0.03125,0.0,,,18,rider,0.1,0.5,region_crc,mask2former_swinb_cityscapes,acdc_night_targetcal100,27
,,,0.999985003151645,804,True,0.057422969187675074,0.05742296918767507,0.34301844239234924,25.773399014778324,800.0,119,159.0,9.0,0.05660377358490566,0.05921182266009853,False,0.06666666666666667,0.03125,0.0,,,18,rider,0.1,0.5,heuristic,mask2former_swinb_cityscapes,acdc_night_targetcal100,27
,,,,-1,True,,0.854341736694678,0.0003435661201365292,,,406,,,0.8742138364779874,,False,,,,,,18,rider,0.1,0.5,argmax,mask2former_swinb_cityscapes,acdc_night_targetcal100,27
,,,0.9999670390287823,747,True,0.06582633053221289,0.06582633053221289,0.238326758146286,26.56650246305419,725.0,119,159.0,10.0,0.06289308176100629,0.08729064039408863,False,0.075,0.03125,0.0,,,18,rider,0.2,0.5,region_crc,mask2former_swinb_cityscapes,acdc_night_targetcal100,27
,,,0.999950111551254,717,True,0.08683473389355743,0.08683473389355742,0.1935892105102539,25.714285714285715,700.0,119,159.0,14.0,0.0880503144654088,0.0944334975369458,False,0.10833333333333334,0.03125,0.0,,,18,rider,0.2,0.5,heuristic,mask2former_swinb_cityscapes,acdc_night_targetcal100,27
,,,,-1,True,,0.854341736694678,0.0003435661201365292,,,406,,,0.8742138364779874,,False,,,,,,18,rider,0.2,0.5,argmax,mask2former_swinb_cityscapes,acdc_night_targetcal100,27
,,,0.9999983327527875,963,True,0.0,0.0,0.7133437395095825,10.938423645320198,963.0,104,227.0,0.0,0.0,0.09305418719211822,False,0.0,0.0,0.0,,,18,bicycle,0.05,0.1,region_crc,mask2former_swinb_cityscapes,acdc_night_targetcal100,26
,,,0.9999898140861194,832,True,0.004807692307692308,0.004807692307692308,0.3819025456905365,26.24384236453202,825.0,104,227.0,1.0,0.004405286343612335,0.08064039408866994,False,0.0072992700729927005,0.0,0.0,,,18,bicycle,0.05,0.1,heuristic,mask2former_swinb_cityscapes,acdc_night_targetcal100,26
,,,,-1,True,,0.8385874542124542,0.0006015668041072786,,,406,,,0.8061674008810573,,False,,,,,,18,bicycle,0.05,0.1,argmax,mask2former_swinb_cityscapes,acdc_night_targetcal100,26
,,,0.9999867565846481,813,True,0.019230769230769232,0.019230769230769232,0.34061720967292786,28.485221674876847,800.0,104,227.0,3.0,0.013215859030837005,0.1057142857142857,False,0.021897810218978103,0.0,0.0,,,18,bicycle,0.1,0.1,region_crc,mask2former_swinb_cityscapes,acdc_night_targetcal100,26
,,,0.9999810329407879,787,True,0.02403846153846154,0.02403846153846154,0.28729620575904846,29.50985221674877,775.0,104,227.0,4.0,0.01762114537444934,0.0813793103448276,False,0.029197080291970802,0.0,0.0,,,18,bicycle,0.1,0.1,heuristic,mask2former_swinb_cityscapes,acdc_night_targetcal100,26
,,,,-1,True,,0.8385874542124542,0.0006015668041072786,,,406,,,0.8061674008810573,,False,,,,,,18,bicycle,0.1,0.1,argmax,mask2former_swinb_cityscapes,acdc_night_targetcal100,26
,,,0.9999419235582478,706,True,0.08326465201465202,0.083264652014652,0.15942822396755219,28.051724137931036,700.0,104,227.0,18.0,0.07929515418502203,0.09004926108374389,False,0.12408759124087591,0.014705882352941176,0.0,,,18,bicycle,0.2,0.1,region_crc,mask2former_swinb_cityscapes,acdc_night_targetcal100,26
,,,0.9998669545582022,646,True,0.14416208791208793,0.14416208791208793,0.099895179271698,22.458128078817733,625.0,104,227.0,29.0,0.1277533039647577,0.12221674876847288,False,0.19708029197080293,0.029411764705882353,0.0,,,18,bicycle,0.2,0.1,heuristic,mask2former_swinb_cityscapes,acdc_night_targetcal100,26
,,,,-1,True,,0.8385874542124542,0.0006015668041072786,,,406,,,0.8061674008810573,,False,,,,,,18,bicycle,0.2,0.1,argmax,mask2former_swinb_cityscapes,acdc_night_targetcal100,26
,,,0.9999984004419714,966,True,0.004807692307692308,0.004807692307692308,0.720481812953949,10.623152709359607,966.0,104,227.0,1.0,0.004405286343612335,0.09320197044334977,False,0.0072992700729927005,0.0,0.0,,,18,bicycle,0.05,0.5,region_crc,mask2former_swinb_cityscapes,acdc_night_targetcal100,26
,,,0.9999982860426925,961,True,0.004807692307692308,0.004807692307692308,0.7050032615661621,11.251231527093596,961.0,104,227.0,1.0,0.004405286343612335,0.10261083743842364,False,0.0072992700729927005,0.0,0.0,,,18,bicycle,0.05,0.5,heuristic,mask2former_swinb_cityscapes,acdc_night_targetcal100,26
,,,,-1,True,,0.90191163003663,0.0006015668041072786,,,406,,,0.8722466960352423,,False,,,,,,18,bicycle,0.05,0.5,argmax,mask2former_swinb_cityscapes,acdc_night_targetcal100,26
,,,0.9999982860426925,961,True,0.004807692307692308,0.004807692307692308,0.7050032615661621,11.251231527093596,961.0,104,227.0,1.0,0.004405286343612335,0.10261083743842364,False,0.0072992700729927005,0.0,0.0,,,18,bicycle,0.1,0.5,region_crc,mask2former_swinb_cityscapes,acdc_night_targetcal100,26
,,,0.999989383044428,829,True,0.03926282051282052,0.03926282051282052,0.3750564455986023,26.24384236453202,825.0,104,227.0,8.0,0.03524229074889868,0.08778325123152708,False,0.043795620437956206,0.029411764705882353,0.0,,,18,bicycle,0.1,0.5,heuristic,mask2former_swinb_cityscapes,acdc_night_targetcal100,26
,,,,-1,True,,0.90191163003663,0.0006015668041072786,,,406,,,0.8722466960352423,,False,,,,,,18,bicycle,0.1,0.5,argmax,mask2former_swinb_cityscapes,acdc_night_targetcal100,26
,,,0.9999605542697925,734,True,0.14896978021978022,0.14896978021978022,0.20068134367465973,29.39408866995074,725.0,104,227.0,26.0,0.1145374449339207,0.09886699507389163,False,0.1678832116788321,0.04411764705882353,0.0,,,18,bicycle,0.2,0.5,region_crc,mask2former_swinb_cityscapes,acdc_night_targetcal100,26
,,,0.9999386237994835,702,True,0.16659798534798534,0.16659798534798534,0.1546774059534073,28.051724137931036,700.0,104,227.0,30.0,0.13215859030837004,0.08266009852216749,False,0.1897810218978102,0.058823529411764705,0.0,,,18,bicycle,0.2,0.5,heuristic,mask2former_swinb_cityscapes,acdc_night_targetcal100,26
,,,,-1,True,,0.90191163003663,0.0006015668041072786,,,406,,,0.8722466960352423,,False,,,,,,18,bicycle,0.2,0.5,argmax,mask2former_swinb_cityscapes,acdc_night_targetcal100,26
,,,0.999986196157354,810,True,0.011459775419166283,0.011459775419166283,0.5162968635559082,21.123152709359605,800.0,197,676.0,5.0,0.0073964497041420114,0.06256157635467985,False,0.010752688172043012,0.0,0.0,,,19,person,0.05,0.1,region_crc,mask2former_swinb_cityscapes,acdc_night_targetcal100,50
,,,0.9999058110403477,671,True,0.0642711560858769,0.06427115608587688,0.24160581827163696,29.01231527093596,650.0,197,676.0,40.0,0.05917159763313609,0.05640394088669953,False,0.07956989247311828,0.01639344262295082,0.0,,,19,person,0.05,0.1,heuristic,mask2former_swinb_cityscapes,acdc_night_targetcal100,50
,,,,-1,True,,0.5118077072391792,0.005182379391044378,,,406,,,0.4881656804733728,,False,,,,,,19,person,0.05,0.1,argmax,mask2former_swinb_cityscapes,acdc_night_targetcal100,50
,,,0.9997233058354589,593,True,0.09632968554288351,0.09632968554288351,0.14639215171337128,24.660098522167488,575.0,197,676.0,64.0,0.09467455621301775,0.10236453201970441,False,0.12903225806451613,0.02185792349726776,0.0,,,19,person,0.1,0.1,region_crc,mask2former_swinb_cityscapes,acdc_night_targetcal100,50
,,,0.9995322648587128,555,True,0.12108741512294811,0.12108741512294813,0.11584854871034622,23.41871921182266,550.0,197,676.0,82.0,0.12130177514792899,0.08802955665024637,False,0.16774193548387098,0.02185792349726776,0.0,,,19,person,0.1,0.1,heuristic,mask2former_swinb_cityscapes,acdc_night_targetcal100,50
,,,,-1,True,,0.5118077072391792,0.005182379391044378,,,406,,,0.4881656804733728,,False,,,,,,19,person,0.1,0.1,argmax,mask2former_swinb_cityscapes,acdc_night_targetcal100,50
,,,0.9978620379104978,445,True,0.1849970883600325,0.1849970883600325,0.05513070151209831,14.485221674876847,425.0,197,676.0,125.0,0.1849112426035503,0.06261083743842366,False,0.25806451612903225,0.0273224043715847,0.0,,,19,person,0.2,0.1,region_crc,mask2former_swinb_cityscapes,acdc_night_targetcal100,50
,,,0.9930816902908106,360,True,0.23631959552010312,0.23631959552010312,0.03074583038687706,10.268472906403941,350.0,197,676.0,157.0,0.23224852071005916,0.07428571428571429,False,0.3204301075268817,0.04371584699453552,0.0,,,19,person,0.2,0.1,heuristic,mask2former_swinb_cityscapes,acdc_night_targetcal100,50
,,,,-1,True,,0.5118077072391792,0.005182379391044378,,,406,,,0.4881656804733728,,False,,,,,,19,person,0.2,0.1,argmax,mask2former_swinb_cityscapes,acdc_night_targetcal100,50
,,,0.9999923792098997,853,True,0.006051266838068868,0.006051266838068868,0.5939248204231262,17.288177339901477,850.0,197,676.0,6.0,0.008875739644970414,0.06344827586206891,False,0.010752688172043012,0.00546448087431694,0.0,,,19,person,0.05,0.5,region_crc,mask2former_swinb_cityscapes,acdc_night_targetcal100,50
,,,0.9999665804959974,746,True,0.04949266046981783,0.04949266046981783,0.37928974628448486,27.571428571428573,725.0,197,676.0,32.0,0.047337278106508875,0.07940886699507393,False,0.06236559139784946,0.01639344262295082,0.0,,,19,person,0.05,0.5,heuristic,mask2former_swinb_cityscapes,acdc_night_targetcal100,50
,,,,-1,True,,0.5908515905977835,0.005182379391044378,,,406,,,0.5636094674556213,,False,,,,,,19,person,0.05,0.5,argmax,mask2former_swinb_cityscapes,acdc_night_targetcal100,50
,,,0.9999435063025188,708,True,0.07790944250335113,0.07790944250335113,0.3056388795375824,28.42118226600985,700.0,197,676.0,49.0,0.07248520710059171,0.06768472906403933,False,0.0967741935483871,0.02185792349726776,0.0,,,19,person,0.1,0.5,region_crc,mask2former_swinb_cityscapes,acdc_night_targetcal100,50
,,,0.999819698225914,624,True,0.11868393873470015,0.11868393873470015,0.1785520762205124,26.65270935960591,600.0,197,676.0,76.0,0.11242603550295859,0.08773399014778327,False,0.15483870967741936,0.02185792349726776,0.0,,,19,person,0.1,0.5,heuristic,mask2former_swinb_cityscapes,acdc_night_targetcal100,50
,,,,-1,True,,0.5908515905977835,0.005182379391044378,,,406,,,0.5636094674556213,,False,,,,,,19,person,0.1,0.5,argmax,mask2former_swinb_cityscapes,acdc_night_targetcal100,50
,,,0.9991527725858594,512,True,0.18674040990030838,0.18674040990030838,0.08552119880914688,19.655172413793103,500.0,197,676.0,124.0,0.1834319526627219,0.08024630541871919,False,0.25161290322580643,0.03825136612021858,0.0,,,19,person,0.2,0.5,region_crc,mask2former_swinb_cityscapes,acdc_night_targetcal100,50
,,,0.9984864387515638,470,True,0.22060662828429328,0.22060662828429325,0.0650722086429596,16.110837438423644,450.0,197,676.0,145.0,0.21449704142011836,0.07724137931034486,False,0.2924731182795699,0.04371584699453552,0.03571428571428571,,,19,person,0.2,0.5,heuristic,mask2former_swinb_cityscapes,acdc_night_targetcal100,50
,,,,-1,True,,0.5908515905977835,0.005182379391044378,,,406,,,0.5636094674556213,,False,,,,,,19,person,0.2,0.5,argmax,mask2former_swinb_cityscapes,acdc_night_targetcal100,50
,,,0.9999827813142501,794,True,0.04393939393939394,0.04393939393939394,0.3200916647911072,26.58374384236453,775.0,110,148.0,6.0,0.04054054054054054,0.07423645320197036,False,0.05263157894736842,0.0,0.0,,,19,rider,0.05,0.1,region_crc,mask2former_swinb_cityscapes,acdc_night_targetcal100,36
,,,0.9999465435640603,712,True,0.08030303030303029,0.08030303030303029,0.18427547812461853,24.958128078817733,700.0,110,148.0,11.0,0.07432432432432433,0.06295566502463057,False,0.09649122807017543,0.0,0.0,,,19,rider,0.05,0.1,heuristic,mask2former_swinb_cityscapes,acdc_night_targetcal100,36
,,,,-1,True,,0.8060606060606059,0.0003495693381410092,,,406,,,0.8175675675675675,,False,,,,,,19,rider,0.05,0.1,argmax,mask2former_swinb_cityscapes,acdc_night_targetcal100,36
,,,0.9998903521803857,660,True,0.12575757575757573,0.12575757575757573,0.13130778074264526,22.89408866995074,650.0,110,148.0,18.0,0.12162162162162163,0.0713793103448277,False,0.15789473684210525,0.0,0.0,,,19,rider,0.1,0.1,region_crc,mask2former_swinb_cityscapes,acdc_night_targetcal100,36
,,,0.999868780010098,647,True,0.14848484848484847,0.14848484848484847,0.11983278393745422,20.86945812807882,625.0,110,148.0,21.0,0.14189189189189189,0.07758620689655171,False,0.18421052631578946,0.0,0.0,,,19,rider,0.1,0.1,heuristic,mask2former_swinb_cityscapes,acdc_night_targetcal100,36
,,,,-1,True,,0.8060606060606059,0.0003495693381410092,,,406,,,0.8175675675675675,,False,,,,,,19,rider,0.1,0.1,argmax,mask2former_swinb_cityscapes,acdc_night_targetcal100,36
,,,0.9997271022217192,594,True,0.1712121212121212,0.1712121212121212,0.08173449337482452,17.445812807881772,575.0,110,148.0,24.0,0.16216216216216217,0.09443349753694585,False,0.19298245614035087,0.07142857142857142,0.0,,,19,rider,0.2,0.1,region_crc,mask2former_swinb_cityscapes,acdc_night_targetcal100,36
,,,0.9990537628386342,504,True,0.26515151515151514,0.26515151515151514,0.040564604103565216,12.339901477832512,500.0,110,148.0,38.0,0.25675675675675674,0.09527093596059111,False,0.2807017543859649,0.21428571428571427,0.0,,,19,rider,0.2,0.1,heuristic,mask2former_swinb_cityscapes,acdc_night_targetcal100,36
,,,,-1,True,,0.8060606060606059,0.0003495693381410092,,,406,,,0.8175675675675675,,False,,,,,,19,rider,0.2,0.1,argmax,mask2former_swinb_cityscapes,acdc_night_targetcal100,36
,,,0.9999863855531753,811,True,0.07121212121212121,0.07121212121212121,0.35794150829315186,25.807881773399014,800.0,110,148.0,10.0,0.06756756756756757,0.06729064039408861,False,0.07894736842105263,0.03571428571428571,0.0,,,19,rider,0.05,0.5,region_crc,mask2former_swinb_cityscapes,acdc_night_targetcal100,36
,,,0.999985003151645,804,True,0.07121212121212121,0.07121212121212121,0.3420666456222534,25.807881773399014,800.0,110,148.0,10.0,0.06756756756756757,0.06453201970443345,False,0.07894736842105263,0.03571428571428571,0.0,,,19,rider,0.05,0.5,heuristic,mask2former_swinb_cityscapes,acdc_night_targetcal100,36
,,,,-1,True,,0.8333333333333333,0.0003495693381410092,,,406,,,0.8513513513513513,,False,,,,,,19,rider,0.05,0.5,argmax,mask2former_swinb_cityscapes,acdc_night_targetcal100,36
,,,0.9999626749842204,738,True,0.10303030303030301,0.10303030303030301,0.22017322480678558,26.165024630541872,725.0,110,148.0,14.0,0.0945945945945946,0.07896551724137929,False,0.11403508771929824,0.03571428571428571,0.0,,,19,rider,0.1,0.5,region_crc,mask2former_swinb_cityscapes,acdc_night_targetcal100,36
,,,0.9999314511773547,694,True,0.13030303030303028,0.13030303030303028,0.16324955224990845,23.514778325123153,675.0,110,148.0,18.0,0.12162162162162163,0.07325123152709367,False,0.14912280701754385,0.03571428571428571,0.0,,,19,rider,0.1,0.5,heuristic,mask2former_swinb_cityscapes,acdc_night_targetcal100,36
,,,,-1,True,,0.8333333333333333,0.0003495693381410092,,,406,,,0.8513513513513513,,False,,,,,,19,rider,0.1,0.5,argmax,mask2former_swinb_cityscapes,acdc_night_targetcal100,36
,,,0.9998293917610996,628,True,0.2121212121212121,0.2121212121212121,0.10368470102548599,20.86945812807882,625.0,110,148.0,29.0,0.19594594594594594,0.06482758620689655,False,0.21929824561403508,0.14285714285714285,0.0,,,19,rider,0.2,0.5,region_crc,mask2former_swinb_cityscapes,acdc_night_targetcal100,36
,,,0.9996778931208716,582,True,0.25151515151515147,0.2515151515151515,0.07492755353450775,17.445812807881772,575.0,110,148.0,35.0,0.23648648648648649,0.09443349753694585,False,0.24561403508771928,0.25,0.0,,,19,rider,0.2,0.5,heuristic,mask2former_swinb_cityscapes,acdc_night_targetcal100,36
,,,,-1,True,,0.8333333333333333,0.0003495693381410092,,,406,,,0.8513513513513513,,False,,,,,,19,rider,0.2,0.5,argmax,mask2former_swinb_cityscapes,acdc_night_targetcal100,36
,,,0.9999896723859424,831,True,0.027276930189551546,0.027276930189551546,0.38311585783958435,25.80295566502463,825.0,103,244.0,5.0,0.020491803278688523,0.1673399014778325,False,0.034013605442176874,0.0,0.0,,,19,bicycle,0.05,0.1,region_crc,mask2former_swinb_cityscapes,acdc_night_targetcal100,27
,,,0.9999867565846481,813,True,0.027276930189551546,0.027276930189551546,0.3446330428123474,27.55665024630542,800.0,103,244.0,5.0,0.020491803278688523,0.17039408866995076,False,0.034013605442176874,0.0,0.0,,,19,bicycle,0.05,0.1,heuristic,mask2former_swinb_cityscapes,acdc_night_targetcal100,27
,,,,-1,True,,0.8243989828941284,0.000623091182205826,,,406,,,0.8073770491803278,,False,,,,,,19,bicycle,0.05,0.1,argmax,mask2former_swinb_cityscapes,acdc_night_targetcal100,27
,,,0.9999830175634754,795,True,0.02889505316689783,0.02889505316689783,0.3060621917247772,28.77093596059113,775.0,103,244.0,6.0,0.02459016393442623,0.16083743842364534,False,0.04081632653061224,0.0,0.0,,,19,bicycle,0.1,0.1,region_crc,mask2former_swinb_cityscapes,acdc_night_targetcal100,27
,,,0.999974996546383,767,True,0.03513638465094776,0.035136384650947754,0.25286465883255005,29.123152709359605,750.0,103,244.0,8.0,0.03278688524590164,0.16113300492610844,False,0.05442176870748299,0.0,0.0,,,19,bicycle,0.1,0.1,heuristic,mask2former_swinb_cityscapes,acdc_night_targetcal100,27
,,,,-1,True,,0.8243989828941284,0.000623091182205826,,,406,,,0.8073770491803278,,False,,,,,,19,bicycle,0.1,0.1,argmax,mask2former_swinb_cityscapes,acdc_night_targetcal100,27
,,,0.999885712166521,657,True,0.13654646324549236,0.13654646324549236,0.10923057049512863,24.189655172413794,650.0,103,244.0,32.0,0.13114754098360656,0.08862068965517242,False,0.19727891156462585,0.04,0.0,,,19,bicycle,0.2,0.1,region_crc,mask2former_swinb_cityscapes,acdc_night_targetcal100,27
,,,0.9998493392933814,637,True,0.15168747110494682,0.15168747110494682,0.09097625315189362,21.75862068965517,625.0,103,244.0,36.0,0.14754098360655737,0.07571428571428573,False,0.22448979591836735,0.04,0.0,,,19,bicycle,0.2,0.1,heuristic,mask2former_swinb_cityscapes,acdc_night_targetcal100,27
,,,,-1,True,,0.8243989828941284,0.000623091182205826,,,406,,,0.8073770491803278,,False,,,,,,19,bicycle,0.2,0.1,argmax,mask2former_swinb_cityscapes,acdc_night_targetcal100,27
,,,0.9999982860426925,961,True,0.014563106796116505,0.014563106796116505,0.7008991837501526,11.514778325123153,961.0,103,244.0,2.0,0.00819672131147541,0.14886699507389162,False,0.013605442176870748,0.0,0.0,,,19,bicycle,0.05,0.5,region_crc,mask2former_swinb_cityscapes,acdc_night_targetcal100,27
,,,0.9999952356901319,887,True,0.0159500693481276,0.0159500693481276,0.5170241594314575,21.467980295566502,875.0,103,244.0,3.0,0.012295081967213115,0.057192118226600974,False,0.02040816326530612,0.0,0.0,,,19,bicycle,0.05,0.5,heuristic,mask2former_swinb_cityscapes,acdc_night_targetcal100,27
,,,,-1,True,,0.878305594082293,0.000623091182205826,,,406,,,0.8647540983606558,,False,,,,,,19,bicycle,0.05,0.5,argmax,mask2former_swinb_cityscapes,acdc_night_targetcal100,27
,,,0.9999952356901319,887,True,0.0159500693481276,0.0159500693481276,0.5170241594314575,21.467980295566502,875.0,103,244.0,3.0,0.012295081967213115,0.057192118226600974,False,0.02040816326530612,0.0,0.0,,,19,bicycle,0.1,0.5,region_crc,mask2former_swinb_cityscapes,acdc_night_targetcal100,27
,,,0.9999871175044831,815,True,0.04727230698104484,0.04727230698104485,0.3488609492778778,27.55665024630542,800.0,103,244.0,13.0,0.05327868852459016,0.16763546798029555,False,0.07482993197278912,0.02666666666666667,0.0,,,19,bicycle,0.1,0.5,heuristic,mask2former_swinb_cityscapes,acdc_night_targetcal100,27
,,,,-1,True,,0.878305594082293,0.000623091182205826,,,406,,,0.8647540983606558,,False,,,,,,19,bicycle,0.1,0.5,argmax,mask2former_swinb_cityscapes,acdc_night_targetcal100,27
,,,0.9999742960421724,765,True,0.08726306056403144,0.08726306056403144,0.24962300062179565,29.123152709359605,750.0,103,244.0,20.0,0.08196721311475409,0.15679802955665023,False,0.11564625850340136,0.04,0.0,,,19,bicycle,0.2,0.5,region_crc,mask2former_swinb_cityscapes,acdc_night_targetcal100,27
,,,0.999901825205698,668,True,0.19641701340730466,0.19641701340730466,0.11851874738931656,24.189655172413794,650.0,103,244.0,44.0,0.18032786885245902,0.11876847290640391,False,0.2585034013605442,0.06666666666666667,0.045454545454545456,,,19,bicycle,0.2,0.5,heuristic,mask2former_swinb_cityscapes,acdc_night_targetcal100,27
,,,,-1,True,,0.878305594082293,0.000623091182205826,,,406,,,0.8647540983606558,,False,,,,,,19,bicycle,0.2,0.5,argmax,mask2former_swinb_cityscapes,acdc_night_targetcal100,27
,,,0.9999812931785963,788,True,0.01936894720399875,0.01936894720399875,0.46913620829582214,24.376847290640395,775.0,194,686.0,9.0,0.013119533527696793,0.07842364532019708,False,0.019438444924406047,0.0,0.0,,,20,person,0.05,0.1,region_crc,mask2former_swinb_cityscapes,acdc_night_targetcal100,53
,,,0.999897670700772,665,True,0.07453725398313027,0.07453725398313027,0.2331278771162033,29.586206896551722,650.0,194,686.0,45.0,0.06559766763848396,0.08970443349753698,False,0.08855291576673865,0.02072538860103627,0.0,,,20,person,0.05,0.1,heuristic,mask2former_swinb_cityscapes,acdc_night_targetcal100,53
,,,,-1,True,,0.4939334863303936,0.00546773336827755,,,406,,,0.47667638483965014,,False,,,,,,20,person,0.05,0.1,argmax,mask2former_swinb_cityscapes,acdc_night_targetcal100,53
,,,0.9994847713554182,548,True,0.13638762440308833,0.1363876244030883,0.10533686727285385,22.295566502463053,525.0,194,686.0,89.0,0.12973760932944606,0.07669950738916265,False,0.183585313174946,0.02072538860103627,0.0,,,20,person,0.1,0.1,region_crc,mask2former_swinb_cityscapes,acdc_night_targetcal100,53
,,,0.9992414224249708,520,True,0.15668611886395392,0.15668611886395392,0.0866924449801445,19.945812807881772,500.0,194,686.0,104.0,0.15160349854227406,0.05960591133004933,False,0.2159827213822894,0.02072538860103627,0.0,,,20,person,0.1,0.1,heuristic,mask2former_swinb_cityscapes,acdc_night_targetcal100,53
,,,,-1,True,,0.4939334863303936,0.00546773336827755,,,406,,,0.47667638483965014,,False,,,,,,20,person,0.1,0.1,argmax,mask2former_swinb_cityscapes,acdc_night_targetcal100,53
,,,0.99667340446706,413,True,0.2155417248845084,0.2155417248845084,0.04317455738782883,12.726600985221674,400.0,194,686.0,146.0,0.21282798833819241,0.06935960591133003,False,0.2980561555075594,0.04145077720207254,0.0,,,20,person,0.2,0.1,region_crc,mask2former_swinb_cityscapes,acdc_night_targetcal100,53
,,,0.9929854470158003,359,True,0.2387717451506111,0.23877174515061114,0.03052184358239174,10.086206896551724,350.0,194,686.0,163.0,0.23760932944606414,0.050935960591133006,False,0.3304535637149028,0.05181347150259067,0.0,,,20,person,0.2,0.1,heuristic,mask2former_swinb_cityscapes,acdc_night_targetcal100,53
,,,,-1,True,,0.4939334863303936,0.00546773336827755,,,406,,,0.47667638483965014,,False,,,,,,20,person,0.2,0.1,argmax,mask2former_swinb_cityscapes,acdc_night_targetcal100,53
,,,0.9999847945247027,803,True,0.029033895657606994,0.029033895657606994,0.502086341381073,21.92118226600985,800.0,194,686.0,17.0,0.02478134110787172,0.061625615763546804,False,0.032397408207343416,0.010362694300518135,0.0,,,20,person,0.05,0.5,region_crc,mask2former_swinb_cityscapes,acdc_night_targetcal100,53
,,,0.9999594491464552,732,True,0.061307013433302096,0.06130701343330209,0.3489328622817993,27.807881773399014,725.0,194,686.0,41.0,0.0597667638483965,0.0633990147783251,False,0.08207343412526998,0.015544041450777202,0.0,,,20,person,0.05,0.5,heuristic,mask2former_swinb_cityscapes,acdc_night_targetcal100,53
,,,,-1,True,,0.5770937538978775,0.00546773336827755,,,406,,,0.5626822157434402,,False,,,,,,20,person,0.05,0.5,argmax,mask2former_swinb_cityscapes,acdc_night_targetcal100,53
,,,0.9998120683183197,621,True,0.1352529343508725,0.1352529343508725,0.17203126847743988,27.201970443349754,600.0,194,686.0,84.0,0.12244897959183673,0.09566502463054183,False,0.17278617710583152,0.02072538860103627,0.0,,,20,person,0.1,0.5,region_crc,mask2former_swinb_cityscapes,acdc_night_targetcal100,53
,,,0.999664262385757,579,True,0.16345961455497537,0.1634596145549754,0.12939654290676117,25.52216748768473,575.0,194,686.0,105.0,0.15306122448979592,0.07162561576354687,False,0.21382289416846653,0.031088082901554404,0.0,,,20,person,0.1,0.5,heuristic,mask2former_swinb_cityscapes,acdc_night_targetcal100,53
,,,,-1,True,,0.5770937538978775,0.00546773336827755,,,406,,,0.5626822157434402,,False,,,,,,20,person,0.1,0.5,argmax,mask2former_swinb_cityscapes,acdc_night_targetcal100,53
,,,0.9982621991712506,460,True,0.2384537641625271,0.23845376416252703,0.059074874967336655,16.0935960591133,450.0,194,686.0,159.0,0.23177842565597667,0.07748768472906403,False,0.3174946004319654,0.05699481865284974,0.03333333333333333,,,20,person,0.2,0.5,region_crc,mask2former_swinb_cityscapes,acdc_night_targetcal100,53
,,,0.9982621991712506,460,True,0.2384537641625271,0.23845376416252703,0.059074874967336655,16.0935960591133,450.0,194,686.0,159.0,0.23177842565597667,0.07748768472906403,False,0.3174946004319654,0.05699481865284974,0.03333333333333333,,,20,person,0.2,0.5,heuristic,mask2former_swinb_cityscapes,acdc_night_targetcal100,53
,,,,-1,True,,0.5770937538978775,0.00546773336827755,,,406,,,0.5626822157434402,,False,,,,,,20,person,0.2,0.5,argmax,mask2former_swinb_cityscapes,acdc_night_targetcal100,53
,,,0.999989383044428,829,True,0.02401129943502825,0.024011299435028246,0.39794737100601196,24.13054187192118,825.0,118,157.0,4.0,0.025477707006369428,0.06768472906403944,False,0.03571428571428571,0.0,0.0,,,20,rider,0.05,0.1,region_crc,mask2former_swinb_cityscapes,acdc_night_targetcal100,28
,,,0.999988779815457,825,True,0.02401129943502825,0.024011299435028246,0.3890650272369385,24.13054187192118,825.0,118,157.0,4.0,0.025477707006369428,0.07029556650246305,False,0.03571428571428571,0.0,0.0,,,20,rider,0.05,0.1,heuristic,mask2former_swinb_cityscapes,acdc_night_targetcal100,28
,,,,-1,True,,0.7641242937853107,0.0004164992133155465,,,406,,,0.7770700636942676,,False,,,,,,20,rider,0.05,0.1,argmax,mask2former_swinb_cityscapes,acdc_night_targetcal100,28
,,,0.999988779815457,825,True,0.02401129943502825,0.024011299435028246,0.3890650272369385,24.13054187192118,825.0,118,157.0,4.0,0.025477707006369428,0.07029556650246305,False,0.03571428571428571,0.0,0.0,,,20,rider,0.1,0.1,region_crc,mask2former_swinb_cityscapes,acdc_night_targetcal100,28
,,,0.9999827813142501,794,True,0.02401129943502825,0.024011299435028246,0.32066383957862854,26.970443349753694,775.0,118,157.0,4.0,0.025477707006369428,0.0587192118226601,False,0.03571428571428571,0.0,0.0,,,20,rider,0.1,0.1,heuristic,mask2former_swinb_cityscapes,acdc_night_targetcal100,28
,,,,-1,True,,0.7641242937853107,0.0004164992133155465,,,406,,,0.7770700636942676,,False,,,,,,20,rider,0.1,0.1,argmax,mask2former_swinb_cityscapes,acdc_night_targetcal100,28
,,,0.9999168236228897,680,True,0.0790960451977401,0.07909604519774012,0.14257803559303284,24.58374384236453,675.0,118,157.0,12.0,0.07643312101910828,0.09536945812807884,False,0.10714285714285714,0.0,0.0,,,20,rider,0.2,0.1,region_crc,mask2former_swinb_cityscapes,acdc_night_targetcal100,28
,,,0.9999045007413978,670,True,0.0790960451977401,0.07909604519774012,0.13345658779144287,23.655172413793103,650.0,118,157.0,12.0,0.07643312101910828,0.1077832512315271,False,0.10714285714285714,0.0,0.0,,,20,rider,0.2,0.1,heuristic,mask2former_swinb_cityscapes,acdc_night_targetcal100,28
,,,,-1,True,,0.7641242937853107,0.0004164992133155465,,,406,,,0.7770700636942676,,False,,,,,,20,rider,0.2,0.1,argmax,mask2former_swinb_cityscapes,acdc_night_targetcal100,28
,,,0.9999978021401272,943,True,0.011299435028248588,0.011299435028248588,0.6577084064483643,13.83743842364532,925.0,118,157.0,2.0,0.012738853503184714,0.11492610837438422,False,0.017857142857142856,0.0,0.0,,,20,rider,0.05,0.5,region_crc,mask2former_swinb_cityscapes,acdc_night_targetcal100,28
,,,0.9999949649939122,883,True,0.01977401129943503,0.01977401129943503,0.528031587600708,19.529556650246306,875.0,118,157.0,3.0,0.01910828025477707,0.06453201970443356,False,0.026785714285714284,0.0,0.0,,,20,rider,0.05,0.5,heuristic,mask2former_swinb_cityscapes,acdc_night_targetcal100,28
,,,,-1,True,,0.8276836158192089,0.0004164992133155465,,,406,,,0.8407643312101911,,False,,,,,,20,rider,0.05,0.5,argmax,mask2former_swinb_cityscapes,acdc_night_targetcal100,28
,,,0.9999899538420972,833,True,0.036723163841807904,0.036723163841807904,0.40729138255119324,24.13054187192118,825.0,118,157.0,6.0,0.03821656050955414,0.05536945812807886,False,0.044642857142857144,0.027777777777777776,0.0,,,20,rider,0.1,0.5,region_crc,mask2former_swinb_cityscapes,acdc_night_targetcal100,28
,,,0.9999890855966355,827,True,0.036723163841807904,0.036723163841807904,0.39374545216560364,24.13054187192118,825.0,118,157.0,6.0,0.03821656050955414,0.06768472906403944,False,0.044642857142857144,0.027777777777777776,0.0,,,20,rider,0.1,0.5,heuristic,mask2former_swinb_cityscapes,acdc_night_targetcal100,28
,,,,-1,True,,0.8276836158192089,0.0004164992133155465,,,406,,,0.8407643312101911,,False,,,,,,20,rider,0.1,0.5,argmax,mask2former_swinb_cityscapes,acdc_night_targetcal100,28
,,,0.9999234403393089,686,True,0.12570621468926552,0.12570621468926554,0.14841099083423615,24.58374384236453,675.0,118,157.0,18.0,0.11464968152866242,0.0978325123152709,False,0.15178571428571427,0.027777777777777776,0.0,,,20,rider,0.2,0.5,region_crc,mask2former_swinb_cityscapes,acdc_night_targetcal100,28
,,,0.999917964845567,681,True,0.12994350282485875,0.12994350282485875,0.14354509115219116,24.58374384236453,675.0,118,157.0,19.0,0.12101910828025478,0.10029556650246307,False,0.16071428571428573,0.027777777777777776,0.0,,,20,rider,0.2,0.5,heuristic,mask2former_swinb_cityscapes,acdc_night_targetcal100,28
,,,,-1,True,,0.8276836158192089,0.0004164992133155465,,,406,,,0.8407643312101911,,False,,,,,,20,rider,0.2,0.5,argmax,mask2former_swinb_cityscapes,acdc_night_targetcal100,28
,,,0.999974996546383,767,True,0.05062205062205062,0.05062205062205062,0.24466517567634583,30.04679802955665,750.0,111,253.0,11.0,0.043478260869565216,0.09517241379310346,False,0.07432432432432433,0.0,0.0,,,20,bicycle,0.05,0.1,region_crc,mask2former_swinb_cityscapes,acdc_night_targetcal100,19
,,,0.999974996546383,767,True,0.05062205062205062,0.05062205062205062,0.24466517567634583,30.04679802955665,750.0,111,253.0,11.0,0.043478260869565216,0.09517241379310346,False,0.07432432432432433,0.0,0.0,,,20,bicycle,0.05,0.1,heuristic,mask2former_swinb_cityscapes,acdc_night_targetcal100,19
,,,,-1,True,,0.8246424996424995,0.0005534483352676034,,,406,,,0.7984189723320159,,False,,,,,,20,bicycle,0.05,0.1,argmax,mask2former_swinb_cityscapes,acdc_night_targetcal100,19
,,,0.9999641903562897,741,True,0.0682110682110682,0.0682110682110682,0.20500829815864563,29.58374384236453,725.0,111,253.0,16.0,0.06324110671936758,0.09733990147783252,False,0.10135135135135136,0.0125,0.0,,,20,bicycle,0.1,0.1,region_crc,mask2former_swinb_cityscapes,acdc_night_targetcal100,19
,,,0.9999610954855006,735,True,0.07872157872157871,0.07872157872157871,0.19409091770648956,29.58374384236453,725.0,111,253.0,18.0,0.07114624505928854,0.09226600985221675,False,0.10810810810810811,0.025,0.0,,,20,bicycle,0.1,0.1,heuristic,mask2former_swinb_cityscapes,acdc_night_targetcal100,19
,,,,-1,True,,0.8246424996424995,0.0005534483352676034,,,406,,,0.7984189723320159,,False,,,,,,20,bicycle,0.1,0.1,argmax,mask2former_swinb_cityscapes,acdc_night_targetcal100,19
,,,0.9999223752883372,685,True,0.111003861003861,0.111003861003861,0.12807020545005798,26.137931034482758,675.0,111,253.0,25.0,0.09881422924901186,0.07773399014778326,False,0.14864864864864866,0.0375,0.0,,,20,bicycle,0.2,0.1,region_crc,mask2former_swinb_cityscapes,acdc_night_targetcal100,19
,,,0.9999223752883372,685,True,0.111003861003861,0.111003861003861,0.12807020545005798,26.137931034482758,675.0,111,253.0,25.0,0.09881422924901186,0.07773399014778326,False,0.14864864864864866,0.0375,0.0,,,20,bicycle,0.2,0.1,heuristic,mask2former_swinb_cityscapes,acdc_night_targetcal100,19
,,,,-1,True,,0.8246424996424995,0.0005534483352676034,,,406,,,0.7984189723320159,,False,,,,,,20,bicycle,0.2,0.1,argmax,mask2former_swinb_cityscapes,acdc_night_targetcal100,19
,,,0.9999830175634754,795,True,0.07089232089232089,0.07089232089232089,0.29772892594337463,29.960591133004925,775.0,111,253.0,17.0,0.06719367588932806,0.06285714285714283,False,0.0945945945945946,0.0375,0.0,,,20,bicycle,0.05,0.5,region_crc,mask2former_swinb_cityscapes,acdc_night_targetcal100,19
,,,0.9999830175634754,795,True,0.07089232089232089,0.07089232089232089,0.29772892594337463,29.960591133004925,775.0,111,253.0,17.0,0.06719367588932806,0.06285714285714283,False,0.0945945945945946,0.0375,0.0,,,20,bicycle,0.05,0.5,heuristic,mask2former_swinb_cityscapes,acdc_night_targetcal100,19
,,,,-1,True,,0.8723616473616472,0.0005534483352676034,,,406,,,0.849802371541502,,False,,,,,,20,bicycle,0.05,0.5,argmax,mask2former_swinb_cityscapes,acdc_night_targetcal100,19
,,,0.9999796764298906,782,True,0.0889103389103389,0.08891033891033892,0.27341428399086,29.960591133004925,775.0,111,253.0,19.0,0.07509881422924901,0.07300492610837439,False,0.10810810810810811,0.0375,0.0,,,20,bicycle,0.1,0.5,region_crc,mask2former_swinb_cityscapes,acdc_night_targetcal100,19
,,,0.9999739384645,764,True,0.1125053625053625,0.1125053625053625,0.23995843529701233,30.04679802955665,750.0,111,253.0,25.0,0.09881422924901186,0.10009852216748769,False,0.13513513513513514,0.0625,0.0,,,20,bicycle,0.1,0.5,heuristic,mask2former_swinb_cityscapes,acdc_night_targetcal100,19
,,,,-1,True,,0.8723616473616472,0.0005534483352676034,,,406,,,0.849802371541502,,False,,,,,,20,bicycle,0.1,0.5,argmax,mask2former_swinb_cityscapes,acdc_night_targetcal100,19
,,,0.9999683772233983,750,True,0.12151437151437151,0.12151437151437151,0.2191065102815628,30.04679802955665,750.0,111,253.0,26.0,0.10276679841897234,0.0825615763546798,False,0.14189189189189189,0.0625,0.0,,,20,bicycle,0.2,0.5,region_crc,mask2former_swinb_cityscapes,acdc_night_targetcal100,19
,,,0.9999665804959974,746,True,0.13052338052338053,0.13052338052338053,0.2130080759525299,29.58374384236453,725.0,111,253.0,27.0,0.1067193675889328,0.08502463054187191,False,0.14864864864864866,0.0625,0.0,,,20,bicycle,0.2,0.5,heuristic,mask2former_swinb_cityscapes,acdc_night_targetcal100,19
,,,,-1,True,,0.8723616473616472,0.0005534483352676034,,,406,,,0.849802371541502,,False,,,,,,20,bicycle,0.2,0.5,argmax,mask2former_swinb_cityscapes,acdc_night_targetcal100,19
,,,0.9999527936958736,721,True,0.039637029637029635,0.039637029637029635,0.33222487568855286,28.645320197044335,700.0,195,678.0,22.0,0.032448377581120944,0.10384236453201967,False,0.045454545454545456,0.005319148936170213,0.0,,,21,person,0.05,0.1,region_crc,mask2former_swinb_cityscapes,acdc_night_targetcal100,52
,,,0.9999411156344644,705,True,0.04433788433788434,0.04433788433788434,0.3035423159599304,28.645320197044335,700.0,195,678.0,26.0,0.038348082595870206,0.1035960591133005,False,0.05194805194805195,0.010638297872340425,0.0,,,21,person,0.05,0.1,heuristic,mask2former_swinb_cityscapes,acdc_night_targetcal100,52
,,,,-1,True,,0.5176340753263831,0.005304926075041294,,,406,,,0.49262536873156343,,False,,,,,,21,person,0.05,0.1,argmax,mask2former_swinb_cityscapes,acdc_night_targetcal100,52
,,,0.9999058110403477,671,True,0.05713120213120213,0.05713120213120213,0.24310404062271118,29.726600985221676,650.0,195,678.0,37.0,0.05457227138643068,0.06463054187192119,False,0.07142857142857142,0.02127659574468085,0.0,,,21,person,0.1,0.1,region_crc,mask2former_swinb_cityscapes,acdc_night_targetcal100,52
,,,0.9999004594582649,667,True,0.05777222777222777,0.05777222777222777,0.23686717450618744,29.726600985221676,650.0,195,678.0,38.0,0.05604719764011799,0.05970443349753696,False,0.0735930735930736,0.02127659574468085,0.0,,,21,person,0.1,0.1,heuristic,mask2former_swinb_cityscapes,acdc_night_targetcal100,52
,,,,-1,True,,0.5176340753263831,0.005304926075041294,,,406,,,0.49262536873156343,,False,,,,,,21,person,0.1,0.1,argmax,mask2former_swinb_cityscapes,acdc_night_targetcal100,52
,,,0.9984653830172007,469,True,0.17061690446305833,0.17061690446305833,0.06482521444559097,15.938423645320198,450.0,195,678.0,115.0,0.1696165191740413,0.06246305418719217,False,0.23376623376623376,0.03723404255319149,0.0,,,21,person,0.2,0.1,region_crc,mask2former_swinb_cityscapes,acdc_night_targetcal100,52
,,,0.9980047376850312,450,True,0.1765669373361681,0.1765669373361681,0.057481322437524796,15.938423645320198,450.0,195,678.0,121.0,0.17846607669616518,0.06709359605911336,False,0.24675324675324675,0.03723404255319149,0.0,,,21,person,0.2,0.1,heuristic,mask2former_swinb_cityscapes,acdc_night_targetcal100,52
,,,,-1,True,,0.5176340753263831,0.005304926075041294,,,406,,,0.49262536873156343,,False,,,,,,21,person,0.2,0.1,argmax,mask2former_swinb_cityscapes,acdc_night_targetcal100,52
,,,0.9999712921941798,757,True,0.04925241425241425,0.04925241425241425,0.4025864005088806,25.94334975369458,750.0,195,678.0,32.0,0.0471976401179941,0.09724137931034477,False,0.06060606060606061,0.02127659574468085,0.0,,,21,person,0.05,0.5,region_crc,mask2former_swinb_cityscapes,acdc_night_targetcal100,52
,,,0.999958313061653,730,True,0.06255855255855255,0.06255855255855255,0.3483394384384155,27.689655172413794,725.0,195,678.0,41.0,0.06047197640117994,0.09300492610837441,False,0.08008658008658008,0.02127659574468085,0.0,,,21,person,0.05,0.5,heuristic,mask2former_swinb_cityscapes,acdc_night_targetcal100,52
,,,,-1,True,,0.6070574866728713,0.005304926075041294,,,406,,,0.5811209439528023,,False,,,,,,21,person,0.05,0.5,argmax,mask2former_swinb_cityscapes,acdc_night_targetcal100,52
,,,0.9999435063025188,708,True,0.07507603507603507,0.07507603507603507,0.30849775671958923,28.645320197044335,700.0,195,678.0,49.0,0.07227138643067847,0.10645320197044333,False,0.09523809523809523,0.026595744680851064,0.0,,,21,person,0.1,0.5,region_crc,mask2former_swinb_cityscapes,acdc_night_targetcal100,52
,,,0.9999083779509877,673,True,0.08956543456543456,0.08956543456543456,0.2465408444404602,29.726600985221676,650.0,195,678.0,59.0,0.08702064896755163,0.06955665024630547,False,0.11688311688311688,0.026595744680851064,0.0,,,21,person,0.1,0.5,heuristic,mask2former_swinb_cityscapes,acdc_night_targetcal100,52
,,,,-1,True,,0.6070574866728713,0.005304926075041294,,,406,,,0.5811209439528023,,False,,,,,,21,person,0.1,0.5,argmax,mask2former_swinb_cityscapes,acdc_night_targetcal100,52
,,,0.9995322648587128,555,True,0.17027343027343025,0.17027343027343025,0.11355184018611908,23.82512315270936,550.0,195,678.0,112.0,0.16519174041297935,0.06389162561576356,False,0.22510822510822512,0.0425531914893617,0.0,,,21,person,0.2,0.5,region_crc,mask2former_swinb_cityscapes,acdc_night_targetcal100,52
,,,0.9994629682036298,545,True,0.17232112616728001,0.17232112616728,0.10642347484827042,21.79310344827586,525.0,195,678.0,116.0,0.1710914454277286,0.05403940886699504,False,0.23376623376623376,0.0425531914893617,0.0,,,21,person,0.2,0.5,heuristic,mask2former_swinb_cityscapes,acdc_night_targetcal100,52
,,,,-1,True,,0.6070574866728713,0.005304926075041294,,,406,,,0.5811209439528023,,False,,,,,,21,person,0.2,0.5,argmax,mask2former_swinb_cityscapes,acdc_night_targetcal100,52
,,,0.9999973331413354,929,True,0.002898550724637681,0.002898550724637681,0.6229259967803955,13.805418719211822,925.0,115,155.0,1.0,0.0064516129032258064,0.05778325123152711,False,0.008264462809917356,0.0,0.0,,,21,rider,0.05,0.1,region_crc,mask2former_swinb_cityscapes,acdc_night_targetcal100,31
,,,0.999988779815457,825,True,0.02463768115942029,0.024637681159420288,0.3926110863685608,23.783251231527093,825.0,115,155.0,4.0,0.025806451612903226,0.06576354679802954,False,0.03305785123966942,0.0,0.0,,,21,rider,0.05,0.1,heuristic,mask2former_swinb_cityscapes,acdc_night_targetcal100,31
,,,,-1,True,,0.7884057971014493,0.0003335682849865407,,,406,,,0.8064516129032258,,False,,,,,,21,rider,0.05,0.1,argmax,mask2former_swinb_cityscapes,acdc_night_targetcal100,31
,,,0.9999827813142501,794,True,0.02463768115942029,0.024637681159420288,0.3225998878479004,27.305418719211822,775.0,115,155.0,4.0,0.025806451612903226,0.07285714285714284,False,0.03305785123966942,0.0,0.0,,,21,rider,0.1,0.1,region_crc,mask2former_swinb_cityscapes,acdc_night_targetcal100,31
,,,0.9999323917024608,695,True,0.08115942028985507,0.08115942028985507,0.1616632491350174,24.16256157635468,675.0,115,155.0,13.0,0.08387096774193549,0.060246305418719226,False,0.10743801652892562,0.0,0.0,,,21,rider,0.1,0.1,heuristic,mask2former_swinb_cityscapes,acdc_night_targetcal100,31
,,,,-1,True,,0.7884057971014493,0.0003335682849865407,,,406,,,0.8064516129032258,,False,,,,,,21,rider,0.1,0.1,argmax,mask2former_swinb_cityscapes,acdc_night_targetcal100,31
,,,0.9997986275750138,616,True,0.1507246376811594,0.1507246376811594,0.09209603071212769,19.4064039408867,600.0,115,155.0,23.0,0.14838709677419354,0.055911330049261077,False,0.18181818181818182,0.034482758620689655,0.0,,,21,rider,0.2,0.1,region_crc,mask2former_swinb_cityscapes,acdc_night_targetcal100,31
,,,0.9997453169747414,599,True,0.1507246376811594,0.1507246376811594,0.08134958148002625,17.517241379310345,575.0,115,155.0,23.0,0.14838709677419354,0.070935960591133,False,0.18181818181818182,0.034482758620689655,0.0,,,21,rider,0.2,0.1,heuristic,mask2former_swinb_cityscapes,acdc_night_targetcal100,31
,,,,-1,True,,0.7884057971014493,0.0003335682849865407,,,406,,,0.8064516129032258,,False,,,,,,21,rider,0.2,0.1,argmax,mask2former_swinb_cityscapes,acdc_night_targetcal100,31
,,,0.9999984004419714,966,True,0.002898550724637681,0.002898550724637681,0.7005884051322937,10.864532019704434,966.0,115,155.0,1.0,0.0064516129032258064,0.08591133004926108,False,0.008264462809917356,0.0,0.0,,,21,rider,0.05,0.5,region_crc,mask2former_swinb_cityscapes,acdc_night_targetcal100,31
,,,0.9999899538420972,833,True,0.042028985507246375,0.042028985507246375,0.4105309247970581,23.783251231527093,825.0,115,155.0,7.0,0.04516129032258064,0.05778325123152711,False,0.049586776859504134,0.034482758620689655,0.0,,,21,rider,0.05,0.5,heuristic,mask2former_swinb_cityscapes,acdc_night_targetcal100,31
,,,,-1,True,,0.8318840579710145,0.0003335682849865407,,,406,,,0.8516129032258064,,False,,,,,,21,rider,0.05,0.5,argmax,mask2former_swinb_cityscapes,acdc_night_targetcal100,31
,,,0.9999890855966355,827,True,0.042028985507246375,0.042028985507246375,0.39725491404533386,23.783251231527093,825.0,115,155.0,7.0,0.04516129032258064,0.0582266009852217,False,0.049586776859504134,0.034482758620689655,0.0,,,21,rider,0.1,0.5,region_crc,mask2former_swinb_cityscapes,acdc_night_targetcal100,31
,,,0.9999670390287823,747,True,0.08115942028985507,0.08115942028985507,0.23466864228248596,27.145320197044335,725.0,115,155.0,12.0,0.07741935483870968,0.09517241379310343,False,0.09090909090909091,0.034482758620689655,0.0,,,21,rider,0.1,0.5,heuristic,mask2former_swinb_cityscapes,acdc_night_targetcal100,31
,,,,-1,True,,0.8318840579710145,0.0003335682849865407,,,406,,,0.8516129032258064,,False,,,,,,21,rider,0.1,0.5,argmax,mask2former_swinb_cityscapes,acdc_night_targetcal100,31
,,,0.999882510244506,655,True,0.1681159420289855,0.1681159420289855,0.12366753071546555,23.142857142857142,650.0,115,155.0,25.0,0.16129032258064516,0.05423645320197046,False,0.19834710743801653,0.034482758620689655,0.0,,,21,rider,0.2,0.5,region_crc,mask2former_swinb_cityscapes,acdc_night_targetcal100,31
,,,0.9998514064357713,638,True,0.1855072463768116,0.1855072463768116,0.10940141975879669,21.098522167487683,625.0,115,155.0,27.0,0.17419354838709677,0.05270935960591133,False,0.2066115702479339,0.06896551724137931,0.0,,,21,rider,0.2,0.5,heuristic,mask2former_swinb_cityscapes,acdc_night_targetcal100,31
,,,,-1,True,,0.8318840579710145,0.0003335682849865407,,,406,,,0.8516129032258064,,False,,,,,,21,rider,0.2,0.5,argmax,mask2former_swinb_cityscapes,acdc_night_targetcal100,31
,,,0.9999974414141131,932,True,0.009523809523809525,0.009523809523809525,0.6237020492553711,16.076354679802957,925.0,105,235.0,1.0,0.00425531914893617,0.05802955665024634,False,0.007246376811594203,0.0,0.0,,,21,bicycle,0.05,0.1,region_crc,mask2former_swinb_cityscapes,acdc_night_targetcal100,25
,,,0.999963692194523,740,True,0.07210884353741497,0.07210884353741497,0.20745240151882172,29.504926108374384,725.0,105,235.0,15.0,0.06382978723404255,0.07177339901477842,False,0.09420289855072464,0.02631578947368421,0.0,,,21,bicycle,0.05,0.1,heuristic,mask2former_swinb_cityscapes,acdc_night_targetcal100,25
,,,,-1,True,,0.825204081632653,0.0005976611864753067,,,406,,,0.8127659574468085,,False,,,,,,21,bicycle,0.05,0.1,argmax,mask2former_swinb_cityscapes,acdc_night_targetcal100,25
,,,0.9999605542697925,734,True,0.08639455782312926,0.08639455782312926,0.1978132128715515,29.504926108374384,725.0,105,235.0,18.0,0.07659574468085106,0.06743842364532016,False,0.10869565217391304,0.039473684210526314,0.0,,,21,bicycle,0.1,0.1,region_crc,mask2former_swinb_cityscapes,acdc_night_targetcal100,25
,,,0.9999605542697925,734,True,0.08639455782312926,0.08639455782312926,0.1978132128715515,29.504926108374384,725.0,105,235.0,18.0,0.07659574468085106,0.06743842364532016,False,0.10869565217391304,0.039473684210526314,0.0,,,21,bicycle,0.1,0.1,heuristic,mask2former_swinb_cityscapes,acdc_night_targetcal100,25
,,,,-1,True,,0.825204081632653,0.0005976611864753067,,,406,,,0.8127659574468085,,False,,,,,,21,bicycle,0.1,0.1,argmax,mask2former_swinb_cityscapes,acdc_night_targetcal100,25
,,,0.999868780010098,647,True,0.14251700680272109,0.14251700680272109,0.09789524972438812,22.03448275862069,625.0,105,235.0,33.0,0.14042553191489363,0.05280788177339901,False,0.2028985507246377,0.06578947368421052,0.0,,,21,bicycle,0.2,0.1,region_crc,mask2former_swinb_cityscapes,acdc_night_targetcal100,25
,,,0.999868780010098,647,True,0.14251700680272109,0.14251700680272109,0.09789524972438812,22.03448275862069,625.0,105,235.0,33.0,0.14042553191489363,0.05280788177339901,False,0.2028985507246377,0.06578947368421052,0.0,,,21,bicycle,0.2,0.1,heuristic,mask2former_swinb_cityscapes,acdc_night_targetcal100,25
,,,,-1,True,,0.825204081632653,0.0005976611864753067,,,406,,,0.8127659574468085,,False,,,,,,21,bicycle,0.2,0.1,argmax,mask2former_swinb_cityscapes,acdc_night_targetcal100,25
,,,0.9999986448105876,978,True,0.0,0.0,0.7479353547096252,9.955665024630543,978.0,105,235.0,0.0,0.0,0.0695073891625616,False,0.0,0.0,0.0,,,21,bicycle,0.05,0.5,region_crc,mask2former_swinb_cityscapes,acdc_night_targetcal100,25
,,,0.9999881423125183,821,True,0.05430839002267574,0.05430839002267574,0.35794714093208313,28.69704433497537,800.0,105,235.0,12.0,0.05106382978723404,0.09669950738916255,False,0.07246376811594203,0.02631578947368421,0.0,,,21,bicycle,0.05,0.5,heuristic,mask2former_swinb_cityscapes,acdc_night_targetcal100,25
,,,,-1,True,,0.8758616780045351,0.0005976611864753067,,,406,,,0.8595744680851064,,False,,,,,,21,bicycle,0.05,0.5,argmax,mask2former_swinb_cityscapes,acdc_night_targetcal100,25
,,,0.9999815498458082,789,True,0.0701814058956916,0.07018140589569162,0.28943705558776855,29.448275862068964,775.0,105,235.0,15.0,0.06382978723404255,0.06334975369458128,False,0.07971014492753623,0.05263157894736842,0.0,,,21,bicycle,0.1,0.5,region_crc,mask2former_swinb_cityscapes,acdc_night_targetcal100,25
,,,0.9999779199526698,776,True,0.09217687074829932,0.0921768707482993,0.2646530270576477,29.448275862068964,775.0,105,235.0,20.0,0.0851063829787234,0.05379310344827587,False,0.10144927536231885,0.07894736842105263,0.0,,,21,bicycle,0.1,0.5,heuristic,mask2former_swinb_cityscapes,acdc_night_targetcal100,25
,,,,-1,True,,0.8758616780045351,0.0005976611864753067,,,406,,,0.8595744680851064,,False,,,,,,21,bicycle,0.1,0.5,argmax,mask2former_swinb_cityscapes,acdc_night_targetcal100,25
,,,0.9999739384645,764,True,0.09829931972789116,0.09829931972789116,0.24481023848056793,29.76847290640394,750.0,105,235.0,22.0,0.09361702127659574,0.05566502463054179,False,0.11594202898550725,0.07894736842105263,0.0,,,21,bicycle,0.2,0.5,region_crc,mask2former_swinb_cityscapes,acdc_night_targetcal100,25
,,,0.9999665804959974,746,True,0.1268707482993197,0.1268707482993197,0.21752208471298218,29.504926108374384,725.0,105,235.0,25.0,0.10638297872340426,0.08394088669950739,False,0.13768115942028986,0.07894736842105263,0.0,,,21,bicycle,0.2,0.5,heuristic,mask2former_swinb_cityscapes,acdc_night_targetcal100,25
,,,,-1,True,,0.8758616780045351,0.0005976611864753067,,,406,,,0.8595744680851064,,False,,,,,,21,bicycle,0.2,0.5,argmax,mask2former_swinb_cityscapes,acdc_night_targetcal100,25
,,,0.9999760116708099,770,True,0.02616883116883117,0.02616883116883117,0.433743417263031,26.167487684729064,750.0,200,673.0,13.0,0.019316493313521546,0.11118226600985226,False,0.028888888888888888,0.0,0.0,,,22,person,0.05,0.1,region_crc,mask2former_swinb_cityscapes,acdc_night_targetcal100,47
,,,0.9999507960464319,718,True,0.03764610389610389,0.03764610389610389,0.3265734016895294,28.911330049261085,700.0,200,673.0,21.0,0.031203566121842496,0.1221182266009852,False,0.04666666666666667,0.0,0.0,,,22,person,0.05,0.1,heuristic,mask2former_swinb_cityscapes,acdc_night_targetcal100,47
,,,,-1,True,,0.4911646825396825,0.005465960130095482,,,406,,,0.48439821693907875,,False,,,,,,22,person,0.05,0.1,argmax,mask2former_swinb_cityscapes,acdc_night_targetcal100,47
,,,0.9999058110403477,671,True,0.05582792207792208,0.05582792207792208,0.2450074851512909,30.049261083743843,650.0,200,673.0,35.0,0.05200594353640416,0.11310344827586208,False,0.07555555555555556,0.005128205128205128,0.0,,,22,person,0.1,0.1,region_crc,mask2former_swinb_cityscapes,acdc_night_targetcal100,47
,,,0.9998948038126176,663,True,0.06436958874458874,0.06436958874458874,0.23246817290782928,30.049261083743843,650.0,200,673.0,42.0,0.06240713224368499,0.1286206896551724,False,0.09111111111111111,0.005128205128205128,0.0,,,22,person,0.1,0.1,heuristic,mask2former_swinb_cityscapes,acdc_night_targetcal100,47
,,,,-1,True,,0.4911646825396825,0.005465960130095482,,,406,,,0.48439821693907875,,False,,,,,,22,person,0.1,0.1,argmax,mask2former_swinb_cityscapes,acdc_night_targetcal100,47
,,,0.9975111426817176,434,True,0.19957736707736706,0.19957736707736706,0.05203528329730034,14.58128078817734,425.0,200,673.0,135.0,0.20059435364041606,0.07847290640394089,False,0.2866666666666667,0.03076923076923077,0.0,,,22,person,0.2,0.1,region_crc,mask2former_swinb_cityscapes,acdc_night_targetcal100,47
,,,0.9956748616896499,394,True,0.2190007631257631,0.2190007631257631,0.03972440958023071,11.41871921182266,375.0,200,673.0,151.0,0.22436849925705796,0.09935960591133008,False,0.32,0.035897435897435895,0.0,,,22,person,0.2,0.1,heuristic,mask2former_swinb_cityscapes,acdc_night_targetcal100,47
,,,,-1,True,,0.4911646825396825,0.005465960130095482,,,406,,,0.48439821693907875,,False,,,,,,22,person,0.2,0.1,argmax,mask2former_swinb_cityscapes,acdc_night_targetcal100,47
,,,0.9999820526637316,791,True,0.03604383116883117,0.03604383116883117,0.47978946566581726,23.98768472906404,775.0,200,673.0,22.0,0.03268945022288262,0.11640394088669948,False,0.044444444444444446,0.010256410256410256,0.0,,,22,person,0.05,0.5,region_crc,mask2former_swinb_cityscapes,acdc_night_targetcal100,47
,,,0.9999679373067549,749,True,0.04768777056277056,0.04768777056277056,0.3880281448364258,28.017241379310345,725.0,200,673.0,31.0,0.04606240713224369,0.09458128078817735,False,0.06444444444444444,0.010256410256410256,0.0,,,22,person,0.05,0.5,heuristic,mask2former_swinb_cityscapes,acdc_night_targetcal100,47
,,,,-1,True,,0.567261544011544,0.005465960130095482,,,406,,,0.5661218424962853,,False,,,,,,22,person,0.05,0.5,argmax,mask2former_swinb_cityscapes,acdc_night_targetcal100,47
,,,0.9999435063025188,708,True,0.07540746753246753,0.07540746753246752,0.30968329310417175,28.911330049261085,700.0,200,673.0,48.0,0.0713224368499257,0.1148768472906404,False,0.10222222222222223,0.010256410256410256,0.0,,,22,person,0.1,0.5,region_crc,mask2former_swinb_cityscapes,acdc_night_targetcal100,47
,,,0.9999314511773547,694,True,0.0795741341991342,0.0795741341991342,0.28593018651008606,29.39408866995074,675.0,200,673.0,50.0,0.07429420505200594,0.12502463054187196,False,0.10666666666666667,0.010256410256410256,0.0,,,22,person,0.1,0.5,heuristic,mask2former_swinb_cityscapes,acdc_night_targetcal100,47
,,,,-1,True,,0.567261544011544,0.005465960130095482,,,406,,,0.5661218424962853,,False,,,,,,22,person,0.1,0.5,argmax,mask2former_swinb_cityscapes,acdc_night_targetcal100,47
,,,0.9985678121007264,474,True,0.21743054168054168,0.21743054168054166,0.06623286008834839,16.123152709359605,450.0,200,673.0,146.0,0.21693907875185736,0.06689655172413789,False,0.3088888888888889,0.035897435897435895,0.0,,,22,person,0.2,0.5,region_crc,mask2former_swinb_cityscapes,acdc_night_targetcal100,47
,,,0.9984864387515638,470,True,0.22094015706515704,0.22094015706515704,0.06478483229875565,16.123152709359605,450.0,200,673.0,149.0,0.2213967310549777,0.06443349753694577,False,0.3111111111111111,0.041025641025641026,0.03571428571428571,,,22,person,0.2,0.5,heuristic,mask2former_swinb_cityscapes,acdc_night_targetcal100,47
,,,,-1,True,,0.567261544011544,0.005465960130095482,,,406,,,0.5661218424962853,,False,,,,,,22,person,0.2,0.5,argmax,mask2former_swinb_cityscapes,acdc_night_targetcal100,47
,,,0.999988779815457,825,True,0.030434782608695653,0.030434782608695653,0.3940292000770569,24.086206896551722,825.0,115,151.0,4.0,0.026490066225165563,0.09088669950738915,False,0.034482758620689655,0.0,0.0,,,22,rider,0.05,0.1,region_crc,mask2former_swinb_cityscapes,acdc_night_targetcal100,31
,,,0.9999600055250238,733,True,0.07391304347826087,0.07391304347826087,0.21557554602622986,27.194581280788178,725.0,115,151.0,10.0,0.06622516556291391,0.11926108374384242,False,0.08620689655172414,0.0,0.0,,,22,rider,0.05,0.1,heuristic,mask2former_swinb_cityscapes,acdc_night_targetcal100,31
,,,,-1,True,,0.7971014492753622,0.0003366934251971543,,,406,,,0.8013245033112583,,False,,,,,,22,rider,0.05,0.1,argmax,mask2former_swinb_cityscapes,acdc_night_targetcal100,31
,,,0.9999323917024608,695,True,0.09130434782608696,0.09130434782608696,0.16282646358013153,24.42118226600985,675.0,115,151.0,13.0,0.08609271523178808,0.1087684729064039,False,0.11206896551724138,0.0,0.0,,,22,rider,0.1,0.1,region_crc,mask2former_swinb_cityscapes,acdc_night_targetcal100,31
,,,0.9998903521803857,660,True,0.11739130434782609,0.11739130434782609,0.1295519322156906,23.64039408866995,650.0,115,151.0,17.0,0.11258278145695365,0.1048768472906404,False,0.14655172413793102,0.0,0.0,,,22,rider,0.1,0.1,heuristic,mask2former_swinb_cityscapes,acdc_night_targetcal100,31
,,,,-1,True,,0.7971014492753622,0.0003366934251971543,,,406,,,0.8013245033112583,,False,,,,,,22,rider,0.1,0.1,argmax,mask2former_swinb_cityscapes,acdc_night_targetcal100,31
,,,0.9992201698894767,518,True,0.24347826086956523,0.2434782608695652,0.04604418948292732,12.635467980295566,500.0,115,151.0,35.0,0.23178807947019867,0.10669950738916256,False,0.2672413793103448,0.14285714285714285,0.0,,,22,rider,0.2,0.1,region_crc,mask2former_swinb_cityscapes,acdc_night_targetcal100,31
,,,0.9992201698894767,518,True,0.24347826086956523,0.2434782608695652,0.04604418948292732,12.635467980295566,500.0,115,151.0,35.0,0.23178807947019867,0.10669950738916256,False,0.2672413793103448,0.14285714285714285,0.0,,,22,rider,0.2,0.1,heuristic,mask2former_swinb_cityscapes,acdc_night_targetcal100,31
,,,,-1,True,,0.7971014492753622,0.0003366934251971543,,,406,,,0.8013245033112583,,False,,,,,,22,rider,0.2,0.1,argmax,mask2former_swinb_cityscapes,acdc_night_targetcal100,31
,,,0.9999899538420972,833,True,0.04782608695652174,0.04782608695652174,0.411055326461792,24.086206896551722,825.0,115,151.0,7.0,0.046357615894039736,0.07812807881773398,False,0.05172413793103448,0.03571428571428571,0.0,,,22,rider,0.05,0.5,region_crc,mask2former_swinb_cityscapes,acdc_night_targetcal100,31
,,,0.9999670390287823,747,True,0.09565217391304348,0.09565217391304348,0.23896360397338867,27.194581280788178,725.0,115,151.0,13.0,0.08609271523178808,0.12852216748768475,False,0.10344827586206896,0.03571428571428571,0.0,,,22,rider,0.05,0.5,heuristic,mask2former_swinb_cityscapes,acdc_night_targetcal100,31
,,,,-1,True,,0.8492753623188405,0.0003366934251971543,,,406,,,0.8543046357615894,,False,,,,,,22,rider,0.05,0.5,argmax,mask2former_swinb_cityscapes,acdc_night_targetcal100,31
,,,0.9999507960464319,718,True,0.11304347826086956,0.11304347826086956,0.1932055503129959,26.147783251231527,700.0,115,151.0,16.0,0.10596026490066225,0.11748768472906407,False,0.12931034482758622,0.03571428571428571,0.0,,,22,rider,0.1,0.5,region_crc,mask2former_swinb_cityscapes,acdc_night_targetcal100,31
,,,0.9999314511773547,694,True,0.13043478260869565,0.13043478260869565,0.16173864901065826,24.42118226600985,675.0,115,151.0,18.0,0.11920529801324503,0.11615763546798027,False,0.14655172413793102,0.03571428571428571,0.0,,,22,rider,0.1,0.5,heuristic,mask2former_swinb_cityscapes,acdc_night_targetcal100,31
,,,,-1,True,,0.8492753623188405,0.0003366934251971543,,,406,,,0.8543046357615894,,False,,,,,,22,rider,0.1,0.5,argmax,mask2former_swinb_cityscapes,acdc_night_targetcal100,31
,,,0.9997590094571314,603,True,0.23043478260869565,0.23043478260869565,0.08680959790945053,19.778325123152708,600.0,115,151.0,31.0,0.2052980132450331,0.12068965517241381,False,0.2413793103448276,0.10714285714285714,0.0,,,22,rider,0.2,0.5,region_crc,mask2former_swinb_cityscapes,acdc_night_targetcal100,31
,,,0.9996778931208716,582,True,0.24637681159420288,0.24637681159420288,0.07368487119674683,17.778325123152708,575.0,115,151.0,34.0,0.2251655629139073,0.09896551724137931,False,0.25,0.17857142857142858,0.0,,,22,rider,0.2,0.5,heuristic,mask2former_swinb_cityscapes,acdc_night_targetcal100,31
,,,,-1,True,,0.8492753623188405,0.0003366934251971543,,,406,,,0.8543046357615894,,False,,,,,,22,rider,0.2,0.5,argmax,mask2former_swinb_cityscapes,acdc_night_targetcal100,31
,,,0.999963692194523,740,True,0.0801068090787717,0.0801068090787717,0.2118624746799469,29.54433497536946,725.0,107,250.0,17.0,0.068,0.1240394088669951,False,0.10135135135135136,0.02564102564102564,0.0,,,22,bicycle,0.05,0.1,region_crc,mask2former_swinb_cityscapes,acdc_night_targetcal100,23
,,,0.9999621557415282,737,True,0.08166444147752558,0.08166444147752558,0.2070915400981903,29.54433497536946,725.0,107,250.0,18.0,0.072,0.15083743842364533,False,0.10135135135135136,0.038461538461538464,0.0,,,22,bicycle,0.05,0.1,heuristic,mask2former_swinb_cityscapes,acdc_night_targetcal100,23
,,,,-1,True,,0.838336300252188,0.0006389378686435521,,,406,,,0.812,,False,,,,,,22,bicycle,0.05,0.1,argmax,mask2former_swinb_cityscapes,acdc_night_targetcal100,23
,,,0.9999621557415282,737,True,0.08166444147752558,0.08166444147752558,0.2070915400981903,29.54433497536946,725.0,107,250.0,18.0,0.072,0.15083743842364533,False,0.10135135135135136,0.038461538461538464,0.0,,,22,bicycle,0.1,0.1,region_crc,mask2former_swinb_cityscapes,acdc_night_targetcal100,23
,,,0.9997194566362049,592,True,0.24474855362705827,0.24474855362705833,0.06194422394037247,18.460591133004925,575.0,107,250.0,56.0,0.224,0.11305418719211824,False,0.32432432432432434,0.08974358974358974,0.041666666666666664,,,22,bicycle,0.1,0.1,heuristic,mask2former_swinb_cityscapes,acdc_night_targetcal100,23
,,,,-1,True,,0.838336300252188,0.0006389378686435521,,,406,,,0.812,,False,,,,,,22,bicycle,0.1,0.1,argmax,mask2former_swinb_cityscapes,acdc_night_targetcal100,23
,,,0.9997075847622157,589,True,0.24474855362705827,0.24474855362705833,0.060371898114681244,18.460591133004925,575.0,107,250.0,56.0,0.224,0.11536945812807886,False,0.32432432432432434,0.08974358974358974,0.041666666666666664,,,22,bicycle,0.2,0.1,region_crc,mask2former_swinb_cityscapes,acdc_night_targetcal100,23
,,,0.9996952105010372,586,True,0.25409434801958164,0.2540943480195817,0.05882794037461281,18.460591133004925,575.0,107,250.0,57.0,0.228,0.12768472906403938,False,0.3310810810810811,0.08974358974358974,0.041666666666666664,,,22,bicycle,0.2,0.1,heuristic,mask2former_swinb_cityscapes,acdc_night_targetcal100,23
,,,,-1,True,,0.838336300252188,0.0006389378686435521,,,406,,,0.812,,False,,,,,,22,bicycle,0.2,0.1,argmax,mask2former_swinb_cityscapes,acdc_night_targetcal100,23
,,,0.9999799552797264,783,True,0.0922340898976413,0.0922340898976413,0.2838338017463684,29.42118226600985,775.0,107,250.0,19.0,0.076,0.11876847290640391,False,0.10135135135135136,0.05128205128205128,0.0,,,22,bicycle,0.05,0.5,region_crc,mask2former_swinb_cityscapes,acdc_night_targetcal100,23
,,,0.9999796764298906,782,True,0.0922340898976413,0.0922340898976413,0.2822158932685852,29.42118226600985,775.0,107,250.0,19.0,0.076,0.1263054187192118,False,0.10135135135135136,0.05128205128205128,0.0,,,22,bicycle,0.05,0.5,heuristic,mask2former_swinb_cityscapes,acdc_night_targetcal100,23
,,,,-1,True,,0.8828549176680017,0.0006389378686435521,,,406,,,0.86,,False,,,,,,22,bicycle,0.05,0.5,argmax,mask2former_swinb_cityscapes,acdc_night_targetcal100,23
,,,0.9999739384645,764,True,0.1167111704494882,0.11671117044948821,0.24837832152843475,30.017241379310345,750.0,107,250.0,25.0,0.1,0.12231527093596056,False,0.12837837837837837,0.07692307692307693,0.0,,,22,bicycle,0.1,0.5,region_crc,mask2former_swinb_cityscapes,acdc_night_targetcal100,23
,,,0.9999739384645,764,True,0.1167111704494882,0.11671117044948821,0.24837832152843475,30.017241379310345,750.0,107,250.0,25.0,0.1,0.12231527093596056,False,0.12837837837837837,0.07692307692307693,0.0,,,22,bicycle,0.1,0.5,heuristic,mask2former_swinb_cityscapes,acdc_night_targetcal100,23
,,,,-1,True,,0.8828549176680017,0.0006389378686435521,,,406,,,0.86,,False,,,,,,22,bicycle,0.1,0.5,argmax,mask2former_swinb_cityscapes,acdc_night_targetcal100,23
,,,0.9999571451479603,728,True,0.16032487761459724,0.16032487761459724,0.1931033581495285,29.54433497536946,725.0,107,250.0,31.0,0.124,0.15113300492610843,False,0.16891891891891891,0.07692307692307693,0.0,,,22,bicycle,0.2,0.5,region_crc,mask2former_swinb_cityscapes,acdc_night_targetcal100,23
,,,0.9998758347692408,651,True,0.22716955941255007,0.22716955941255007,0.10368956625461578,24.77093596059113,650.0,107,250.0,51.0,0.204,0.14068965517241383,False,0.2905405405405405,0.08974358974358974,0.041666666666666664,,,22,bicycle,0.2,0.5,heuristic,mask2former_swinb_cityscapes,acdc_night_targetcal100,23
,,,,-1,True,,0.8828549176680017,0.0006389378686435521,,,406,,,0.86,,False,,,,,,22,bicycle,0.2,0.5,argmax,mask2former_swinb_cityscapes,acdc_night_targetcal100,23
,,,0.9999871175044831,815,True,0.007875787578757875,0.007875787578757875,0.5214239358901978,21.75862068965517,800.0,202,673.0,6.0,0.008915304606240713,0.07857142857142863,False,0.013071895424836602,0.0,0.0,,,23,person,0.05,0.1,region_crc,mask2former_swinb_cityscapes,acdc_night_targetcal100,45
,,,0.9999760116708099,770,True,0.021784321289271782,0.021784321289271782,0.42770227789878845,26.204433497536947,750.0,202,673.0,13.0,0.019316493313521546,0.07093596059113294,False,0.02832244008714597,0.0,0.0,,,23,person,0.05,0.1,heuristic,mask2former_swinb_cityscapes,acdc_night_targetcal100,45
,,,,-1,True,,0.49789733094188543,0.005292683374136686,,,406,,,0.48439821693907875,,False,,,,,,23,person,0.05,0.1,argmax,mask2former_swinb_cityscapes,acdc_night_targetcal100,45
,,,0.9999265486131843,689,True,0.04667931078822168,0.04667931078822168,0.27275747060775757,29.600985221674875,675.0,202,673.0,31.0,0.04606240713224369,0.04064039408866993,False,0.06318082788671024,0.010810810810810811,0.0,,,23,person,0.1,0.1,region_crc,mask2former_swinb_cityscapes,acdc_night_targetcal100,45
,,,0.9999058110403477,671,True,0.05257490034717757,0.05257490034717758,0.23944704234600067,29.854679802955665,650.0,202,673.0,35.0,0.05200594353640416,0.05960591133004922,False,0.0718954248366013,0.010810810810810811,0.0,,,23,person,0.1,0.1,heuristic,mask2former_swinb_cityscapes,acdc_night_targetcal100,45
,,,,-1,True,,0.49789733094188543,0.005292683374136686,,,406,,,0.48439821693907875,,False,,,,,,23,person,0.1,0.1,argmax,mask2former_swinb_cityscapes,acdc_night_targetcal100,45
,,,0.9995322648587128,555,True,0.1060948952038061,0.1060948952038061,0.11267112195491791,23.716748768472907,550.0,202,673.0,77.0,0.11441307578008915,0.07453201970443352,False,0.16122004357298475,0.016216216216216217,0.0,,,23,person,0.2,0.1,region_crc,mask2former_swinb_cityscapes,acdc_night_targetcal100,45
,,,0.9994847713554182,548,True,0.10950237880930949,0.10950237880930952,0.10804670304059982,21.901477832512317,525.0,202,673.0,80.0,0.1188707280832095,0.09408866995073895,False,0.16775599128540306,0.016216216216216217,0.0,,,23,person,0.2,0.1,heuristic,mask2former_swinb_cityscapes,acdc_night_targetcal100,45
,,,,-1,True,,0.49789733094188543,0.005292683374136686,,,406,,,0.48439821693907875,,False,,,,,,23,person,0.2,0.1,argmax,mask2former_swinb_cityscapes,acdc_night_targetcal100,45
,,,0.9999895287145195,830,True,0.020340426899832842,0.020340426899832842,0.5499754548072815,19.75862068965517,825.0,202,673.0,14.0,0.020802377414561663,0.07118226600985222,False,0.026143790849673203,0.010810810810810811,0.0,,,23,person,0.05,0.5,region_crc,mask2former_swinb_cityscapes,acdc_night_targetcal100,45
,,,0.9999837070396737,798,True,0.026198512708413703,0.026198512708413703,0.48996075987815857,24.20935960591133,775.0,202,673.0,19.0,0.02823179791976226,0.07280788177339903,False,0.034858387799564274,0.016216216216216217,0.0,,,23,person,0.05,0.5,heuristic,mask2former_swinb_cityscapes,acdc_night_targetcal100,45
,,,,-1,True,,0.5935628452955185,0.005292683374136686,,,406,,,0.5765230312035661,,False,,,,,,23,person,0.05,0.5,argmax,mask2former_swinb_cityscapes,acdc_night_targetcal100,45
,,,0.9999656442052101,744,True,0.04907205006214907,0.04907205006214907,0.3737254738807678,28.233990147783253,725.0,202,673.0,33.0,0.04903417533432392,0.06187192118226603,False,0.06535947712418301,0.016216216216216217,0.0,,,23,person,0.1,0.5,region_crc,mask2former_swinb_cityscapes,acdc_night_targetcal100,45
,,,0.9999514711499838,719,True,0.05896928978612147,0.05896928978612147,0.32415103912353516,29.15024630541872,700.0,202,673.0,40.0,0.05943536404160475,0.049359605911330096,False,0.08061002178649238,0.016216216216216217,0.0,,,23,person,0.1,0.5,heuristic,mask2former_swinb_cityscapes,acdc_night_targetcal100,45
,,,,-1,True,,0.5935628452955185,0.005292683374136686,,,406,,,0.5765230312035661,,False,,,,,,23,person,0.1,0.5,argmax,mask2former_swinb_cityscapes,acdc_night_targetcal100,45
,,,0.9998120683183197,621,True,0.10706999271355708,0.10706999271355708,0.16992977261543274,27.320197044334975,600.0,202,673.0,72.0,0.10698365527488855,0.07241379310344828,False,0.1503267973856209,0.016216216216216217,0.0,,,23,person,0.2,0.5,region_crc,mask2former_swinb_cityscapes,acdc_night_targetcal100,45
,,,0.9998120683183197,621,True,0.10706999271355708,0.10706999271355708,0.16992977261543274,27.320197044334975,600.0,202,673.0,72.0,0.10698365527488855,0.07241379310344828,False,0.1503267973856209,0.016216216216216217,0.0,,,23,person,0.2,0.5,heuristic,mask2former_swinb_cityscapes,acdc_night_targetcal100,45
,,,,-1,True,,0.5935628452955185,0.005292683374136686,,,406,,,0.5765230312035661,,False,,,,,,23,person,0.2,0.5,argmax,mask2former_swinb_cityscapes,acdc_night_targetcal100,45
,,,0.999991946215588,849,True,0.0196078431372549,0.019607843137254898,0.4421241581439972,24.694581280788178,825.0,119,157.0,3.0,0.01910828025477707,0.05975369458128077,False,0.025423728813559324,0.0,0.0,,,23,rider,0.05,0.1,region_crc,mask2former_swinb_cityscapes,acdc_night_targetcal100,27
,,,0.9999333193230786,696,True,0.09103641456582633,0.09103641456582634,0.15879784524440765,24.5,675.0,119,157.0,13.0,0.08280254777070063,0.05517241379310345,False,0.11016949152542373,0.0,0.0,,,23,rider,0.05,0.1,heuristic,mask2former_swinb_cityscapes,acdc_night_targetcal100,27
,,,,-1,True,,0.803921568627451,0.00036965886829420924,,,406,,,0.802547770700637,,False,,,,,,23,rider,0.05,0.1,argmax,mask2former_swinb_cityscapes,acdc_night_targetcal100,27
,,,0.9998990747113923,666,True,0.11624649859943977,0.11624649859943978,0.12943345308303833,23.42118226600985,650.0,119,157.0,17.0,0.10828025477707007,0.07458128078817736,False,0.1440677966101695,0.0,0.0,,,23,rider,0.1,0.1,region_crc,mask2former_swinb_cityscapes,acdc_night_targetcal100,27
,,,0.9997271022217192,594,True,0.1876750700280112,0.18767507002801123,0.07847560197114944,17.59605911330049,575.0,119,157.0,27.0,0.17197452229299362,0.0777832512315271,False,0.211864406779661,0.06060606060606061,0.0,,,23,rider,0.1,0.1,heuristic,mask2former_swinb_cityscapes,acdc_night_targetcal100,27
,,,,-1,True,,0.803921568627451,0.00036965886829420924,,,406,,,0.802547770700637,,False,,,,,,23,rider,0.1,0.1,argmax,mask2former_swinb_cityscapes,acdc_night_targetcal100,27
,,,0.9992201698894767,518,True,0.242296918767507,0.24229691876750703,0.0465356782078743,12.455665024630543,500.0,119,157.0,36.0,0.22929936305732485,0.09921182266009854,False,0.2711864406779661,0.12121212121212122,0.0,,,23,rider,0.2,0.1,region_crc,mask2former_swinb_cityscapes,acdc_night_targetcal100,27
,,,0.9992201698894767,518,True,0.242296918767507,0.24229691876750703,0.0465356782078743,12.455665024630543,500.0,119,157.0,36.0,0.22929936305732485,0.09921182266009854,False,0.2711864406779661,0.12121212121212122,0.0,,,23,rider,0.2,0.1,heuristic,mask2former_swinb_cityscapes,acdc_night_targetcal100,27
,,,,-1,True,,0.803921568627451,0.00036965886829420924,,,406,,,0.802547770700637,,False,,,,,,23,rider,0.2,0.1,argmax,mask2former_swinb_cityscapes,acdc_night_targetcal100,27
,,,0.9999978021401272,943,True,0.011204481792717087,0.011204481792717087,0.6557113528251648,13.827586206896552,925.0,119,157.0,2.0,0.012738853503184714,0.0659605911330049,False,0.01694915254237288,0.0,0.0,,,23,rider,0.05,0.5,region_crc,mask2former_swinb_cityscapes,acdc_night_targetcal100,27
,,,0.9999571451479603,728,True,0.11204481792717086,0.11204481792717087,0.20237885415554047,27.11822660098522,725.0,119,157.0,16.0,0.10191082802547771,0.07261083743842367,False,0.1271186440677966,0.030303030303030304,0.0,,,23,rider,0.05,0.5,heuristic,mask2former_swinb_cityscapes,acdc_night_targetcal100,27
,,,,-1,True,,0.84593837535014,0.00036965886829420924,,,406,,,0.8471337579617835,,False,,,,,,23,rider,0.05,0.5,argmax,mask2former_swinb_cityscapes,acdc_night_targetcal100,27
,,,0.9999190904100822,682,True,0.15826330532212884,0.15826330532212887,0.1440933793783188,24.5,675.0,119,157.0,22.0,0.14012738853503184,0.05965517241379309,False,0.17796610169491525,0.030303030303030304,0.0,,,23,rider,0.1,0.5,region_crc,mask2former_swinb_cityscapes,acdc_night_targetcal100,27
,,,0.9998493392933814,637,True,0.21708683473389354,0.2170868347338936,0.10653460025787354,21.295566502463053,625.0,119,157.0,31.0,0.19745222929936307,0.07561576354679804,False,0.2288135593220339,0.12121212121212122,0.0,,,23,rider,0.1,0.5,heuristic,mask2former_swinb_cityscapes,acdc_night_targetcal100,27
,,,,-1,True,,0.84593837535014,0.00036965886829420924,,,406,,,0.8471337579617835,,False,,,,,,23,rider,0.1,0.5,argmax,mask2former_swinb_cityscapes,acdc_night_targetcal100,27
,,,0.9994084383658245,538,True,0.29831932773109243,0.29831932773109243,0.05424857512116432,14.019704433497537,525.0,119,157.0,44.0,0.2802547770700637,0.09674876847290642,False,0.3050847457627119,0.24242424242424243,0.0,,,23,rider,0.2,0.5,region_crc,mask2former_swinb_cityscapes,acdc_night_targetcal100,27
,,,0.9992920542156158,525,True,0.3011204481792717,0.30112044817927175,0.04892463982105255,14.019704433497537,525.0,119,157.0,45.0,0.28662420382165604,0.09921182266009854,False,0.3135593220338983,0.24242424242424243,0.0,,,23,rider,0.2,0.5,heuristic,mask2former_swinb_cityscapes,acdc_night_targetcal100,27
,,,,-1,True,,0.84593837535014,0.00036965886829420924,,,406,,,0.8471337579617835,,False,,,,,,23,rider,0.2,0.5,argmax,mask2former_swinb_cityscapes,acdc_night_targetcal100,27
,,,0.9999837070396737,798,True,0.039083557951482474,0.039083557951482474,0.3035498559474945,29.635467980295566,775.0,106,248.0,6.0,0.024193548387096774,0.08339901477832512,False,0.0425531914893617,0.0,0.0,,,23,bicycle,0.05,0.1,region_crc,mask2former_swinb_cityscapes,acdc_night_targetcal100,24
,,,0.9999621557415282,737,True,0.0802336028751123,0.0802336028751123,0.19945207238197327,29.16256157635468,725.0,106,248.0,18.0,0.07258064516129033,0.07699507389162563,False,0.10638297872340426,0.03614457831325301,0.0,,,23,bicycle,0.05,0.1,heuristic,mask2former_swinb_cityscapes,acdc_night_targetcal100,24
,,,,-1,True,,0.826433812518718,0.0005428447620943189,,,406,,,0.7943548387096774,,False,,,,,,23,bicycle,0.05,0.1,argmax,mask2former_swinb_cityscapes,acdc_night_targetcal100,24
,,,0.9999621557415282,737,True,0.0802336028751123,0.0802336028751123,0.19945207238197327,29.16256157635468,725.0,106,248.0,18.0,0.07258064516129033,0.07699507389162563,False,0.10638297872340426,0.03614457831325301,0.0,,,23,bicycle,0.1,0.1,region_crc,mask2former_swinb_cityscapes,acdc_night_targetcal100,24
,,,0.9998990747113923,666,True,0.13897124887690926,0.13897124887690926,0.11435141414403915,24.27093596059113,650.0,106,248.0,29.0,0.11693548387096774,0.06408866995073893,False,0.18439716312056736,0.03614457831325301,0.0,,,23,bicycle,0.1,0.1,heuristic,mask2former_swinb_cityscapes,acdc_night_targetcal100,24
,,,,-1,True,,0.826433812518718,0.0005428447620943189,,,406,,,0.7943548387096774,,False,,,,,,23,bicycle,0.1,0.1,argmax,mask2former_swinb_cityscapes,acdc_night_targetcal100,24
,,,0.9996402506648443,574,True,0.28629829290206643,0.28629829290206654,0.05353154242038727,15.97783251231527,550.0,106,248.0,59.0,0.23790322580645162,0.07000000000000006,False,0.3475177304964539,0.0963855421686747,0.08333333333333333,,,23,bicycle,0.2,0.1,region_crc,mask2former_swinb_cityscapes,acdc_night_targetcal100,24
,,,0.9996091591042076,568,True,0.2894429469901168,0.28944294699011686,0.05097049102187157,15.97783251231527,550.0,106,248.0,61.0,0.24596774193548387,0.07029556650246305,False,0.3617021276595745,0.0963855421686747,0.08333333333333333,,,23,bicycle,0.2,0.1,heuristic,mask2former_swinb_cityscapes,acdc_night_targetcal100,24
,,,,-1,True,,0.826433812518718,0.0005428447620943189,,,406,,,0.7943548387096774,,False,,,,,,23,bicycle,0.2,0.1,argmax,mask2former_swinb_cityscapes,acdc_night_targetcal100,24
,,,0.999989383044428,829,True,0.060085354896675644,0.06008535489667566,0.3695012032985687,27.11576354679803,825.0,106,248.0,12.0,0.04838709677419355,0.07280788177339903,False,0.07092198581560284,0.024096385542168676,0.0,,,23,bicycle,0.05,0.5,region_crc,mask2former_swinb_cityscapes,acdc_night_targetcal100,24
,,,0.9999799552797264,783,True,0.08367026055705301,0.08367026055705301,0.2760639190673828,29.635467980295566,775.0,106,248.0,15.0,0.06048387096774194,0.07862068965517244,False,0.0851063829787234,0.03614457831325301,0.0,,,23,bicycle,0.05,0.5,heuristic,mask2former_swinb_cityscapes,acdc_night_targetcal100,24
,,,,-1,True,,0.8786051212938005,0.0005428447620943189,,,406,,,0.8548387096774194,,False,,,,,,23,bicycle,0.05,0.5,argmax,mask2former_swinb_cityscapes,acdc_night_targetcal100,24
,,,0.9999799552797264,783,True,0.08367026055705301,0.08367026055705301,0.2760639190673828,29.635467980295566,775.0,106,248.0,15.0,0.06048387096774194,0.07862068965517244,False,0.0851063829787234,0.03614457831325301,0.0,,,23,bicycle,0.1,0.5,region_crc,mask2former_swinb_cityscapes,acdc_night_targetcal100,24
,,,0.9999304975682412,693,True,0.1942273135669362,0.1942273135669362,0.14167821407318115,26.113300492610836,675.0,106,248.0,38.0,0.1532258064516129,0.07162561576354678,False,0.22695035460992907,0.07228915662650602,0.0,,,23,bicycle,0.1,0.5,heuristic,mask2former_swinb_cityscapes,acdc_night_targetcal100,24
,,,,-1,True,,0.8786051212938005,0.0005428447620943189,,,406,,,0.8548387096774194,,False,,,,,,23,bicycle,0.1,0.5,argmax,mask2former_swinb_cityscapes,acdc_night_targetcal100,24
,,,0.9998472433941762,636,True,0.2520440251572327,0.25204402515723273,0.08877119421958923,22.17241379310345,625.0,106,248.0,50.0,0.20161290322580644,0.0611330049261084,False,0.2907801418439716,0.0963855421686747,0.041666666666666664,,,23,bicycle,0.2,0.5,region_crc,mask2former_swinb_cityscapes,acdc_night_targetcal100,24
,,,0.9997115968496874,590,True,0.3186208445642408,0.3186208445642407,0.06089621037244797,18.32512315270936,575.0,106,248.0,70.0,0.28225806451612906,0.06911330049261083,False,0.3900709219858156,0.1566265060240964,0.08333333333333333,,,23,bicycle,0.2,0.5,heuristic,mask2former_swinb_cityscapes,acdc_night_targetcal100,24
,,,,-1,True,,0.8786051212938005,0.0005428447620943189,,,406,,,0.8548387096774194,,False,,,,,,23,bicycle,0.2,0.5,argmax,mask2former_swinb_cityscapes,acdc_night_targetcal100,24
,,,0.9999839305874698,799,True,0.01394778690697058,0.013947786906970582,0.5045322179794312,23.876847290640395,775.0,196,689.0,6.0,0.008708272859216255,0.16029556650246313,False,0.01282051282051282,0.0,0.0,,,24,person,0.05,0.1,region_crc,mask2former_swinb_cityscapes,acdc_night_targetcal100,51
,,,0.9999812931785963,788,True,0.01394778690697058,0.013947786906970582,0.47965049743652344,23.876847290640395,775.0,196,689.0,6.0,0.008708272859216255,0.1402955665024631,False,0.01282051282051282,0.0,0.0,,,24,person,0.05,0.1,heuristic,mask2former_swinb_cityscapes,acdc_night_targetcal100,51
,,,,-1,True,,0.476907970147766,0.0052762748673558235,,,406,,,0.46589259796806964,,False,,,,,,24,person,0.05,0.1,argmax,mask2former_swinb_cityscapes,acdc_night_targetcal100,51
,,,0.999897670700772,665,True,0.06566199531760755,0.06566199531760755,0.23698405921459198,29.788177339901477,650.0,196,689.0,41.0,0.059506531204644414,0.10822660098522169,False,0.0811965811965812,0.015544041450777202,0.0,,,24,person,0.1,0.1,region_crc,mask2former_swinb_cityscapes,acdc_night_targetcal100,51
,,,0.9997345394438024,596,True,0.08876612333244985,0.08876612333244985,0.1489337831735611,25.376847290640395,575.0,196,689.0,58.0,0.0841799709724238,0.11886699507389153,False,0.11538461538461539,0.02072538860103627,0.0,,,24,person,0.1,0.1,heuristic,mask2former_swinb_cityscapes,acdc_night_targetcal100,51
,,,,-1,True,,0.476907970147766,0.0052762748673558235,,,406,,,0.46589259796806964,,False,,,,,,24,person,0.1,0.1,argmax,mask2former_swinb_cityscapes,acdc_night_targetcal100,51
,,,0.9992414224249708,520,True,0.13391381152860746,0.13391381152860746,0.09041386097669601,19.896551724137932,500.0,196,689.0,94.0,0.13642960812772134,0.08221674876847285,False,0.19230769230769232,0.02072538860103627,0.0,,,24,person,0.2,0.1,region_crc,mask2former_swinb_cityscapes,acdc_night_targetcal100,51
,,,0.9984440343683949,468,True,0.1673381253100641,0.1673381253100641,0.06529919058084488,16.125615763546797,450.0,196,689.0,115.0,0.16690856313497823,0.08369458128078822,False,0.23076923076923078,0.03626943005181347,0.0,,,24,person,0.2,0.1,heuristic,mask2former_swinb_cityscapes,acdc_night_targetcal100,51
,,,,-1,True,,0.476907970147766,0.0052762748673558235,,,406,,,0.46589259796806964,,False,,,,,,24,person,0.2,0.1,argmax,mask2former_swinb_cityscapes,acdc_night_targetcal100,51
,,,0.9999899538420972,833,True,0.015435882145065817,0.015435882145065817,0.5644991397857666,18.704433497536947,825.0,196,689.0,11.0,0.015965166908563134,0.14201970443349754,False,0.019230769230769232,0.010362694300518135,0.0,,,24,person,0.05,0.5,region_crc,mask2former_swinb_cityscapes,acdc_night_targetcal100,51
,,,0.9999890855966355,827,True,0.020537922961392348,0.02053792296139235,0.5538250207901001,18.704433497536947,825.0,196,689.0,12.0,0.01741654571843251,0.15142857142857136,False,0.021367521367521368,0.010362694300518135,0.0,,,24,person,0.05,0.5,heuristic,mask2former_swinb_cityscapes,acdc_night_targetcal100,51
,,,,-1,True,,0.5705398626316993,0.0052762748673558235,,,406,,,0.5529753265602322,,False,,,,,,24,person,0.05,0.5,argmax,mask2former_swinb_cityscapes,acdc_night_targetcal100,51
,,,0.9999665804959974,746,True,0.042092112819153635,0.042092112819153635,0.38418805599212646,28.061576354679804,725.0,196,689.0,28.0,0.040638606676342524,0.09916256157635461,False,0.053418803418803416,0.015544041450777202,0.0,,,24,person,0.1,0.5,region_crc,mask2former_swinb_cityscapes,acdc_night_targetcal100,51
,,,0.9999351365566451,698,True,0.07766918455693965,0.07766918455693965,0.2964324653148651,29.573891625615765,675.0,196,689.0,50.0,0.07256894049346879,0.12522167487684732,False,0.09829059829059829,0.02072538860103627,0.0,,,24,person,0.1,0.5,heuristic,mask2former_swinb_cityscapes,acdc_night_targetcal100,51
,,,,-1,True,,0.5705398626316993,0.0052762748673558235,,,406,,,0.5529753265602322,,False,,,,,,24,person,0.1,0.5,argmax,mask2former_swinb_cityscapes,acdc_night_targetcal100,51
,,,0.9996091591042076,568,True,0.14958541316959684,0.14958541316959684,0.12539218366146088,23.99014778325123,550.0,196,689.0,101.0,0.14658925979680695,0.11305418719211824,False,0.20085470085470086,0.03626943005181347,0.0,,,24,person,0.2,0.5,region_crc,mask2former_swinb_cityscapes,acdc_night_targetcal100,51
,,,0.9995694733895083,561,True,0.1584311592602409,0.1584311592602409,0.11952587962150574,23.99014778325123,550.0,196,689.0,108.0,0.1567489114658926,0.1084236453201971,False,0.21581196581196582,0.03626943005181347,0.0,,,24,person,0.2,0.5,heuristic,mask2former_swinb_cityscapes,acdc_night_targetcal100,51
,,,,-1,True,,0.5705398626316993,0.0052762748673558235,,,406,,,0.5529753265602322,,False,,,,,,24,person,0.2,0.5,argmax,mask2former_swinb_cityscapes,acdc_night_targetcal100,51
,,,0.9999973331413354,929,True,0.0028490028490028487,0.0028490028490028487,0.6232371926307678,13.401477832512315,925.0,117,159.0,1.0,0.006289308176100629,0.08669950738916254,False,0.008849557522123894,0.0,0.0,,,24,rider,0.05,0.1,region_crc,mask2former_swinb_cityscapes,acdc_night_targetcal100,29
,,,0.9999827813142501,794,True,0.03276353276353276,0.03276353276353276,0.32743340730667114,27.376847290640395,775.0,117,159.0,5.0,0.031446540880503145,0.09916256157635461,False,0.04424778761061947,0.0,0.0,,,24,rider,0.05,0.1,heuristic,mask2former_swinb_cityscapes,acdc_night_targetcal100,29
,,,,-1,True,,0.7535612535612535,0.00039000969263724983,,,406,,,0.7672955974842768,,False,,,,,,24,rider,0.05,0.1,argmax,mask2former_swinb_cityscapes,acdc_night_targetcal100,29
,,,0.9999827813142501,794,True,0.03276353276353276,0.03276353276353276,0.32743340730667114,27.376847290640395,775.0,117,159.0,5.0,0.031446540880503145,0.09916256157635461,False,0.04424778761061947,0.0,0.0,,,24,rider,0.1,0.1,region_crc,mask2former_swinb_cityscapes,acdc_night_targetcal100,29
,,,0.9999827813142501,794,True,0.03276353276353276,0.03276353276353276,0.32743340730667114,27.376847290640395,775.0,117,159.0,5.0,0.031446540880503145,0.09916256157635461,False,0.04424778761061947,0.0,0.0,,,24,rider,0.1,0.1,heuristic,mask2former_swinb_cityscapes,acdc_night_targetcal100,29
,,,,-1,True,,0.7535612535612535,0.00039000969263724983,,,406,,,0.7672955974842768,,False,,,,,,24,rider,0.1,0.1,argmax,mask2former_swinb_cityscapes,acdc_night_targetcal100,29
,,,0.9997453169747414,599,True,0.15669515669515668,0.15669515669515668,0.0829000398516655,17.586206896551722,575.0,117,159.0,25.0,0.15723270440251572,0.06492610837438428,False,0.20353982300884957,0.05405405405405406,0.0,,,24,rider,0.2,0.1,region_crc,mask2former_swinb_cityscapes,acdc_night_targetcal100,29
,,,0.9997453169747414,599,True,0.15669515669515668,0.15669515669515668,0.0829000398516655,17.586206896551722,575.0,117,159.0,25.0,0.15723270440251572,0.06492610837438428,False,0.20353982300884957,0.05405405405405406,0.0,,,24,rider,0.2,0.1,heuristic,mask2former_swinb_cityscapes,acdc_night_targetcal100,29
,,,,-1,True,,0.7535612535612535,0.00039000969263724983,,,406,,,0.7672955974842768,,False,,,,,,24,rider,0.2,0.1,argmax,mask2former_swinb_cityscapes,acdc_night_targetcal100,29
,,,0.9999984004419714,966,True,0.0028490028490028487,0.0028490028490028487,0.7032204866409302,10.751231527093596,966.0,117,159.0,1.0,0.006289308176100629,0.1039408866995074,False,0.008849557522123894,0.0,0.0,,,24,rider,0.05,0.5,region_crc,mask2former_swinb_cityscapes,acdc_night_targetcal100,29
,,,0.9999935434577096,865,True,0.024216524216524215,0.024216524216524215,0.4874897599220276,21.91871921182266,850.0,117,159.0,4.0,0.025157232704402517,0.12694581280788175,False,0.035398230088495575,0.0,0.0,,,24,rider,0.05,0.5,heuristic,mask2former_swinb_cityscapes,acdc_night_targetcal100,29
,,,,-1,True,,0.8176638176638176,0.00039000969263724983,,,406,,,0.8301886792452831,,False,,,,,,24,rider,0.05,0.5,argmax,mask2former_swinb_cityscapes,acdc_night_targetcal100,29
,,,0.9999890855966355,827,True,0.04131054131054131,0.04131054131054131,0.4008287787437439,24.029556650246306,825.0,117,159.0,7.0,0.0440251572327044,0.1248275862068966,False,0.05309734513274336,0.02702702702702703,0.0,,,24,rider,0.1,0.5,region_crc,mask2former_swinb_cityscapes,acdc_night_targetcal100,29
,,,0.9999890855966355,827,True,0.04131054131054131,0.04131054131054131,0.4008287787437439,24.029556650246306,825.0,117,159.0,7.0,0.0440251572327044,0.1248275862068966,False,0.05309734513274336,0.02702702702702703,0.0,,,24,rider,0.1,0.5,heuristic,mask2former_swinb_cityscapes,acdc_night_targetcal100,29
,,,,-1,True,,0.8176638176638176,0.00039000969263724983,,,406,,,0.8301886792452831,,False,,,,,,24,rider,0.1,0.5,argmax,mask2former_swinb_cityscapes,acdc_night_targetcal100,29
,,,0.9999670390287823,747,True,0.06267806267806268,0.06267806267806268,0.2389732003211975,27.253694581280786,725.0,117,159.0,10.0,0.06289308176100629,0.11955665024630541,False,0.07964601769911504,0.02702702702702703,0.0,,,24,rider,0.2,0.5,region_crc,mask2former_swinb_cityscapes,acdc_night_targetcal100,29
,,,0.9999670390287823,747,True,0.06267806267806268,0.06267806267806268,0.2389732003211975,27.253694581280786,725.0,117,159.0,10.0,0.06289308176100629,0.11955665024630541,False,0.07964601769911504,0.02702702702702703,0.0,,,24,rider,0.2,0.5,heuristic,mask2former_swinb_cityscapes,acdc_night_targetcal100,29
,,,,-1,True,,0.8176638176638176,0.00039000969263724983,,,406,,,0.8301886792452831,,False,,,,,,24,rider,0.2,0.5,argmax,mask2former_swinb_cityscapes,acdc_night_targetcal100,29
,,,0.9999867565846481,813,True,0.028379028379028375,0.028379028379028382,0.33842068910598755,28.58374384236453,800.0,99,236.0,5.0,0.0211864406779661,0.08098522167487682,False,0.03597122302158273,0.0,0.0,,,24,bicycle,0.05,0.1,region_crc,mask2former_swinb_cityscapes,acdc_night_targetcal100,31
,,,0.9999763408030251,771,True,0.03655603655603656,0.03655603655603655,0.2539837062358856,29.97536945812808,750.0,99,236.0,8.0,0.03389830508474576,0.048866995073891695,False,0.05755395683453238,0.0,0.0,,,24,bicycle,0.05,0.1,heuristic,mask2former_swinb_cityscapes,acdc_night_targetcal100,31
,,,,-1,True,,0.8276294692961359,0.0006317075458355248,,,406,,,0.7923728813559322,,False,,,,,,24,bicycle,0.05,0.1,argmax,mask2former_swinb_cityscapes,acdc_night_targetcal100,31
,,,0.9999720745615877,759,True,0.0481000481000481,0.0481000481000481,0.234956756234169,29.97536945812808,750.0,99,236.0,10.0,0.0423728813559322,0.06413793103448273,False,0.06474820143884892,0.0136986301369863,0.0,,,24,bicycle,0.1,0.1,region_crc,mask2former_swinb_cityscapes,acdc_night_targetcal100,31
,,,0.9999605542697925,734,True,0.08085618085618083,0.08085618085618086,0.19789431989192963,29.470443349753694,725.0,99,236.0,18.0,0.07627118644067797,0.0749753694581281,False,0.11510791366906475,0.0273972602739726,0.0,,,24,bicycle,0.1,0.1,heuristic,mask2former_swinb_cityscapes,acdc_night_targetcal100,31
,,,,-1,True,,0.8276294692961359,0.0006317075458355248,,,406,,,0.7923728813559322,,False,,,,,,24,bicycle,0.1,0.1,argmax,mask2former_swinb_cityscapes,acdc_night_targetcal100,31
,,,0.9997075847622157,589,True,0.24247234247234245,0.24247234247234248,0.058384008705616,18.261083743842363,575.0,99,236.0,52.0,0.22033898305084745,0.07714285714285712,False,0.31654676258992803,0.0958904109589041,0.041666666666666664,,,24,bicycle,0.2,0.1,region_crc,mask2former_swinb_cityscapes,acdc_night_targetcal100,31
,,,0.999682312592935,583,True,0.2666426166426166,0.2666426166426167,0.05547192692756653,18.261083743842363,575.0,99,236.0,56.0,0.23728813559322035,0.08423645320197048,False,0.3381294964028777,0.0958904109589041,0.08333333333333333,,,24,bicycle,0.2,0.1,heuristic,mask2former_swinb_cityscapes,acdc_night_targetcal100,31
,,,,-1,True,,0.8276294692961359,0.0006317075458355248,,,406,,,0.7923728813559322,,False,,,,,,24,bicycle,0.2,0.1,argmax,mask2former_swinb_cityscapes,acdc_night_targetcal100,31
,,,0.9999982860426925,961,True,0.010101010101010102,0.010101010101010102,0.7077684998512268,11.544334975369457,961.0,99,236.0,1.0,0.00423728813559322,0.07719211822660099,False,0.007194244604316547,0.0,0.0,,,24,bicycle,0.05,0.5,region_crc,mask2former_swinb_cityscapes,acdc_night_targetcal100,31
,,,0.9999942983572772,874,True,0.024771524771524774,0.024771524771524774,0.48461809754371643,24.56896551724138,850.0,99,236.0,5.0,0.0211864406779661,0.08305418719211821,False,0.02877697841726619,0.0136986301369863,0.0,,,24,bicycle,0.05,0.5,heuristic,mask2former_swinb_cityscapes,acdc_night_targetcal100,31
,,,,-1,True,,0.8834896584896585,0.0006317075458355248,,,406,,,0.8516949152542372,,False,,,,,,24,bicycle,0.05,0.5,argmax,mask2former_swinb_cityscapes,acdc_night_targetcal100,31
,,,0.9999918341762865,848,True,0.026455026455026454,0.026455026455026454,0.419291228055954,26.736453201970445,825.0,99,236.0,6.0,0.025423728813559324,0.09349753694581286,False,0.03597122302158273,0.0136986301369863,0.0,,,24,bicycle,0.1,0.5,region_crc,mask2former_swinb_cityscapes,acdc_night_targetcal100,31
,,,0.9999782229022764,777,True,0.08850408850408852,0.08850408850408852,0.2648461163043976,29.93103448275862,775.0,99,236.0,17.0,0.07203389830508475,0.04551724137931035,False,0.08633093525179857,0.0684931506849315,0.0,,,24,bicycle,0.1,0.5,heuristic,mask2former_swinb_cityscapes,acdc_night_targetcal100,31
,,,,-1,True,,0.8834896584896585,0.0006317075458355248,,,406,,,0.8516949152542372,,False,,,,,,24,bicycle,0.1,0.5,argmax,mask2former_swinb_cityscapes,acdc_night_targetcal100,31
,,,0.9999083779509877,673,True,0.18186628186628184,0.18186628186628187,0.12221416085958481,24.354679802955665,650.0,99,236.0,36.0,0.15254237288135594,0.07876847290640399,False,0.2158273381294964,0.0821917808219178,0.0,,,24,bicycle,0.2,0.5,region_crc,mask2former_swinb_cityscapes,acdc_night_targetcal100,31
,,,0.9998758347692408,651,True,0.22515632515632517,0.22515632515632517,0.10294370353221893,24.354679802955665,650.0,99,236.0,45.0,0.1906779661016949,0.08384236453201971,False,0.2733812949640288,0.0821917808219178,0.041666666666666664,,,24,bicycle,0.2,0.5,heuristic,mask2former_swinb_cityscapes,acdc_night_targetcal100,31
,,,,-1,True,,0.8834896584896585,0.0006317075458355248,,,406,,,0.8516949152542372,,False,,,,,,24,bicycle,0.2,0.5,argmax,mask2former_swinb_cityscapes,acdc_night_targetcal100,31
,,,0.9999465435640603,712,True,0.046795149295149295,0.04679514929514928,0.3109450042247772,28.842364532019705,700.0,195,661.0,27.0,0.04084720121028744,0.05827586206896552,False,0.05387931034482758,0.011627906976744186,0.0,,,25,person,0.05,0.1,region_crc,mask2former_swinb_cityscapes,acdc_night_targetcal100,52
,,,0.9998340413092562,630,True,0.08158175158175159,0.08158175158175157,0.1826651394367218,28.97783251231527,625.0,195,661.0,54.0,0.08169440242057488,0.08842364532019709,False,0.10560344827586207,0.029069767441860465,0.0,,,25,person,0.05,0.1,heuristic,mask2former_swinb_cityscapes,acdc_night_targetcal100,52
,,,,-1,True,,0.5292165669088746,0.005217284429818392,,,406,,,0.5037821482602118,,False,,,,,,25,person,0.05,0.1,argmax,mask2former_swinb_cityscapes,acdc_night_targetcal100,52
,,,0.9995450119398499,557,True,0.1222072372072372,0.12220723720723721,0.1144484430551529,23.724137931034484,550.0,195,661.0,82.0,0.12405446293494705,0.061970443349753684,False,0.16594827586206898,0.029069767441860465,0.0,,,25,person,0.1,0.1,region_crc,mask2former_swinb_cityscapes,acdc_night_targetcal100,52
,,,0.9988831367522194,492,True,0.17220960663268356,0.17220960663268353,0.07493151724338531,17.42118226600985,475.0,195,661.0,111.0,0.16792738275340394,0.07192118226600996,False,0.22629310344827586,0.03488372093023256,0.0,,,25,person,0.1,0.1,heuristic,mask2former_swinb_cityscapes,acdc_night_targetcal100,52
,,,,-1,True,,0.5292165669088746,0.005217284429818392,,,406,,,0.5037821482602118,,False,,,,,,25,person,0.1,0.1,argmax,mask2former_swinb_cityscapes,acdc_night_targetcal100,52
,,,0.9869382911186816,314,True,0.2884705180859027,0.2884705180859027,0.022409049794077873,7.75615763546798,300.0,195,661.0,179.0,0.2708018154311649,0.07724137931034486,False,0.35560344827586204,0.08139534883720931,0.0,,,25,person,0.2,0.1,region_crc,mask2former_swinb_cityscapes,acdc_night_targetcal100,52
,,,0.9869382911186816,314,True,0.2884705180859027,0.2884705180859027,0.022409049794077873,7.75615763546798,300.0,195,661.0,179.0,0.2708018154311649,0.07724137931034486,False,0.35560344827586204,0.08139534883720931,0.0,,,25,person,0.2,0.1,heuristic,mask2former_swinb_cityscapes,acdc_night_targetcal100,52
,,,,-1,True,,0.5292165669088746,0.005217284429818392,,,406,,,0.5037821482602118,,False,,,,,,25,person,0.2,0.1,argmax,mask2former_swinb_cityscapes,acdc_night_targetcal100,52
,,,0.9999782229022764,777,True,0.039019314019314015,0.039019314019314015,0.44707733392715454,24.137931034482758,775.0,195,661.0,24.0,0.036308623298033284,0.09384236453201972,False,0.04525862068965517,0.01744186046511628,0.0,,,25,person,0.05,0.5,region_crc,mask2former_swinb_cityscapes,acdc_night_targetcal100,52
,,,0.999958313061653,730,True,0.06416111666111665,0.06416111666111665,0.3429516553878784,28.019704433497537,725.0,195,661.0,41.0,0.06202723146747353,0.06517241379310346,False,0.07974137931034483,0.023255813953488372,0.0,,,25,person,0.05,0.5,heuristic,mask2former_swinb_cityscapes,acdc_night_targetcal100,52
,,,,-1,True,,0.6139507785661632,0.005217284429818392,,,406,,,0.5869894099848714,,False,,,,,,25,person,0.05,0.5,argmax,mask2former_swinb_cityscapes,acdc_night_targetcal100,52
,,,0.9998723561191188,649,True,0.10614663114663114,0.10614663114663114,0.20775142312049866,28.97783251231527,625.0,195,661.0,69.0,0.1043872919818457,0.06467980295566503,False,0.13793103448275862,0.029069767441860465,0.0,,,25,person,0.1,0.5,region_crc,mask2former_swinb_cityscapes,acdc_night_targetcal100,52
,,,0.9998013905082642,617,True,0.13388167388167388,0.13388167388167388,0.1675977259874344,27.2192118226601,600.0,195,661.0,83.0,0.12556732223903178,0.076256157635468,False,0.16810344827586207,0.029069767441860465,0.0,,,25,person,0.1,0.5,heuristic,mask2former_swinb_cityscapes,acdc_night_targetcal100,52
,,,,-1,True,,0.6139507785661632,0.005217284429818392,,,406,,,0.5869894099848714,,False,,,,,,25,person,0.1,0.5,argmax,mask2former_swinb_cityscapes,acdc_night_targetcal100,52
,,,0.9975111426817176,434,True,0.2525155115539731,0.25251551155397306,0.05215435475111008,14.460591133004925,425.0,195,661.0,160.0,0.24205748865355523,0.10669950738916256,False,0.31896551724137934,0.06395348837209303,0.04,,,25,person,0.2,0.5,region_crc,mask2former_swinb_cityscapes,acdc_night_targetcal100,52
,,,0.9962846477090282,405,True,0.27691348537502386,0.27691348537502386,0.042778871953487396,12.89655172413793,400.0,195,661.0,177.0,0.26777609682299547,0.08655172413793105,False,0.35129310344827586,0.0755813953488372,0.04,,,25,person,0.2,0.5,heuristic,mask2former_swinb_cityscapes,acdc_night_targetcal100,52
,,,,-1,True,,0.6139507785661632,0.005217284429818392,,,406,,,0.5869894099848714,,False,,,,,,25,person,0.2,0.5,argmax,mask2former_swinb_cityscapes,acdc_night_targetcal100,52
,,,0.9999202005312732,683,True,0.10968660968660968,0.10968660968660969,0.14640186727046967,23.69704433497537,675.0,117,156.0,17.0,0.10897435897435898,0.060985221674876855,False,0.1452991452991453,0.0,0.0,,,25,rider,0.05,0.1,region_crc,mask2former_swinb_cityscapes,acdc_night_targetcal100,29
,,,0.9998990747113923,666,True,0.12250712250712249,0.12250712250712249,0.13168127834796906,22.84975369458128,650.0,117,156.0,19.0,0.12179487179487179,0.05123152709359602,False,0.1623931623931624,0.0,0.0,,,25,rider,0.05,0.1,heuristic,mask2former_swinb_cityscapes,acdc_night_targetcal100,29
,,,,-1,True,,0.7920227920227919,0.00039744898094795644,,,406,,,0.8076923076923077,,False,,,,,,25,rider,0.05,0.1,argmax,mask2former_swinb_cityscapes,acdc_night_targetcal100,29
,,,0.9998872802543824,658,True,0.1353276353276353,0.1353276353276353,0.12505504488945007,22.84975369458128,650.0,117,156.0,21.0,0.1346153846153846,0.05123152709359602,False,0.1794871794871795,0.0,0.0,,,25,rider,0.1,0.1,region_crc,mask2former_swinb_cityscapes,acdc_night_targetcal100,29
,,,0.9998171899783858,623,True,0.16096866096866097,0.16096866096866097,0.09774667769670486,19.059113300492612,600.0,117,156.0,25.0,0.16025641025641027,0.06783251231527093,False,0.20512820512820512,0.03125,0.0,,,25,rider,0.1,0.1,heuristic,mask2former_swinb_cityscapes,acdc_night_targetcal100,29
,,,,-1,True,,0.7920227920227919,0.00039744898094795644,,,406,,,0.8076923076923077,,False,,,,,,25,rider,0.1,0.1,argmax,mask2former_swinb_cityscapes,acdc_night_targetcal100,29
,,,0.9988984606904586,493,True,0.2863247863247863,0.2863247863247863,0.036628808826208115,10.527093596059114,475.0,117,156.0,45.0,0.28846153846153844,0.09320197044334977,False,0.3418803418803419,0.15625,0.0,,,25,rider,0.2,0.1,region_crc,mask2former_swinb_cityscapes,acdc_night_targetcal100,29
,,,0.9988984606904586,493,True,0.2863247863247863,0.2863247863247863,0.036628808826208115,10.527093596059114,475.0,117,156.0,45.0,0.28846153846153844,0.09320197044334977,False,0.3418803418803419,0.15625,0.0,,,25,rider,0.2,0.1,heuristic,mask2former_swinb_cityscapes,acdc_night_targetcal100,29
,,,,-1,True,,0.7920227920227919,0.00039744898094795644,,,406,,,0.8076923076923077,,False,,,,,,25,rider,0.2,0.1,argmax,mask2former_swinb_cityscapes,acdc_night_targetcal100,29
,,,0.9999935434577096,865,True,0.03276353276353276,0.03276353276353276,0.4824560880661011,21.94334975369458,850.0,117,156.0,5.0,0.03205128205128205,0.07019704433497542,False,0.042735042735042736,0.0,0.0,,,25,rider,0.05,0.5,region_crc,mask2former_swinb_cityscapes,acdc_night_targetcal100,29
,,,0.999950111551254,717,True,0.12250712250712249,0.1225071225071225,0.1849004030227661,25.34729064039409,700.0,117,156.0,19.0,0.12179487179487179,0.0827093596059113,False,0.15384615384615385,0.03125,0.0,,,25,rider,0.05,0.5,heuristic,mask2former_swinb_cityscapes,acdc_night_targetcal100,29
,,,,-1,True,,0.8304843304843305,0.00039744898094795644,,,406,,,0.8397435897435898,,False,,,,,,25,rider,0.05,0.5,argmax,mask2former_swinb_cityscapes,acdc_night_targetcal100,29
,,,0.9999190904100822,682,True,0.15669515669515668,0.15669515669515668,0.1454911082983017,23.69704433497537,675.0,117,156.0,23.0,0.14743589743589744,0.056059113300492625,False,0.18803418803418803,0.03125,0.0,,,25,rider,0.1,0.5,region_crc,mask2former_swinb_cityscapes,acdc_night_targetcal100,29
,,,0.9998948038126176,663,True,0.16951566951566951,0.16951566951566951,0.12940995395183563,22.84975369458128,650.0,117,156.0,26.0,0.16666666666666666,0.05615763546798025,False,0.21367521367521367,0.03125,0.0,,,25,rider,0.1,0.5,heuristic,mask2former_swinb_cityscapes,acdc_night_targetcal100,29
,,,,-1,True,,0.8304843304843305,0.00039744898094795644,,,406,,,0.8397435897435898,,False,,,,,,25,rider,0.1,0.5,argmax,mask2former_swinb_cityscapes,acdc_night_targetcal100,29
,,,0.9994165548957262,539,True,0.2905982905982906,0.2905982905982906,0.053409185260534286,13.955665024630543,525.0,117,156.0,44.0,0.28205128205128205,0.08517241379310336,False,0.3076923076923077,0.25,0.0,,,25,rider,0.2,0.5,region_crc,mask2former_swinb_cityscapes,acdc_night_targetcal100,29
,,,0.9994165548957262,539,True,0.2905982905982906,0.2905982905982906,0.053409185260534286,13.955665024630543,525.0,117,156.0,44.0,0.28205128205128205,0.08517241379310336,False,0.3076923076923077,0.25,0.0,,,25,rider,0.2,0.5,heuristic,mask2former_swinb_cityscapes,acdc_night_targetcal100,29
,,,,-1,True,,0.8304843304843305,0.00039744898094795644,,,406,,,0.8397435897435898,,False,,,,,,25,rider,0.2,0.5,argmax,mask2former_swinb_cityscapes,acdc_night_targetcal100,29
,,,0.9999830175634754,795,True,0.04333333333333333,0.04333333333333334,0.29332083463668823,29.273399014778324,775.0,100,241.0,7.0,0.029045643153526972,0.07443349753694584,False,0.04964539007092199,0.0,0.0,,,25,bicycle,0.05,0.1,region_crc,mask2former_swinb_cityscapes,acdc_night_targetcal100,30
,,,0.9999004594582649,667,True,0.14826190476190476,0.14826190476190476,0.11245982348918915,23.913793103448278,650.0,100,241.0,27.0,0.11203319502074689,0.049901477832512364,False,0.1702127659574468,0.039473684210526314,0.0,,,25,bicycle,0.05,0.1,heuristic,mask2former_swinb_cityscapes,acdc_night_targetcal100,30
,,,,-1,True,,0.8476865079365078,0.0006790776969864964,,,406,,,0.8091286307053942,,False,,,,,,25,bicycle,0.05,0.1,argmax,mask2former_swinb_cityscapes,acdc_night_targetcal100,30
,,,0.999868780010098,647,True,0.1749285714285714,0.1749285714285714,0.09540940076112747,21.610837438423644,625.0,100,241.0,35.0,0.14522821576763487,0.0658128078817734,False,0.2198581560283688,0.05263157894736842,0.0,,,25,bicycle,0.1,0.1,region_crc,mask2former_swinb_cityscapes,acdc_night_targetcal100,30
,,,0.9998493392933814,637,True,0.1749285714285714,0.1749285714285714,0.08778470754623413,21.610837438423644,625.0,100,241.0,35.0,0.14522821576763487,0.07014778325123155,False,0.2198581560283688,0.05263157894736842,0.0,,,25,bicycle,0.1,0.1,heuristic,mask2former_swinb_cityscapes,acdc_night_targetcal100,30
,,,,-1,True,,0.8476865079365078,0.0006790776969864964,,,406,,,0.8091286307053942,,False,,,,,,25,bicycle,0.1,0.1,argmax,mask2former_swinb_cityscapes,acdc_night_targetcal100,30
,,,0.9998094539282036,620,True,0.20064285714285712,0.20064285714285712,0.07583481818437576,19.761083743842363,600.0,100,241.0,42.0,0.17427385892116182,0.08970443349753693,False,0.2695035460992908,0.05263157894736842,0.0,,,25,bicycle,0.2,0.1,region_crc,mask2former_swinb_cityscapes,acdc_night_targetcal100,30
,,,0.9996402506648443,574,True,0.28264285714285714,0.28264285714285714,0.05170055851340294,15.52216748768473,550.0,100,241.0,55.0,0.22821576763485477,0.09467980295566503,False,0.3404255319148936,0.09210526315789473,0.0,,,25,bicycle,0.2,0.1,heuristic,mask2former_swinb_cityscapes,acdc_night_targetcal100,30
,,,,-1,True,,0.8476865079365078,0.0006790776969864964,,,406,,,0.8091286307053942,,False,,,,,,25,bicycle,0.2,0.1,argmax,mask2former_swinb_cityscapes,acdc_night_targetcal100,30
,,,0.9999952356901319,887,True,0.025,0.025,0.5098735690116882,22.517241379310345,875.0,100,241.0,3.0,0.012448132780082987,0.09009852216748768,False,0.02127659574468085,0.0,0.0,,,25,bicycle,0.05,0.5,region_crc,mask2former_swinb_cityscapes,acdc_night_targetcal100,30
,,,0.9999871175044831,815,True,0.060833333333333336,0.060833333333333336,0.33465614914894104,28.440886699507388,800.0,100,241.0,13.0,0.05394190871369295,0.08827586206896554,False,0.07801418439716312,0.02631578947368421,0.0,,,25,bicycle,0.05,0.5,heuristic,mask2former_swinb_cityscapes,acdc_night_targetcal100,30
,,,,-1,True,,0.8946547619047618,0.0006790776969864964,,,406,,,0.8630705394190872,,False,,,,,,25,bicycle,0.05,0.5,argmax,mask2former_swinb_cityscapes,acdc_night_targetcal100,30
,,,0.9999815498458082,789,True,0.07083333333333335,0.07083333333333335,0.2827805280685425,29.273399014778324,775.0,100,241.0,14.0,0.058091286307053944,0.08182266009852213,False,0.07801418439716312,0.039473684210526314,0.0,,,25,bicycle,0.1,0.5,region_crc,mask2former_swinb_cityscapes,acdc_night_targetcal100,30
,,,0.9999782229022764,777,True,0.0875,0.0875,0.2593150734901428,29.273399014778324,775.0,100,241.0,17.0,0.07053941908713693,0.07975369458128079,False,0.09219858156028368,0.05263157894736842,0.0,,,25,bicycle,0.1,0.5,heuristic,mask2former_swinb_cityscapes,acdc_night_targetcal100,30
,,,,-1,True,,0.8946547619047618,0.0006790776969864964,,,406,,,0.8630705394190872,,False,,,,,,25,bicycle,0.1,0.5,argmax,mask2former_swinb_cityscapes,acdc_night_targetcal100,30
,,,0.9999004594582649,667,True,0.2149285714285714,0.2149285714285714,0.11245982348918915,23.913793103448278,650.0,100,241.0,42.0,0.17427385892116182,0.049901477832512364,False,0.2553191489361702,0.07894736842105263,0.0,,,25,bicycle,0.2,0.5,region_crc,mask2former_swinb_cityscapes,acdc_night_targetcal100,30
,,,0.9997871860954017,612,True,0.28264285714285714,0.28264285714285714,0.07097872346639633,19.761083743842363,600.0,100,241.0,60.0,0.24896265560165975,0.11433497536945819,False,0.3546099290780142,0.13157894736842105,0.0,,,25,bicycle,0.2,0.5,heuristic,mask2former_swinb_cityscapes,acdc_night_targetcal100,30
,,,,-1,True,,0.8946547619047618,0.0006790776969864964,,,406,,,0.8630705394190872,,False,,,,,,25,bicycle,0.2,0.5,argmax,mask2former_swinb_cityscapes,acdc_night_targetcal100,30
,,,0.9999812931785963,788,True,0.016917576619069154,0.016917576619069154,0.4711918532848358,24.413793103448278,775.0,201,689.0,10.0,0.01451378809869376,0.04980295566502457,False,0.021739130434782608,0.0,0.0,,,26,person,0.05,0.1,region_crc,mask2former_swinb_cityscapes,acdc_night_targetcal100,46
,,,0.9999610954855006,735,True,0.02910663134543731,0.02910663134543731,0.35315483808517456,27.726600985221676,725.0,201,689.0,18.0,0.026124818577648767,0.0670935960591133,False,0.03695652173913044,0.0049261083743842365,0.0,,,26,person,0.05,0.1,heuristic,mask2former_swinb_cityscapes,acdc_night_targetcal100,46
,,,,-1,True,,0.5049048105018255,0.005404661409556866,,,406,,,0.4731494920174166,,False,,,,,,26,person,0.05,0.1,argmax,mask2former_swinb_cityscapes,acdc_night_targetcal100,46
,,,0.999738181699178,597,True,0.09323889211948913,0.09323889211948913,0.1448158621788025,24.997536945812808,575.0,201,689.0,63.0,0.09143686502177069,0.07103448275862073,False,0.12608695652173912,0.024630541871921183,0.0,,,26,person,0.1,0.1,region_crc,mask2former_swinb_cityscapes,acdc_night_targetcal100,46
,,,0.9996734121678277,581,True,0.09580183498093946,0.09580183498093946,0.13126343488693237,24.997536945812808,575.0,201,689.0,68.0,0.09869375907111756,0.08344827586206893,False,0.13695652173913042,0.024630541871921183,0.0,,,26,person,0.1,0.1,heuristic,mask2former_swinb_cityscapes,acdc_night_targetcal100,46
,,,,-1,True,,0.5049048105018255,0.005404661409556866,,,406,,,0.4731494920174166,,False,,,,,,26,person,0.1,0.1,argmax,mask2former_swinb_cityscapes,acdc_night_targetcal100,46
,,,0.9993393065519924,530,True,0.13207151472076845,0.13207151472076845,0.09532544016838074,22.007389162561577,525.0,201,689.0,95.0,0.1378809869375907,0.10625615763546797,False,0.1956521739130435,0.024630541871921183,0.0,,,26,person,0.2,0.1,region_crc,mask2former_swinb_cityscapes,acdc_night_targetcal100,46
,,,0.998717669417344,482,True,0.15068300273524152,0.15068300273524154,0.0691799595952034,17.480295566502463,475.0,201,689.0,107.0,0.15529753265602322,0.11334975369458128,False,0.21956521739130436,0.029556650246305417,0.0,,,26,person,0.2,0.1,heuristic,mask2former_swinb_cityscapes,acdc_night_targetcal100,46
,,,,-1,True,,0.5049048105018255,0.005404661409556866,,,406,,,0.4731494920174166,,False,,,,,,26,person,0.2,0.1,argmax,mask2former_swinb_cityscapes,acdc_night_targetcal100,46
,,,0.9999899538420972,833,True,0.015466498675453902,0.015466498675453898,0.558241069316864,19.30295566502463,825.0,201,689.0,13.0,0.018867924528301886,0.07576354679802955,False,0.02391304347826087,0.009852216748768473,0.0,,,26,person,0.05,0.5,region_crc,mask2former_swinb_cityscapes,acdc_night_targetcal100,46
,,,0.9999847945247027,803,True,0.025002153733497016,0.025002153733497016,0.503986656665802,21.58374384236453,800.0,201,689.0,17.0,0.02467343976777939,0.06472906403940892,False,0.03260869565217391,0.009852216748768473,0.0,,,26,person,0.05,0.5,heuristic,mask2former_swinb_cityscapes,acdc_night_targetcal100,46
,,,,-1,True,,0.5912580923774953,0.005404661409556866,,,406,,,0.5602322206095791,,False,,,,,,26,person,0.05,0.5,argmax,mask2former_swinb_cityscapes,acdc_night_targetcal100,46
,,,0.9999665804959974,746,True,0.04519098231784799,0.04519098231784799,0.3759247660636902,27.726600985221676,725.0,201,689.0,33.0,0.047895500725689405,0.060246305418719226,False,0.06304347826086956,0.019704433497536946,0.0,,,26,person,0.1,0.5,region_crc,mask2former_swinb_cityscapes,acdc_night_targetcal100,46
,,,0.9999594491464552,732,True,0.0483569705584631,0.04835697055846309,0.3469986319541931,27.726600985221676,725.0,201,689.0,37.0,0.05370101596516691,0.06187192118226603,False,0.07173913043478261,0.019704433497536946,0.0,,,26,person,0.1,0.5,heuristic,mask2former_swinb_cityscapes,acdc_night_targetcal100,46
,,,,-1,True,,0.5912580923774953,0.005404661409556866,,,406,,,0.5602322206095791,,False,,,,,,26,person,0.1,0.5,argmax,mask2former_swinb_cityscapes,acdc_night_targetcal100,46
,,,0.999819698225914,624,True,0.10127824083047962,0.10127824083047965,0.1739610880613327,27.18472906403941,600.0,201,689.0,72.0,0.10449927431059507,0.07118226600985217,False,0.14565217391304347,0.024630541871921183,0.0,,,26,person,0.2,0.5,region_crc,mask2former_swinb_cityscapes,acdc_night_targetcal100,46
,,,0.9998013905082642,617,True,0.11081389588852274,0.11081389588852275,0.165669783949852,27.18472906403941,600.0,201,689.0,76.0,0.11030478955007257,0.08103448275862069,False,0.15434782608695652,0.024630541871921183,0.0,,,26,person,0.2,0.5,heuristic,mask2former_swinb_cityscapes,acdc_night_targetcal100,46
,,,,-1,True,,0.5912580923774953,0.005404661409556866,,,406,,,0.5602322206095791,,False,,,,,,26,person,0.2,0.5,argmax,mask2former_swinb_cityscapes,acdc_night_targetcal100,46
,,,0.999988779815457,825,True,0.02849002849002849,0.028490028490028487,0.3904969394207001,23.832512315270936,825.0,117,158.0,4.0,0.02531645569620253,0.052660098522167464,False,0.03361344537815126,0.0,0.0,,,26,rider,0.05,0.1,region_crc,mask2former_swinb_cityscapes,acdc_night_targetcal100,29
,,,0.999988779815457,825,True,0.02849002849002849,0.028490028490028487,0.3904969394207001,23.832512315270936,825.0,117,158.0,4.0,0.02531645569620253,0.052660098522167464,False,0.03361344537815126,0.0,0.0,,,26,rider,0.05,0.1,heuristic,mask2former_swinb_cityscapes,acdc_night_targetcal100,29
,,,,-1,True,,0.7877492877492877,0.0003685838892124593,,,406,,,0.8037974683544303,,False,,,,,,26,rider,0.05,0.1,argmax,mask2former_swinb_cityscapes,acdc_night_targetcal100,29
,,,0.9999827813142501,794,True,0.02849002849002849,0.028490028490028487,0.31927934288978577,27.137931034482758,775.0,117,158.0,4.0,0.02531645569620253,0.10004926108374382,False,0.03361344537815126,0.0,0.0,,,26,rider,0.1,0.1,region_crc,mask2former_swinb_cityscapes,acdc_night_targetcal100,29
,,,0.9999651662684964,743,True,0.049857549857549865,0.04985754985754985,0.2226947695016861,26.899014778325125,725.0,117,158.0,7.0,0.04430379746835443,0.12320197044334974,False,0.058823529411764705,0.0,0.0,,,26,rider,0.1,0.1,heuristic,mask2former_swinb_cityscapes,acdc_night_targetcal100,29
,,,,-1,True,,0.7877492877492877,0.0003685838892124593,,,406,,,0.8037974683544303,,False,,,,,,26,rider,0.1,0.1,argmax,mask2former_swinb_cityscapes,acdc_night_targetcal100,29
,,,0.9998171899783858,623,True,0.1396011396011396,0.13960113960113962,0.0947292298078537,19.019704433497537,600.0,117,158.0,22.0,0.13924050632911392,0.10600985221674877,False,0.17647058823529413,0.03225806451612903,0.0,,,26,rider,0.2,0.1,region_crc,mask2former_swinb_cityscapes,acdc_night_targetcal100,29
,,,0.9998171899783858,623,True,0.1396011396011396,0.13960113960113962,0.0947292298078537,19.019704433497537,600.0,117,158.0,22.0,0.13924050632911392,0.10600985221674877,False,0.17647058823529413,0.03225806451612903,0.0,,,26,rider,0.2,0.1,heuristic,mask2former_swinb_cityscapes,acdc_night_targetcal100,29
,,,,-1,True,,0.7877492877492877,0.0003685838892124593,,,406,,,0.8037974683544303,,False,,,,,,26,rider,0.2,0.1,argmax,mask2former_swinb_cityscapes,acdc_night_targetcal100,29
,,,0.9999899538420972,833,True,0.04558404558404558,0.04558404558404558,0.4085473418235779,23.832512315270936,825.0,117,158.0,7.0,0.04430379746835443,0.04201970443349756,False,0.05042016806722689,0.03225806451612903,0.0,,,26,rider,0.05,0.5,region_crc,mask2former_swinb_cityscapes,acdc_night_targetcal100,29
,,,0.9999899538420972,833,True,0.04558404558404558,0.04558404558404558,0.4085473418235779,23.832512315270936,825.0,117,158.0,7.0,0.04430379746835443,0.04201970443349756,False,0.05042016806722689,0.03225806451612903,0.0,,,26,rider,0.05,0.5,heuristic,mask2former_swinb_cityscapes,acdc_night_targetcal100,29
,,,,-1,True,,0.8475783475783475,0.0003685838892124593,,,406,,,0.8607594936708861,,False,,,,,,26,rider,0.05,0.5,argmax,mask2former_swinb_cityscapes,acdc_night_targetcal100,29
,,,0.9999863855531753,811,True,0.05413105413105413,0.05413105413105413,0.3563176691532135,26.03448275862069,800.0,117,158.0,8.0,0.05063291139240506,0.06467980295566506,False,0.058823529411764705,0.03225806451612903,0.0,,,26,rider,0.1,0.5,region_crc,mask2former_swinb_cityscapes,acdc_night_targetcal100,29
,,,0.9999815498458082,789,True,0.06267806267806268,0.06267806267806268,0.3096913993358612,27.137931034482758,775.0,117,158.0,9.0,0.056962025316455694,0.08758620689655172,False,0.06722689075630252,0.03225806451612903,0.0,,,26,rider,0.1,0.5,heuristic,mask2former_swinb_cityscapes,acdc_night_targetcal100,29
,,,,-1,True,,0.8475783475783475,0.0003685838892124593,,,406,,,0.8607594936708861,,False,,,,,,26,rider,0.1,0.5,argmax,mask2former_swinb_cityscapes,acdc_night_targetcal100,29
,,,0.9998493392933814,637,True,0.19515669515669515,0.19515669515669515,0.10456383228302002,20.832512315270936,625.0,117,158.0,29.0,0.18354430379746836,0.10911330049261087,False,0.21008403361344538,0.12903225806451613,0.0,,,26,rider,0.2,0.5,region_crc,mask2former_swinb_cityscapes,acdc_night_targetcal100,29
,,,0.9998493392933814,637,True,0.19515669515669515,0.19515669515669515,0.10456383228302002,20.832512315270936,625.0,117,158.0,29.0,0.18354430379746836,0.10911330049261087,False,0.21008403361344538,0.12903225806451613,0.0,,,26,rider,0.2,0.5,heuristic,mask2former_swinb_cityscapes,acdc_night_targetcal100,29
,,,,-1,True,,0.8475783475783475,0.0003685838892124593,,,406,,,0.8607594936708861,,False,,,,,,26,rider,0.2,0.5,argmax,mask2former_swinb_cityscapes,acdc_night_targetcal100,29
,,,0.9999837070396737,798,True,0.039083557951482474,0.039083557951482474,0.30281561613082886,29.376847290640395,775.0,106,247.0,6.0,0.024291497975708502,0.0738423645320197,False,0.0392156862745098,0.0,0.0,,,26,bicycle,0.05,0.1,region_crc,mask2former_swinb_cityscapes,acdc_night_targetcal100,24
,,,0.9998493392933814,637,True,0.18355795148247978,0.18355795148247978,0.08765897154808044,21.83743842364532,625.0,106,247.0,40.0,0.16194331983805668,0.07295566502463055,False,0.23529411764705882,0.05714285714285714,0.0,,,26,bicycle,0.05,0.1,heuristic,mask2former_swinb_cityscapes,acdc_night_targetcal100,24
,,,,-1,True,,0.8471885294998502,0.0006516712601296604,,,406,,,0.8178137651821862,,False,,,,,,26,bicycle,0.05,0.1,argmax,mask2former_swinb_cityscapes,acdc_night_targetcal100,24
,,,0.9998493392933814,637,True,0.18355795148247978,0.18355795148247978,0.08765897154808044,21.83743842364532,625.0,106,247.0,40.0,0.16194331983805668,0.07295566502463055,False,0.23529411764705882,0.05714285714285714,0.0,,,26,bicycle,0.1,0.1,region_crc,mask2former_swinb_cityscapes,acdc_night_targetcal100,24
,,,0.9998493392933814,637,True,0.18355795148247978,0.18355795148247978,0.08765897154808044,21.83743842364532,625.0,106,247.0,40.0,0.16194331983805668,0.07295566502463055,False,0.23529411764705882,0.05714285714285714,0.0,,,26,bicycle,0.1,0.1,heuristic,mask2former_swinb_cityscapes,acdc_night_targetcal100,24
,,,,-1,True,,0.8471885294998502,0.0006516712601296604,,,406,,,0.8178137651821862,,False,,,,,,26,bicycle,0.1,0.1,argmax,mask2former_swinb_cityscapes,acdc_night_targetcal100,24
,,,0.9996952105010372,586,True,0.26340970350404314,0.26340970350404314,0.055852100253105164,18.108374384236452,575.0,106,247.0,57.0,0.23076923076923078,0.11133004926108375,False,0.3137254901960784,0.11428571428571428,0.041666666666666664,,,26,bicycle,0.2,0.1,region_crc,mask2former_swinb_cityscapes,acdc_night_targetcal100,24
,,,0.9996548562606642,577,True,0.27183288409703504,0.27183288409703504,0.05197696387767792,18.108374384236452,575.0,106,247.0,60.0,0.242914979757085,0.09916256157635472,False,0.32679738562091504,0.11428571428571428,0.08333333333333333,,,26,bicycle,0.2,0.1,heuristic,mask2former_swinb_cityscapes,acdc_night_targetcal100,24
,,,,-1,True,,0.8471885294998502,0.0006516712601296604,,,406,,,0.8178137651821862,,False,,,,,,26,bicycle,0.2,0.1,argmax,mask2former_swinb_cityscapes,acdc_night_targetcal100,24
,,,0.999989383044428,829,True,0.060085354896675644,0.06008535489667566,0.3693968653678894,26.889162561576356,825.0,106,247.0,12.0,0.048582995951417005,0.055320197044334996,False,0.06535947712418301,0.02857142857142857,0.0,,,26,bicycle,0.05,0.5,region_crc,mask2former_swinb_cityscapes,acdc_night_targetcal100,24
,,,0.9999739384645,764,True,0.12095687331536388,0.1209568733153639,0.24004532396793365,29.97783251231527,750.0,106,247.0,23.0,0.0931174089068826,0.08541871921182267,False,0.11764705882352941,0.07142857142857142,0.0,,,26,bicycle,0.05,0.5,heuristic,mask2former_swinb_cityscapes,acdc_night_targetcal100,24
,,,,-1,True,,0.8993598382749326,0.0006516712601296604,,,406,,,0.8785425101214575,,False,,,,,,26,bicycle,0.05,0.5,argmax,mask2former_swinb_cityscapes,acdc_night_targetcal100,24
,,,0.9999739384645,764,True,0.12095687331536388,0.1209568733153639,0.24004532396793365,29.97783251231527,750.0,106,247.0,23.0,0.0931174089068826,0.08541871921182267,False,0.11764705882352941,0.07142857142857142,0.0,,,26,bicycle,0.1,0.5,region_crc,mask2former_swinb_cityscapes,acdc_night_targetcal100,24
,,,0.9999045007413978,670,True,0.21129829290206648,0.21129829290206648,0.11778668314218521,24.177339901477833,650.0,106,247.0,45.0,0.18218623481781376,0.06807881773399016,False,0.24183006535947713,0.1,0.041666666666666664,,,26,bicycle,0.1,0.5,heuristic,mask2former_swinb_cityscapes,acdc_night_targetcal100,24
,,,,-1,True,,0.8993598382749326,0.0006516712601296604,,,406,,,0.8785425101214575,,False,,,,,,26,bicycle,0.1,0.5,argmax,mask2former_swinb_cityscapes,acdc_night_targetcal100,24
,,,0.9998775383800735,652,True,0.22679694519317162,0.22679694519317162,0.10134852677583694,24.177339901477833,650.0,106,247.0,50.0,0.20242914979757085,0.06832512315270936,False,0.27450980392156865,0.1,0.041666666666666664,,,26,bicycle,0.2,0.5,region_crc,mask2former_swinb_cityscapes,acdc_night_targetcal100,24
,,,0.9998451183381087,635,True,0.24993261455525603,0.24993261455525606,0.08569345623254776,21.83743842364532,625.0,106,247.0,55.0,0.22267206477732793,0.070935960591133,False,0.3006535947712418,0.11428571428571428,0.041666666666666664,,,26,bicycle,0.2,0.5,heuristic,mask2former_swinb_cityscapes,acdc_night_targetcal100,24
,,,,-1,True,,0.8993598382749326,0.0006516712601296604,,,406,,,0.8785425101214575,,False,,,,,,26,bicycle,0.2,0.5,argmax,mask2former_swinb_cityscapes,acdc_night_targetcal100,24
,,,0.9999898140861194,832,True,0.0008375209380234505,0.0008375209380234505,0.5557308197021484,18.866995073891626,825.0,199,688.0,1.0,0.0014534883720930232,0.05221674876847293,False,0.0021231422505307855,0.0,0.0,,,27,person,0.05,0.1,region_crc,mask2former_swinb_cityscapes,acdc_night_targetcal100,48
,,,0.9999712921941798,757,True,0.0224934194783441,0.0224934194783441,0.40088748931884766,25.76847290640394,750.0,199,688.0,10.0,0.014534883720930232,0.07802955665024636,False,0.021231422505307854,0.0,0.0,,,27,person,0.05,0.1,heuristic,mask2former_swinb_cityscapes,acdc_night_targetcal100,48
,,,,-1,True,,0.49809513490418006,0.005198656115680933,,,406,,,0.47819767441860467,,False,,,,,,27,person,0.05,0.1,argmax,mask2former_swinb_cityscapes,acdc_night_targetcal100,48
,,,0.9999004594582649,667,True,0.064009713067502,0.064009713067502,0.23704202473163605,29.47536945812808,650.0,199,688.0,36.0,0.05232558139534884,0.0798029556650246,False,0.07430997876857749,0.005128205128205128,0.0,,,27,person,0.1,0.1,region_crc,mask2former_swinb_cityscapes,acdc_night_targetcal100,48
,,,0.9997958262055331,615,True,0.07320150536230939,0.07320150536230936,0.16659918427467346,26.91871921182266,600.0,199,688.0,46.0,0.06686046511627906,0.10044334975369457,False,0.09554140127388536,0.005128205128205128,0.0,,,27,person,0.1,0.1,heuristic,mask2former_swinb_cityscapes,acdc_night_targetcal100,48
,,,,-1,True,,0.49809513490418006,0.005198656115680933,,,406,,,0.47819767441860467,,False,,,,,,27,person,0.1,0.1,argmax,mask2former_swinb_cityscapes,acdc_night_targetcal100,48
,,,0.9993748273072243,534,True,0.12453419695882006,0.12453419695882006,0.10058292746543884,21.64039408866995,525.0,199,688.0,85.0,0.12354651162790697,0.11300492610837443,False,0.17834394904458598,0.005128205128205128,0.0,,,27,person,0.2,0.1,region_crc,mask2former_swinb_cityscapes,acdc_night_targetcal100,48
,,,0.9990137205143688,501,True,0.14139706608299574,0.1413970660829957,0.0810813456773758,19.536945812807883,500.0,199,688.0,97.0,0.14098837209302326,0.09507389162561575,False,0.20382165605095542,0.005128205128205128,0.0,,,27,person,0.2,0.1,heuristic,mask2former_swinb_cityscapes,acdc_night_targetcal100,48
,,,,-1,True,,0.49809513490418006,0.005198656115680933,,,406,,,0.47819767441860467,,False,,,,,,27,person,0.2,0.1,argmax,mask2former_swinb_cityscapes,acdc_night_targetcal100,48
,,,0.9999923792098997,853,True,0.005952380952380951,0.005952380952380951,0.5926902890205383,16.738916256157637,850.0,199,688.0,6.0,0.00872093023255814,0.07423645320197048,False,0.010615711252653927,0.005128205128205128,0.0,,,27,person,0.05,0.5,region_crc,mask2former_swinb_cityscapes,acdc_night_targetcal100,48
,,,0.9999782229022764,777,True,0.03417683656377123,0.03417683656377124,0.4482007622718811,23.32758620689655,775.0,199,688.0,20.0,0.029069767441860465,0.09256157635467988,False,0.040339702760084924,0.005128205128205128,0.0,,,27,person,0.05,0.5,heuristic,mask2former_swinb_cityscapes,acdc_night_targetcal100,48
,,,,-1,True,,0.5853081312880308,0.005198656115680933,,,406,,,0.563953488372093,,False,,,,,,27,person,0.05,0.5,argmax,mask2former_swinb_cityscapes,acdc_night_targetcal100,48
,,,0.9999465435640603,712,True,0.06836482194522395,0.06836482194522395,0.31328582763671875,28.224137931034484,700.0,199,688.0,42.0,0.061046511627906974,0.07399014778325122,False,0.0870488322717622,0.005128205128205128,0.0,,,27,person,0.1,0.5,region_crc,mask2former_swinb_cityscapes,acdc_night_targetcal100,48
,,,0.9999465435640603,712,True,0.06836482194522395,0.06836482194522395,0.31328582763671875,28.224137931034484,700.0,199,688.0,42.0,0.061046511627906974,0.07399014778325122,False,0.0870488322717622,0.005128205128205128,0.0,,,27,person,0.1,0.5,heuristic,mask2former_swinb_cityscapes,acdc_night_targetcal100,48
,,,,-1,True,,0.5853081312880308,0.005198656115680933,,,406,,,0.563953488372093,,False,,,,,,27,person,0.1,0.5,argmax,mask2former_swinb_cityscapes,acdc_night_targetcal100,48
,,,0.999664262385757,579,True,0.14199306416643098,0.14199306416643098,0.1327631175518036,24.982758620689655,575.0,199,688.0,91.0,0.13226744186046513,0.1023152709359606,False,0.18683651804670912,0.015384615384615385,0.0,,,27,person,0.2,0.5,region_crc,mask2former_swinb_cityscapes,acdc_night_targetcal100,48
,,,0.9995512546100669,558,True,0.15993341527261126,0.15993341527261123,0.11655616015195847,23.47536945812808,550.0,199,688.0,106.0,0.15406976744186046,0.1166502463054187,False,0.21656050955414013,0.020512820512820513,0.0,,,27,person,0.2,0.5,heuristic,mask2former_swinb_cityscapes,acdc_night_targetcal100,48
,,,,-1,True,,0.5853081312880308,0.005198656115680933,,,406,,,0.563953488372093,,False,,,,,,27,person,0.2,0.5,argmax,mask2former_swinb_cityscapes,acdc_night_targetcal100,48
,,,0.999988779815457,825,True,0.03248587570621469,0.03248587570621469,0.3890480399131775,23.87192118226601,825.0,118,157.0,5.0,0.03184713375796178,0.0597044334975369,False,0.040983606557377046,0.0,0.0,,,27,rider,0.05,0.1,region_crc,mask2former_swinb_cityscapes,acdc_night_targetcal100,28
,,,0.9999651662684964,743,True,0.06214689265536723,0.06214689265536723,0.22886262834072113,26.64039408866995,725.0,118,157.0,9.0,0.05732484076433121,0.07211822660098521,False,0.07377049180327869,0.0,0.0,,,27,rider,0.05,0.1,heuristic,mask2former_swinb_cityscapes,acdc_night_targetcal100,28
,,,,-1,True,,0.8192090395480225,0.0002897913509514183,,,406,,,0.8343949044585988,,False,,,,,,27,rider,0.05,0.1,argmax,mask2former_swinb_cityscapes,acdc_night_targetcal100,28
,,,0.9999651662684964,743,True,0.06214689265536723,0.06214689265536723,0.22886262834072113,26.64039408866995,725.0,118,157.0,9.0,0.05732484076433121,0.07211822660098521,False,0.07377049180327869,0.0,0.0,,,27,rider,0.1,0.1,region_crc,mask2former_swinb_cityscapes,acdc_night_targetcal100,28
,,,0.9999402964713416,704,True,0.07062146892655366,0.07062146892655366,0.17406195402145386,25.502463054187192,700.0,118,157.0,11.0,0.07006369426751592,0.10448275862068962,False,0.09016393442622951,0.0,0.0,,,27,rider,0.1,0.1,heuristic,mask2former_swinb_cityscapes,acdc_night_targetcal100,28
,,,,-1,True,,0.8192090395480225,0.0002897913509514183,,,406,,,0.8343949044585988,,False,,,,,,27,rider,0.1,0.1,argmax,mask2former_swinb_cityscapes,acdc_night_targetcal100,28
,,,0.9998171899783858,623,True,0.1426553672316384,0.1426553672316384,0.10170411318540573,19.352216748768473,600.0,118,157.0,23.0,0.1464968152866242,0.10197044334975369,False,0.18032786885245902,0.034482758620689655,0.0,,,27,rider,0.2,0.1,region_crc,mask2former_swinb_cityscapes,acdc_night_targetcal100,28
,,,0.9994988127663728,550,True,0.2019774011299435,0.2019774011299435,0.061763565987348557,15.657635467980295,550.0,118,157.0,30.0,0.1910828025477707,0.08995073891625616,False,0.22131147540983606,0.10344827586206896,0.0,,,27,rider,0.2,0.1,heuristic,mask2former_swinb_cityscapes,acdc_night_targetcal100,28
,,,,-1,True,,0.8192090395480225,0.0002897913509514183,,,406,,,0.8343949044585988,,False,,,,,,27,rider,0.2,0.1,argmax,mask2former_swinb_cityscapes,acdc_night_targetcal100,28
,,,0.9999899538420972,833,True,0.049435028248587566,0.049435028248587566,0.4070049226284027,23.87192118226601,825.0,118,157.0,8.0,0.050955414012738856,0.06955665024630536,False,0.05737704918032787,0.034482758620689655,0.0,,,27,rider,0.05,0.5,region_crc,mask2former_swinb_cityscapes,acdc_night_targetcal100,28
,,,0.999985003151645,804,True,0.06638418079096045,0.06638418079096045,0.3428992033004761,25.56896551724138,800.0,118,157.0,10.0,0.06369426751592357,0.059113300492610876,False,0.07377049180327869,0.034482758620689655,0.0,,,27,rider,0.05,0.5,heuristic,mask2former_swinb_cityscapes,acdc_night_targetcal100,28
,,,,-1,True,,0.8700564971751411,0.0002897913509514183,,,406,,,0.8853503184713376,,False,,,,,,27,rider,0.05,0.5,argmax,mask2former_swinb_cityscapes,acdc_night_targetcal100,28
,,,0.999985003151645,804,True,0.06638418079096045,0.06638418079096045,0.3428992033004761,25.56896551724138,800.0,118,157.0,10.0,0.06369426751592357,0.059113300492610876,False,0.07377049180327869,0.034482758620689655,0.0,,,27,rider,0.1,0.5,region_crc,mask2former_swinb_cityscapes,acdc_night_targetcal100,28
,,,0.9999815498458082,789,True,0.06638418079096045,0.06638418079096045,0.3135066330432892,27.169950738916256,775.0,118,157.0,10.0,0.06369426751592357,0.05866995073891623,False,0.07377049180327869,0.034482758620689655,0.0,,,27,rider,0.1,0.5,heuristic,mask2former_swinb_cityscapes,acdc_night_targetcal100,28
,,,,-1,True,,0.8700564971751411,0.0002897913509514183,,,406,,,0.8853503184713376,,False,,,,,,27,rider,0.1,0.5,argmax,mask2former_swinb_cityscapes,acdc_night_targetcal100,28
,,,0.999859395247587,642,True,0.17655367231638416,0.17655367231638416,0.11714665591716766,21.248768472906406,625.0,118,157.0,27.0,0.17197452229299362,0.10921182266009855,False,0.20491803278688525,0.06896551724137931,0.0,,,27,rider,0.2,0.5,region_crc,mask2former_swinb_cityscapes,acdc_night_targetcal100,28
,,,0.9998534452159044,639,True,0.17655367231638416,0.17655367231638416,0.11484823375940323,21.248768472906406,625.0,118,157.0,27.0,0.17197452229299362,0.10733990147783257,False,0.20491803278688525,0.06896551724137931,0.0,,,27,rider,0.2,0.5,heuristic,mask2former_swinb_cityscapes,acdc_night_targetcal100,28
,,,,-1,True,,0.8700564971751411,0.0002897913509514183,,,406,,,0.8853503184713376,,False,,,,,,27,rider,0.2,0.5,argmax,mask2former_swinb_cityscapes,acdc_night_targetcal100,28
,,,0.9999867565846481,813,True,0.03093012906097018,0.03093012906097018,0.3327690064907074,28.467980295566502,800.0,107,241.0,6.0,0.024896265560165973,0.08655172413793105,False,0.0410958904109589,0.0,0.0,,,27,bicycle,0.05,0.1,region_crc,mask2former_swinb_cityscapes,acdc_night_targetcal100,23
,,,0.9998493392933814,637,True,0.18184245660881174,0.18184245660881176,0.09025246649980545,21.96551724137931,625.0,107,241.0,43.0,0.17842323651452283,0.06546798029556644,False,0.2602739726027397,0.06756756756756757,0.0,,,27,bicycle,0.05,0.1,heuristic,mask2former_swinb_cityscapes,acdc_night_targetcal100,23
,,,,-1,True,,0.8394748553627057,0.0005868034204468131,,,406,,,0.8381742738589212,,False,,,,,,27,bicycle,0.05,0.1,argmax,mask2former_swinb_cityscapes,acdc_night_targetcal100,23
,,,0.9998493392933814,637,True,0.18184245660881174,0.18184245660881176,0.09025246649980545,21.96551724137931,625.0,107,241.0,43.0,0.17842323651452283,0.06546798029556644,False,0.2602739726027397,0.06756756756756757,0.0,,,27,bicycle,0.1,0.1,region_crc,mask2former_swinb_cityscapes,acdc_night_targetcal100,23
,,,0.9998340413092562,630,True,0.20053404539385847,0.2005340453938585,0.0856139063835144,21.96551724137931,625.0,107,241.0,45.0,0.18672199170124482,0.06330049261083748,False,0.2671232876712329,0.08108108108108109,0.0,,,27,bicycle,0.1,0.1,heuristic,mask2former_swinb_cityscapes,acdc_night_targetcal100,23
,,,,-1,True,,0.8394748553627057,0.0005868034204468131,,,406,,,0.8381742738589212,,False,,,,,,27,bicycle,0.1,0.1,argmax,mask2former_swinb_cityscapes,acdc_night_targetcal100,23
,,,0.9997075847622157,589,True,0.23878504672897194,0.23878504672897197,0.060186631977558136,18.039408866995075,575.0,107,241.0,55.0,0.22821576763485477,0.053251231527093656,False,0.3150684931506849,0.10810810810810811,0.047619047619047616,,,27,bicycle,0.2,0.1,region_crc,mask2former_swinb_cityscapes,acdc_night_targetcal100,23
,,,0.9996952105010372,586,True,0.2481308411214953,0.24813084112149533,0.05869205668568611,18.039408866995075,575.0,107,241.0,56.0,0.23236514522821577,0.05635467980295561,False,0.3219178082191781,0.10810810810810811,0.047619047619047616,,,27,bicycle,0.2,0.1,heuristic,mask2former_swinb_cityscapes,acdc_night_targetcal100,23
,,,,-1,True,,0.8394748553627057,0.0005868034204468131,,,406,,,0.8381742738589212,,False,,,,,,27,bicycle,0.2,0.1,argmax,mask2former_swinb_cityscapes,acdc_night_targetcal100,23
,,,0.9999982860426925,961,True,0.014018691588785047,0.014018691588785047,0.7050062417984009,11.990147783251231,961.0,107,241.0,2.0,0.008298755186721992,0.07108374384236449,False,0.0136986301369863,0.0,0.0,,,27,bicycle,0.05,0.5,region_crc,mask2former_swinb_cityscapes,acdc_night_targetcal100,23
,,,0.9999739384645,764,True,0.11982643524699599,0.119826435246996,0.24292871356010437,29.59605911330049,750.0,107,241.0,26.0,0.1078838174273859,0.055566502463054224,False,0.136986301369863,0.08108108108108109,0.0,,,27,bicycle,0.05,0.5,heuristic,mask2former_swinb_cityscapes,acdc_night_targetcal100,23
,,,,-1,True,,0.885580774365821,0.0005868034204468131,,,406,,,0.8838174273858921,,False,,,,,,27,bicycle,0.05,0.5,argmax,mask2former_swinb_cityscapes,acdc_night_targetcal100,23
,,,0.9999739384645,764,True,0.11982643524699599,0.119826435246996,0.24292871356010437,29.59605911330049,750.0,107,241.0,26.0,0.1078838174273859,0.055566502463054224,False,0.136986301369863,0.08108108108108109,0.0,,,27,bicycle,0.1,0.5,region_crc,mask2former_swinb_cityscapes,acdc_night_targetcal100,23
,,,0.9999045007413978,670,True,0.20932354250111257,0.20932354250111257,0.11834783852100372,24.275862068965516,650.0,107,241.0,48.0,0.1991701244813278,0.05009852216748767,False,0.2671232876712329,0.10810810810810811,0.047619047619047616,,,27,bicycle,0.1,0.5,heuristic,mask2former_swinb_cityscapes,acdc_night_targetcal100,23
,,,,-1,True,,0.885580774365821,0.0005868034204468131,,,406,,,0.8838174273858921,,False,,,,,,27,bicycle,0.1,0.5,argmax,mask2former_swinb_cityscapes,acdc_night_targetcal100,23
,,,0.9998758347692408,651,True,0.23589230084557183,0.23589230084557186,0.10176283121109009,24.275862068965516,650.0,107,241.0,55.0,0.22821576763485477,0.04980295566502457,False,0.3150684931506849,0.10810810810810811,0.047619047619047616,,,27,bicycle,0.2,0.5,region_crc,mask2former_swinb_cityscapes,acdc_night_targetcal100,23
,,,0.9997871860954017,612,True,0.2769470404984424,0.2769470404984424,0.07349053025245667,20.285714285714285,600.0,107,241.0,67.0,0.27800829875518673,0.060246305418719226,False,0.3698630136986301,0.14864864864864866,0.09523809523809523,,,27,bicycle,0.2,0.5,heuristic,mask2former_swinb_cityscapes,acdc_night_targetcal100,23
,,,,-1,True,,0.885580774365821,0.0005868034204468131,,,406,,,0.8838174273858921,,False,,,,,,27,bicycle,0.2,0.5,argmax,mask2former_swinb_cityscapes,acdc_night_targetcal100,23
,,,0.9999810329407879,787,True,0.020750507995405953,0.02075050799540595,0.48084479570388794,23.438423645320196,775.0,196,669.0,9.0,0.013452914798206279,0.17330049261083746,False,0.019955654101995565,0.0,0.0,,,28,person,0.05,0.1,region_crc,mask2former_swinb_cityscapes,acdc_night_targetcal100,51
,,,0.9999656442052101,744,True,0.025172276702888945,0.025172276702888945,0.3847951591014862,27.386699507389164,725.0,196,669.0,12.0,0.017937219730941704,0.14295566502463053,False,0.024390243902439025,0.005128205128205128,0.0,,,28,person,0.05,0.1,heuristic,mask2former_swinb_cityscapes,acdc_night_targetcal100,51
,,,,-1,True,,0.4908252037078568,0.005298079457134008,,,406,,,0.47384155455904337,,False,,,,,,28,person,0.05,0.1,argmax,mask2former_swinb_cityscapes,acdc_night_targetcal100,51
,,,0.9999004594582649,667,True,0.06141029463733545,0.06141029463733545,0.24472223222255707,29.88177339901478,650.0,196,669.0,36.0,0.053811659192825115,0.14305418719211827,False,0.07317073170731707,0.015384615384615385,0.0,,,28,person,0.1,0.1,region_crc,mask2former_swinb_cityscapes,acdc_night_targetcal100,51
,,,0.9997719657927999,607,True,0.0788232175987278,0.0788232175987278,0.1633806824684143,27.32758620689655,600.0,196,669.0,52.0,0.07772795216741404,0.13743842364532022,False,0.10643015521064302,0.020512820512820513,0.0,,,28,person,0.1,0.1,heuristic,mask2former_swinb_cityscapes,acdc_night_targetcal100,51
,,,,-1,True,,0.4908252037078568,0.005298079457134008,,,406,,,0.47384155455904337,,False,,,,,,28,person,0.1,0.1,argmax,mask2former_swinb_cityscapes,acdc_night_targetcal100,51
,,,0.9993918649987212,536,True,0.12242440807491828,0.12242440807491828,0.10433486104011536,22.20935960591133,525.0,196,669.0,86.0,0.12855007473841554,0.13162561576354678,False,0.18181818181818182,0.020512820512820513,0.0,,,28,person,0.2,0.1,region_crc,mask2former_swinb_cityscapes,acdc_night_targetcal100,51
,,,0.9993393065519924,530,True,0.12599583664634684,0.12599583664634684,0.10046229511499405,22.20935960591133,525.0,196,669.0,88.0,0.13153961136023917,0.13408866995073893,False,0.18625277161862527,0.020512820512820513,0.0,,,28,person,0.2,0.1,heuristic,mask2former_swinb_cityscapes,acdc_night_targetcal100,51
,,,,-1,True,,0.4908252037078568,0.005298079457134008,,,406,,,0.47384155455904337,,False,,,,,,28,person,0.2,0.1,argmax,mask2former_swinb_cityscapes,acdc_night_targetcal100,51
,,,0.9999895287145195,830,True,0.020750507995405953,0.020750507995405953,0.5655643939971924,18.529556650246306,825.0,196,669.0,10.0,0.014947683109118086,0.19443349753694578,True,0.019955654101995565,0.005128205128205128,0.0,,,28,person,0.05,0.5,region_crc,mask2former_swinb_cityscapes,acdc_night_targetcal100,51
,,,0.9999837070396737,798,True,0.026787922961392346,0.026787922961392346,0.5067051649093628,23.438423645320196,775.0,196,669.0,15.0,0.02242152466367713,0.18719211822660098,True,0.028824833702882482,0.010256410256410256,0.0,,,28,person,0.05,0.5,heuristic,mask2former_swinb_cityscapes,acdc_night_targetcal100,51
,,,,-1,True,,0.5784601736132349,0.005298079457134008,,,406,,,0.5605381165919282,,False,,,,,,28,person,0.05,0.5,argmax,mask2former_swinb_cityscapes,acdc_night_targetcal100,51
,,,0.9999656442052101,744,True,0.04721347954766322,0.04721347954766322,0.3847951591014862,27.386699507389164,725.0,196,669.0,31.0,0.04633781763826607,0.14295566502463053,False,0.06208425720620843,0.015384615384615385,0.0,,,28,person,0.1,0.5,region_crc,mask2former_swinb_cityscapes,acdc_night_targetcal100,51
,,,0.9999465435640603,712,True,0.06438261993108932,0.06438261993108932,0.3226771950721741,28.339901477832512,700.0,196,669.0,43.0,0.06427503736920777,0.1454187192118226,False,0.08647450110864745,0.020512820512820513,0.0,,,28,person,0.1,0.5,heuristic,mask2former_swinb_cityscapes,acdc_night_targetcal100,51
,,,,-1,True,,0.5784601736132349,0.005298079457134008,,,406,,,0.5605381165919282,,False,,,,,,28,person,0.1,0.5,argmax,mask2former_swinb_cityscapes,acdc_night_targetcal100,51
,,,0.9998120683183197,621,True,0.10662547486527078,0.10662547486527078,0.17849133908748627,27.32758620689655,600.0,196,669.0,71.0,0.10612855007473841,0.14236453201970445,False,0.14855875831485588,0.020512820512820513,0.0,,,28,person,0.2,0.5,region_crc,mask2former_swinb_cityscapes,acdc_night_targetcal100,51
,,,0.9998013905082642,617,True,0.10875132520540684,0.10875132520540684,0.17375212907791138,27.32758620689655,600.0,196,669.0,73.0,0.10911808669656203,0.14482758620689662,False,0.15299334811529933,0.020512820512820513,0.0,,,28,person,0.2,0.5,heuristic,mask2former_swinb_cityscapes,acdc_night_targetcal100,51
,,,,-1,True,,0.5784601736132349,0.005298079457134008,,,406,,,0.5605381165919282,,False,,,,,,28,person,0.2,0.5,argmax,mask2former_swinb_cityscapes,acdc_night_targetcal100,51
,,,0.9999973331413354,929,True,0.0,0.0,0.6356354355812073,13.105911330049262,925.0,113,153.0,0.0,0.0,0.1801477832512316,True,0.0,0.0,0.0,,,28,rider,0.05,0.1,region_crc,mask2former_swinb_cityscapes,acdc_night_targetcal100,33
,,,0.9999952356901319,887,True,0.0,0.0,0.5512658953666687,18.901477832512317,875.0,113,153.0,0.0,0.0,0.2030541871921182,True,0.0,0.0,0.0,,,28,rider,0.05,0.1,heuristic,mask2former_swinb_cityscapes,acdc_night_targetcal100,33
,,,,-1,True,,0.78023598820059,0.0003630249120760709,,,406,,,0.7908496732026143,,False,,,,,,28,rider,0.05,0.1,argmax,mask2former_swinb_cityscapes,acdc_night_targetcal100,33
,,,0.999991946215588,849,True,0.0,0.0,0.46107256412506104,23.657635467980295,825.0,113,153.0,0.0,0.0,0.19379310344827583,True,0.0,0.0,0.0,,,28,rider,0.1,0.1,region_crc,mask2former_swinb_cityscapes,acdc_night_targetcal100,33
,,,0.999988779815457,825,True,0.008849557522123894,0.008849557522123894,0.40630820393562317,23.657635467980295,825.0,113,153.0,1.0,0.006535947712418301,0.1901477832512316,True,0.008771929824561403,0.0,0.0,,,28,rider,0.1,0.1,heuristic,mask2former_swinb_cityscapes,acdc_night_targetcal100,33
,,,,-1,True,,0.78023598820059,0.0003630249120760709,,,406,,,0.7908496732026143,,False,,,,,,28,rider,0.1,0.1,argmax,mask2former_swinb_cityscapes,acdc_night_targetcal100,33
,,,0.9999696610881581,753,True,0.022123893805309734,0.022123893805309734,0.2540811598300934,27.724137931034484,750.0,113,153.0,3.0,0.0196078431372549,0.1604926108374384,False,0.02631578947368421,0.0,0.0,,,28,rider,0.2,0.1,region_crc,mask2former_swinb_cityscapes,acdc_night_targetcal100,33
,,,0.9999651662684964,743,True,0.022123893805309734,0.022123893805309734,0.23528482019901276,26.95566502463054,725.0,113,153.0,3.0,0.0196078431372549,0.15773399014778328,False,0.02631578947368421,0.0,0.0,,,28,rider,0.2,0.1,heuristic,mask2former_swinb_cityscapes,acdc_night_targetcal100,33
,,,,-1,True,,0.78023598820059,0.0003630249120760709,,,406,,,0.7908496732026143,,False,,,,,,28,rider,0.2,0.1,argmax,mask2former_swinb_cityscapes,acdc_night_targetcal100,33
,,,0.9999984004419714,966,True,0.0,0.0,0.7103345394134521,10.399014778325123,966.0,113,153.0,0.0,0.0,0.1126108374384236,False,0.0,0.0,0.0,,,28,rider,0.05,0.5,region_crc,mask2former_swinb_cityscapes,acdc_night_targetcal100,33
,,,0.9999964843955947,909,True,0.004424778761061947,0.004424778761061947,0.5959042906761169,15.830049261083744,900.0,113,153.0,1.0,0.006535947712418301,0.20231527093596063,True,0.008771929824561403,0.0,0.0,,,28,rider,0.05,0.5,heuristic,mask2former_swinb_cityscapes,acdc_night_targetcal100,33
,,,,-1,True,,0.8466076696165192,0.0003630249120760709,,,406,,,0.8562091503267973,,False,,,,,,28,rider,0.05,0.5,argmax,mask2former_swinb_cityscapes,acdc_night_targetcal100,33
,,,0.9999931766130585,861,True,0.022123893805309734,0.022123893805309734,0.4898086190223694,21.53448275862069,850.0,113,153.0,3.0,0.0196078431372549,0.19512315270935965,True,0.02631578947368421,0.0,0.0,,,28,rider,0.1,0.5,region_crc,mask2former_swinb_cityscapes,acdc_night_targetcal100,33
,,,0.9999930816902908,860,True,0.022123893805309734,0.022123893805309734,0.4870751202106476,21.53448275862069,850.0,113,153.0,3.0,0.0196078431372549,0.19527093596059109,True,0.02631578947368421,0.0,0.0,,,28,rider,0.1,0.5,heuristic,mask2former_swinb_cityscapes,acdc_night_targetcal100,33
,,,,-1,True,,0.8466076696165192,0.0003630249120760709,,,406,,,0.8562091503267973,,False,,,,,,28,rider,0.1,0.5,argmax,mask2former_swinb_cityscapes,acdc_night_targetcal100,33
,,,0.9999815498458082,789,True,0.03982300884955752,0.03982300884955752,0.3259413540363312,27.391625615763548,775.0,113,153.0,5.0,0.032679738562091505,0.15394088669950734,False,0.043859649122807015,0.0,0.0,,,28,rider,0.2,0.5,region_crc,mask2former_swinb_cityscapes,acdc_night_targetcal100,33
,,,0.9999788163886475,779,True,0.03982300884955752,0.03982300884955752,0.30641666054725647,27.391625615763548,775.0,113,153.0,5.0,0.032679738562091505,0.13975369458128084,False,0.043859649122807015,0.0,0.0,,,28,rider,0.2,0.5,heuristic,mask2former_swinb_cityscapes,acdc_night_targetcal100,33
,,,,-1,True,,0.8466076696165192,0.0003630249120760709,,,406,,,0.8562091503267973,,False,,,,,,28,rider,0.2,0.5,argmax,mask2former_swinb_cityscapes,acdc_night_targetcal100,33
,,,0.9999983327527875,963,True,0.0,0.0,0.7221009135246277,10.805418719211822,963.0,105,252.0,0.0,0.0,0.12517241379310345,False,0.0,0.0,0.0,,,28,bicycle,0.05,0.1,region_crc,mask2former_swinb_cityscapes,acdc_night_targetcal100,25
,,,0.9999974414141131,932,True,0.0,0.0,0.6372637152671814,15.748768472906404,925.0,105,252.0,0.0,0.0,0.18201970443349758,True,0.0,0.0,0.0,,,28,bicycle,0.05,0.1,heuristic,mask2former_swinb_cityscapes,acdc_night_targetcal100,25
,,,,-1,True,,0.8085903250188965,0.0007159640663303435,,,406,,,0.7936507936507936,,False,,,,,,28,bicycle,0.05,0.1,argmax,mask2former_swinb_cityscapes,acdc_night_targetcal100,25
,,,0.9999898140861194,832,True,0.0013605442176870747,0.0013605442176870747,0.3886115849018097,26.679802955665025,825.0,105,252.0,1.0,0.003968253968253968,0.14078817733990145,False,0.006896551724137931,0.0,0.0,,,28,bicycle,0.1,0.1,region_crc,mask2former_swinb_cityscapes,acdc_night_targetcal100,25
,,,0.9999896723859424,831,True,0.0029478458049886623,0.0029478458049886623,0.38570326566696167,26.679802955665025,825.0,105,252.0,2.0,0.007936507936507936,0.14556650246305422,False,0.013793103448275862,0.0,0.0,,,28,bicycle,0.1,0.1,heuristic,mask2former_swinb_cityscapes,acdc_night_targetcal100,25
,,,,-1,True,,0.8085903250188965,0.0007159640663303435,,,406,,,0.7936507936507936,,False,,,,,,28,bicycle,0.1,0.1,argmax,mask2former_swinb_cityscapes,acdc_night_targetcal100,25
,,,0.9999547102420097,724,True,0.0730612244897959,0.07306122448979592,0.18691666424274445,27.761083743842363,700.0,105,252.0,18.0,0.07142857142857142,0.11625615763546804,False,0.09655172413793103,0.05063291139240506,0.0,,,28,bicycle,0.2,0.1,region_crc,mask2former_swinb_cityscapes,acdc_night_targetcal100,25
,,,0.9999402964713416,704,True,0.08179138321995466,0.08179138321995466,0.16095583140850067,27.761083743842363,700.0,105,252.0,21.0,0.08333333333333333,0.1559113300492611,False,0.11724137931034483,0.05063291139240506,0.0,,,28,bicycle,0.2,0.1,heuristic,mask2former_swinb_cityscapes,acdc_night_targetcal100,25
,,,,-1,True,,0.8085903250188965,0.0007159640663303435,,,406,,,0.7936507936507936,,False,,,,,,28,bicycle,0.2,0.1,argmax,mask2former_swinb_cityscapes,acdc_night_targetcal100,25
,,,0.9999986448105876,978,True,0.0,0.0,0.7575268745422363,9.273399014778326,978.0,105,252.0,0.0,0.0,0.10733990147783251,False,0.0,0.0,0.0,,,28,bicycle,0.05,0.5,region_crc,mask2former_swinb_cityscapes,acdc_night_targetcal100,25
,,,0.9999984004419714,966,True,0.0,0.0,0.7297453284263611,10.53448275862069,966.0,105,252.0,0.0,0.0,0.1299507389162562,False,0.0,0.0,0.0,,,28,bicycle,0.05,0.5,heuristic,mask2former_swinb_cityscapes,acdc_night_targetcal100,25
,,,,-1,True,,0.8739569160997732,0.0007159640663303435,,,406,,,0.8611111111111112,,False,,,,,,28,bicycle,0.05,0.5,argmax,mask2former_swinb_cityscapes,acdc_night_targetcal100,25
,,,0.9999946048937749,878,True,0.021768707482993196,0.021768707482993196,0.5018501281738281,21.608374384236452,875.0,105,252.0,4.0,0.015873015873015872,0.1717733990147784,False,0.020689655172413793,0.012658227848101266,0.0,,,28,bicycle,0.1,0.5,region_crc,mask2former_swinb_cityscapes,acdc_night_targetcal100,25
,,,0.999991488619618,845,True,0.025736961451247167,0.025736961451247167,0.42068663239479065,26.679802955665025,825.0,105,252.0,6.0,0.023809523809523808,0.13231527093596057,False,0.034482758620689655,0.012658227848101266,0.0,,,28,bicycle,0.1,0.5,heuristic,mask2former_swinb_cityscapes,acdc_night_targetcal100,25
,,,,-1,True,,0.8739569160997732,0.0007159640663303435,,,406,,,0.8611111111111112,,False,,,,,,28,bicycle,0.1,0.5,argmax,mask2former_swinb_cityscapes,acdc_night_targetcal100,25
,,,0.9999742960421724,765,True,0.08718820861678005,0.08718820861678005,0.24981433153152466,30.103448275862068,750.0,105,252.0,19.0,0.07539682539682539,0.09802955665024637,False,0.0896551724137931,0.0759493670886076,0.0,,,28,bicycle,0.2,0.5,region_crc,mask2former_swinb_cityscapes,acdc_night_targetcal100,25
,,,0.9999739384645,764,True,0.08718820861678005,0.08718820861678005,0.2483544498682022,30.103448275862068,750.0,105,252.0,19.0,0.07539682539682539,0.10093596059113302,False,0.0896551724137931,0.0759493670886076,0.0,,,28,bicycle,0.2,0.5,heuristic,mask2former_swinb_cityscapes,acdc_night_targetcal100,25
,,,,-1,True,,0.8739569160997732,0.0007159640663303435,,,406,,,0.8611111111111112,,False,,,,,,28,bicycle,0.2,0.5,argmax,mask2former_swinb_cityscapes,acdc_night_targetcal100,25
,,,0.9999641903562897,741,True,0.03132545846113685,0.03132545846113685,0.3586450517177582,27.54433497536946,725.0,199,693.0,16.0,0.023088023088023088,0.1666502463054187,False,0.032397408207343416,0.004975124378109453,0.0,,,29,person,0.05,0.1,region_crc,mask2former_swinb_cityscapes,acdc_night_targetcal100,48
,,,0.9999507960464319,718,True,0.03699775935956841,0.0369977593595684,0.31625795364379883,28.145320197044335,700.0,199,693.0,20.0,0.02886002886002886,0.1517733990147783,False,0.04103671706263499,0.004975124378109453,0.0,,,29,person,0.05,0.1,heuristic,mask2former_swinb_cityscapes,acdc_night_targetcal100,48
,,,,-1,True,,0.4885805707413748,0.005212335381656885,,,406,,,0.4588744588744589,,False,,,,,,29,person,0.05,0.1,argmax,mask2former_swinb_cityscapes,acdc_night_targetcal100,48
,,,0.9999402964713416,704,True,0.03982439252539755,0.039824392525397545,0.29303133487701416,28.145320197044335,700.0,199,693.0,23.0,0.03318903318903319,0.1359113300492611,False,0.047516198704103674,0.004975124378109453,0.0,,,29,person,0.1,0.1,region_crc,mask2former_swinb_cityscapes,acdc_night_targetcal100,48
,,,0.9999004594582649,667,True,0.058516337096739104,0.058516337096739104,0.23116062581539154,29.05665024630542,650.0,199,693.0,35.0,0.050505050505050504,0.1283743842364532,False,0.07127429805615551,0.009950248756218905,0.0,,,29,person,0.1,0.1,heuristic,mask2former_swinb_cityscapes,acdc_night_targetcal100,48
,,,,-1,True,,0.4885805707413748,0.005212335381656885,,,406,,,0.4588744588744589,,False,,,,,,29,person,0.1,0.1,argmax,mask2former_swinb_cityscapes,acdc_night_targetcal100,48
,,,0.9987352636525288,483,True,0.15328618199221214,0.15328618199221214,0.0689389631152153,17.157635467980295,475.0,199,693.0,105.0,0.15151515151515152,0.06517241379310346,False,0.21814254859611232,0.01990049751243781,0.0,,,29,person,0.2,0.1,region_crc,mask2former_swinb_cityscapes,acdc_night_targetcal100,48
,,,0.9978620379104978,445,True,0.1820131501664165,0.1820131501664165,0.05431301146745682,14.280788177339902,425.0,199,693.0,122.0,0.17604617604617603,0.06251231527093593,False,0.2505399568034557,0.029850746268656716,0.0,,,29,person,0.2,0.1,heuristic,mask2former_swinb_cityscapes,acdc_night_targetcal100,48
,,,,-1,True,,0.4885805707413748,0.005212335381656885,,,406,,,0.4588744588744589,,False,,,,,,29,person,0.2,0.1,argmax,mask2former_swinb_cityscapes,acdc_night_targetcal100,48
,,,0.9999837070396737,798,True,0.03078106985142161,0.030781069851421608,0.4851818382740021,24.194581280788178,775.0,199,693.0,19.0,0.027417027417027416,0.13029556650246304,False,0.0367170626349892,0.009950248756218905,0.0,,,29,person,0.05,0.5,region_crc,mask2former_swinb_cityscapes,acdc_night_targetcal100,48
,,,0.9999735759124267,763,True,0.0411225499793339,0.04112254997933389,0.4028283357620239,25.995073891625616,750.0,199,693.0,28.0,0.04040404040404041,0.1544827586206896,False,0.05399568034557235,0.014925373134328358,0.0,,,29,person,0.05,0.5,heuristic,mask2former_swinb_cityscapes,acdc_night_targetcal100,48
,,,,-1,True,,0.5747548236241704,0.005212335381656885,,,406,,,0.5468975468975469,,False,,,,,,29,person,0.05,0.5,argmax,mask2former_swinb_cityscapes,acdc_night_targetcal100,48
,,,0.9999527936958736,721,True,0.05918635384715787,0.05918635384715786,0.3216712772846222,28.145320197044335,700.0,199,693.0,39.0,0.05627705627705628,0.1517733990147783,False,0.07775377969762419,0.014925373134328358,0.0,,,29,person,0.1,0.5,region_crc,mask2former_swinb_cityscapes,acdc_night_targetcal100,48
,,,0.9999004594582649,667,True,0.0929158780917575,0.0929158780917575,0.23116062581539154,29.05665024630542,650.0,199,693.0,60.0,0.08658008658008658,0.1283743842364532,False,0.12311015118790497,0.014925373134328358,0.0,,,29,person,0.1,0.5,heuristic,mask2former_swinb_cityscapes,acdc_night_targetcal100,48
,,,,-1,True,,0.5747548236241704,0.005212335381656885,,,406,,,0.5468975468975469,,False,,,,,,29,person,0.1,0.5,argmax,mask2former_swinb_cityscapes,acdc_night_targetcal100,48
,,,0.9994847713554182,548,True,0.17555916305916305,0.17555916305916305,0.10656411200761795,21.492610837438423,525.0,199,693.0,117.0,0.16883116883116883,0.08793103448275863,False,0.23758099352051837,0.03482587064676617,0.0,,,29,person,0.2,0.5,region_crc,mask2former_swinb_cityscapes,acdc_night_targetcal100,48
,,,0.9991409864784946,511,True,0.18750779510829763,0.18750779510829763,0.08242962509393692,19.334975369458128,500.0,199,693.0,124.0,0.17893217893217894,0.07039408866995073,False,0.2505399568034557,0.03980099502487562,0.0,,,29,person,0.2,0.5,heuristic,mask2former_swinb_cityscapes,acdc_night_targetcal100,48
,,,,-1,True,,0.5747548236241704,0.005212335381656885,,,406,,,0.5468975468975469,,False,,,,,,29,person,0.2,0.5,argmax,mask2former_swinb_cityscapes,acdc_night_targetcal100,48
,,,0.999989383044428,829,True,0.023415977961432508,0.023415977961432504,0.3969871997833252,23.72906403940887,825.0,121,161.0,4.0,0.024844720496894408,0.08955665024630538,False,0.03333333333333333,0.0,0.0,,,29,rider,0.05,0.1,region_crc,mask2former_swinb_cityscapes,acdc_night_targetcal100,25
,,,0.9999696610881581,753,True,0.05234159779614325,0.052341597796143245,0.2379808872938156,27.541871921182267,750.0,121,161.0,8.0,0.049689440993788817,0.15403940886699508,False,0.06666666666666667,0.0,0.0,,,29,rider,0.05,0.1,heuristic,mask2former_swinb_cityscapes,acdc_night_targetcal100,25
,,,,-1,True,,0.78099173553719,0.0003756953519769013,,,406,,,0.7888198757763976,,False,,,,,,29,rider,0.05,0.1,argmax,mask2former_swinb_cityscapes,acdc_night_targetcal100,25
,,,0.9999696610881581,753,True,0.05234159779614325,0.052341597796143245,0.2379808872938156,27.541871921182267,750.0,121,161.0,8.0,0.049689440993788817,0.15403940886699508,False,0.06666666666666667,0.0,0.0,,,29,rider,0.1,0.1,region_crc,mask2former_swinb_cityscapes,acdc_night_targetcal100,25
,,,0.9999323917024608,695,True,0.08126721763085398,0.08126721763085398,0.15756838023662567,23.236453201970445,675.0,121,161.0,13.0,0.08074534161490683,0.14561576354679806,False,0.10833333333333334,0.0,0.0,,,29,rider,0.1,0.1,heuristic,mask2former_swinb_cityscapes,acdc_night_targetcal100,25
,,,,-1,True,,0.78099173553719,0.0003756953519769013,,,406,,,0.7888198757763976,,False,,,,,,29,rider,0.1,0.1,argmax,mask2former_swinb_cityscapes,acdc_night_targetcal100,25
,,,0.9998872802543824,658,True,0.1143250688705234,0.1143250688705234,0.1246362030506134,22.536945812807883,650.0,121,161.0,18.0,0.11180124223602485,0.13778325123152713,False,0.15,0.0,0.0,,,29,rider,0.2,0.1,region_crc,mask2former_swinb_cityscapes,acdc_night_targetcal100,25
,,,0.999868780010098,647,True,0.12672176308539945,0.12672176308539945,0.11589911580085754,20.721674876847292,625.0,121,161.0,20.0,0.12422360248447205,0.12605911330049263,False,0.16666666666666666,0.0,0.0,,,29,rider,0.2,0.1,heuristic,mask2former_swinb_cityscapes,acdc_night_targetcal100,25
,,,,-1,True,,0.78099173553719,0.0003756953519769013,,,406,,,0.7888198757763976,,False,,,,,,29,rider,0.2,0.1,argmax,mask2former_swinb_cityscapes,acdc_night_targetcal100,25
,,,0.9999949649939122,883,True,0.023415977961432504,0.023415977961432504,0.5246294140815735,19.071428571428573,875.0,121,161.0,4.0,0.024844720496894408,0.07921182266009852,False,0.03333333333333333,0.0,0.0,,,29,rider,0.05,0.5,region_crc,mask2former_swinb_cityscapes,acdc_night_targetcal100,25
,,,0.999985003151645,804,True,0.06473829201101929,0.06473829201101929,0.336805135011673,25.795566502463053,800.0,121,161.0,10.0,0.062111801242236024,0.1370935960591133,False,0.075,0.029411764705882353,0.0,,,29,rider,0.05,0.5,heuristic,mask2former_swinb_cityscapes,acdc_night_targetcal100,25
,,,,-1,True,,0.8347107438016529,0.0003756953519769013,,,406,,,0.84472049689441,,False,,,,,,29,rider,0.05,0.5,argmax,mask2former_swinb_cityscapes,acdc_night_targetcal100,25
,,,0.999985003151645,804,True,0.06473829201101929,0.06473829201101929,0.336805135011673,25.795566502463053,800.0,121,161.0,10.0,0.062111801242236024,0.1370935960591133,False,0.075,0.029411764705882353,0.0,,,29,rider,0.1,0.5,region_crc,mask2former_swinb_cityscapes,acdc_night_targetcal100,25
,,,0.9999788163886475,779,True,0.07300275482093664,0.07300275482093663,0.28801119327545166,27.061576354679804,775.0,121,161.0,11.0,0.06832298136645963,0.14157635467980295,False,0.08333333333333333,0.029411764705882353,0.0,,,29,rider,0.1,0.5,heuristic,mask2former_swinb_cityscapes,acdc_night_targetcal100,25
,,,,-1,True,,0.8347107438016529,0.0003756953519769013,,,406,,,0.84472049689441,,False,,,,,,29,rider,0.1,0.5,argmax,mask2former_swinb_cityscapes,acdc_night_targetcal100,25
,,,0.999917964845567,681,True,0.13911845730027547,0.13911845730027547,0.14356957376003265,23.236453201970445,675.0,121,161.0,21.0,0.13043478260869565,0.15315270935960584,False,0.16666666666666666,0.029411764705882353,0.0,,,29,rider,0.2,0.5,region_crc,mask2former_swinb_cityscapes,acdc_night_targetcal100,25
,,,0.9998948038126176,663,True,0.14738292011019283,0.14738292011019283,0.1285012662410736,22.536945812807883,650.0,121,161.0,23.0,0.14285714285714285,0.14778325123152714,False,0.18333333333333332,0.029411764705882353,0.0,,,29,rider,0.2,0.5,heuristic,mask2former_swinb_cityscapes,acdc_night_targetcal100,25
,,,,-1,True,,0.8347107438016529,0.0003756953519769013,,,406,,,0.84472049689441,,False,,,,,,29,rider,0.2,0.5,argmax,mask2former_swinb_cityscapes,acdc_night_targetcal100,25
,,,0.9999867565846481,813,True,0.03064373897707231,0.03064373897707231,0.33630356192588806,28.492610837438423,800.0,108,252.0,6.0,0.023809523809523808,0.09413793103448276,False,0.04054054054054054,0.0,0.0,,,29,bicycle,0.05,0.1,region_crc,mask2former_swinb_cityscapes,acdc_night_targetcal100,22
,,,0.9999704879077334,755,True,0.05930335097001764,0.05930335097001763,0.22483453154563904,29.536945812807883,750.0,108,252.0,14.0,0.05555555555555555,0.10034482758620691,False,0.08108108108108109,0.02531645569620253,0.0,,,29,bicycle,0.05,0.1,heuristic,mask2former_swinb_cityscapes,acdc_night_targetcal100,22
,,,,-1,True,,0.8145245443856554,0.0006592447170987725,,,406,,,0.7976190476190477,,False,,,,,,29,bicycle,0.05,0.1,argmax,mask2former_swinb_cityscapes,acdc_night_targetcal100,22
,,,0.9999704879077334,755,True,0.05930335097001764,0.05930335097001763,0.22483453154563904,29.536945812807883,750.0,108,252.0,14.0,0.05555555555555555,0.10034482758620691,False,0.08108108108108109,0.02531645569620253,0.0,,,29,bicycle,0.1,0.1,region_crc,mask2former_swinb_cityscapes,acdc_night_targetcal100,22
,,,0.999963692194523,740,True,0.06084656084656084,0.06084656084656084,0.20291835069656372,28.783251231527093,725.0,108,252.0,15.0,0.05952380952380952,0.12334975369458129,False,0.08783783783783784,0.02531645569620253,0.0,,,29,bicycle,0.1,0.1,heuristic,mask2former_swinb_cityscapes,acdc_night_targetcal100,22
,,,,-1,True,,0.8145245443856554,0.0006592447170987725,,,406,,,0.7976190476190477,,False,,,,,,29,bicycle,0.1,0.1,argmax,mask2former_swinb_cityscapes,acdc_night_targetcal100,22
,,,0.9999223752883372,685,True,0.11563051146384479,0.11563051146384479,0.13157905638217926,25.448275862068964,675.0,108,252.0,25.0,0.0992063492063492,0.08827586206896554,False,0.14864864864864866,0.0379746835443038,0.0,,,29,bicycle,0.2,0.1,region_crc,mask2former_swinb_cityscapes,acdc_night_targetcal100,22
,,,0.9998120683183197,621,True,0.18628747795414463,0.1862874779541446,0.07631594687700272,20.133004926108374,600.0,108,252.0,43.0,0.17063492063492064,0.08433497536945816,False,0.25675675675675674,0.06329113924050633,0.0,,,29,bicycle,0.2,0.1,heuristic,mask2former_swinb_cityscapes,acdc_night_targetcal100,22
,,,,-1,True,,0.8145245443856554,0.0006592447170987725,,,406,,,0.7976190476190477,,False,,,,,,29,bicycle,0.2,0.1,argmax,mask2former_swinb_cityscapes,acdc_night_targetcal100,22
,,,0.9999982860426925,961,True,0.013888888888888888,0.013888888888888888,0.7062934041023254,12.088669950738916,961.0,108,252.0,2.0,0.007936507936507936,0.08586206896551729,False,0.013513513513513514,0.0,0.0,,,29,bicycle,0.05,0.5,region_crc,mask2former_swinb_cityscapes,acdc_night_targetcal100,22
,,,0.999991488619618,845,True,0.03582451499118166,0.03582451499118166,0.4064418375492096,26.908866995073893,825.0,108,252.0,9.0,0.03571428571428571,0.0996551724137931,False,0.05405405405405406,0.012658227848101266,0.0,,,29,bicycle,0.05,0.5,heuristic,mask2former_swinb_cityscapes,acdc_night_targetcal100,22
,,,,-1,True,,0.8728284832451499,0.0006592447170987725,,,406,,,0.8531746031746031,,False,,,,,,29,bicycle,0.05,0.5,argmax,mask2former_swinb_cityscapes,acdc_night_targetcal100,22
,,,0.9999728356073116,761,True,0.12643298059964728,0.12643298059964728,0.23458227515220642,29.536945812807883,750.0,108,252.0,26.0,0.10317460317460317,0.11527093596059113,False,0.14189189189189189,0.06329113924050633,0.0,,,29,bicycle,0.1,0.5,region_crc,mask2former_swinb_cityscapes,acdc_night_targetcal100,22
,,,0.999971686080042,758,True,0.12643298059964728,0.12643298059964728,0.22942157089710236,29.536945812807883,750.0,108,252.0,26.0,0.10317460317460317,0.10901477832512318,False,0.14189189189189189,0.06329113924050633,0.0,,,29,bicycle,0.1,0.5,heuristic,mask2former_swinb_cityscapes,acdc_night_targetcal100,22
,,,,-1,True,,0.8728284832451499,0.0006592447170987725,,,406,,,0.8531746031746031,,False,,,,,,29,bicycle,0.1,0.5,argmax,mask2former_swinb_cityscapes,acdc_night_targetcal100,22
,,,0.9999665804959974,746,True,0.13569223985890652,0.13569223985890652,0.2123657763004303,28.783251231527093,725.0,108,252.0,27.0,0.10714285714285714,0.1085714285714286,False,0.14864864864864866,0.06329113924050633,0.0,,,29,bicycle,0.2,0.5,region_crc,mask2former_swinb_cityscapes,acdc_night_targetcal100,22
,,,0.9999083779509877,673,True,0.1789021164021164,0.1789021164021164,0.11966560035943985,23.798029556650246,650.0,108,252.0,39.0,0.15476190476190477,0.09157635467980291,False,0.22297297297297297,0.0759493670886076,0.0,,,29,bicycle,0.2,0.5,heuristic,mask2former_swinb_cityscapes,acdc_night_targetcal100,22
,,,,-1,True,,0.8728284832451499,0.0006592447170987725,,,406,,,0.8531746031746031,,False,,,,,,29,bicycle,0.2,0.5,argmax,mask2former_swinb_cityscapes,acdc_night_targetcal100,22
,,,0.9999810329407879,787,True,0.022566322566322565,0.022566322566322565,0.46252524852752686,23.79064039408867,775.0,195,647.0,11.0,0.017001545595054096,0.0936945812807882,False,0.02517162471395881,0.0,0.0,,,30,person,0.05,0.1,region_crc,mask2former_swinb_cityscapes,acdc_night_targetcal100,52
,,,0.9998514064357713,638,True,0.07927405927405927,0.07927405927405927,0.18970422446727753,28.785714285714285,625.0,195,647.0,52.0,0.080370942812983,0.10507389162561576,False,0.10755148741418764,0.026737967914438502,0.0,,,30,person,0.05,0.1,heuristic,mask2former_swinb_cityscapes,acdc_night_targetcal100,52
,,,,-1,True,,0.5050984627907705,0.005251353606581688,,,406,,,0.49149922720247297,,False,,,,,,30,person,0.05,0.1,argmax,mask2former_swinb_cityscapes,acdc_night_targetcal100,52
,,,0.9995869524980099,564,True,0.11677988677988678,0.11677988677988677,0.11820986121892929,23.82512315270936,550.0,195,647.0,76.0,0.11746522411128284,0.09970443349753694,False,0.16247139588100687,0.026737967914438502,0.0,,,30,person,0.1,0.1,region_crc,mask2former_swinb_cityscapes,acdc_night_targetcal100,52
,,,0.9994847713554182,548,True,0.13227550227550228,0.13227550227550225,0.10657598078250885,21.93103448275862,525.0,195,647.0,82.0,0.1267387944358578,0.09753694581280786,False,0.17620137299771166,0.026737967914438502,0.0,,,30,person,0.1,0.1,heuristic,mask2former_swinb_cityscapes,acdc_night_targetcal100,52
,,,,-1,True,,0.5050984627907705,0.005251353606581688,,,406,,,0.49149922720247297,,False,,,,,,30,person,0.1,0.1,argmax,mask2former_swinb_cityscapes,acdc_night_targetcal100,52
,,,0.9978021401272151,443,True,0.19210112537035615,0.19210112537035612,0.0532379150390625,14.495073891625616,425.0,195,647.0,120.0,0.18547140649149924,0.06827586206896552,False,0.2585812356979405,0.0374331550802139,0.0,,,30,person,0.2,0.1,region_crc,mask2former_swinb_cityscapes,acdc_night_targetcal100,52
,,,0.9975111426817176,434,True,0.19523502850425925,0.19523502850425925,0.050112683326005936,14.495073891625616,425.0,195,647.0,122.0,0.18856259659969088,0.0688669950738916,False,0.2608695652173913,0.0427807486631016,0.0,,,30,person,0.2,0.1,heuristic,mask2former_swinb_cityscapes,acdc_night_targetcal100,52
,,,,-1,True,,0.5050984627907705,0.005251353606581688,,,406,,,0.49149922720247297,,False,,,,,,30,person,0.2,0.1,argmax,mask2former_swinb_cityscapes,acdc_night_targetcal100,52
,,,0.9999837070396737,798,True,0.030557775557775557,0.030557775557775557,0.4876113533973694,23.79064039408867,775.0,195,647.0,19.0,0.02936630602782071,0.10019704433497537,False,0.036613272311212815,0.016042780748663103,0.0,,,30,person,0.05,0.5,region_crc,mask2former_swinb_cityscapes,acdc_night_targetcal100,52
,,,0.9999621557415282,737,True,0.059887612387612386,0.059887612387612386,0.35205724835395813,27.822660098522167,725.0,195,647.0,40.0,0.061823802163833076,0.10793103448275865,False,0.08237986270022883,0.0213903743315508,0.0,,,30,person,0.05,0.5,heuristic,mask2former_swinb_cityscapes,acdc_night_targetcal100,52
,,,,-1,True,,0.5869292815446662,0.005251353606581688,,,406,,,0.5780525502318392,,False,,,,,,30,person,0.05,0.5,argmax,mask2former_swinb_cityscapes,acdc_night_targetcal100,52
,,,0.9998120683183197,621,True,0.13242868242868244,0.13242868242868241,0.16937068104743958,26.958128078817733,600.0,195,647.0,80.0,0.12364760432766615,0.12187192118226603,False,0.17162471395881007,0.026737967914438502,0.0,,,30,person,0.1,0.5,region_crc,mask2former_swinb_cityscapes,acdc_night_targetcal100,52
,,,0.9997719657927999,607,True,0.14291819291819294,0.14291819291819288,0.154424786567688,26.958128078817733,600.0,195,647.0,86.0,0.13292117465224113,0.12694581280788175,False,0.1853546910755149,0.026737967914438502,0.0,,,30,person,0.1,0.5,heuristic,mask2former_swinb_cityscapes,acdc_night_targetcal100,52
,,,,-1,True,,0.5869292815446662,0.005251353606581688,,,406,,,0.5780525502318392,,False,,,,,,30,person,0.1,0.5,argmax,mask2former_swinb_cityscapes,acdc_night_targetcal100,52
,,,0.9987697312291877,485,True,0.2116656349348657,0.2116656349348657,0.06980372965335846,17.53448275862069,475.0,195,647.0,131.0,0.20247295208655333,0.048916256157635396,False,0.2814645308924485,0.0427807486631016,0.0,,,30,person,0.2,0.5,region_crc,mask2former_swinb_cityscapes,acdc_night_targetcal100,52
,,,0.9985678121007264,474,True,0.21593913920837,0.21593913920836996,0.06522201001644135,16.110837438423644,450.0,195,647.0,134.0,0.2071097372488408,0.046600985221674884,False,0.28832951945080093,0.0427807486631016,0.0,,,30,person,0.2,0.5,heuristic,mask2former_swinb_cityscapes,acdc_night_targetcal100,52
,,,,-1,True,,0.5869292815446662,0.005251353606581688,,,406,,,0.5780525502318392,,False,,,,,,30,person,0.2,0.5,argmax,mask2former_swinb_cityscapes,acdc_night_targetcal100,52
,,,0.9999973331413354,929,True,0.0028490028490028487,0.0028490028490028487,0.6251031160354614,13.219211822660098,925.0,117,156.0,1.0,0.00641025641025641,0.07068965517241377,False,0.009009009009009009,0.0,0.0,,,30,rider,0.05,0.1,region_crc,mask2former_swinb_cityscapes,acdc_night_targetcal100,29
,,,0.999988779815457,825,True,0.02421652421652422,0.024216524216524215,0.3868776261806488,23.86945812807882,825.0,117,156.0,4.0,0.02564102564102564,0.0955665024630542,False,0.036036036036036036,0.0,0.0,,,30,rider,0.05,0.1,heuristic,mask2former_swinb_cityscapes,acdc_night_targetcal100,29
,,,,-1,True,,0.7706552706552707,0.0004271717043593526,,,406,,,0.7756410256410257,,False,,,,,,30,rider,0.05,0.1,argmax,mask2former_swinb_cityscapes,acdc_night_targetcal100,29
,,,0.9998872802543824,658,True,0.13105413105413105,0.13105413105413105,0.12477201223373413,23.285714285714285,650.0,117,156.0,21.0,0.1346153846153846,0.07536945812807883,False,0.1891891891891892,0.0,0.0,,,30,rider,0.1,0.1,region_crc,mask2former_swinb_cityscapes,acdc_night_targetcal100,29
,,,0.9998872802543824,658,True,0.13105413105413105,0.13105413105413105,0.12477201223373413,23.285714285714285,650.0,117,156.0,21.0,0.1346153846153846,0.07536945812807883,False,0.1891891891891892,0.0,0.0,,,30,rider,0.1,0.1,heuristic,mask2former_swinb_cityscapes,acdc_night_targetcal100,29
,,,,-1,True,,0.7706552706552707,0.0004271717043593526,,,406,,,0.7756410256410257,,False,,,,,,30,rider,0.1,0.1,argmax,mask2former_swinb_cityscapes,acdc_night_targetcal100,29
,,,0.9981379128633371,455,True,0.31054131054131057,0.31054131054131057,0.027051173150539398,9.036945812807883,450.0,117,156.0,50.0,0.32051282051282054,0.06955665024630536,False,0.3963963963963964,0.16666666666666666,0.0,,,30,rider,0.2,0.1,region_crc,mask2former_swinb_cityscapes,acdc_night_targetcal100,29
,,,0.9974414141130944,432,True,0.3532763532763533,0.3532763532763533,0.021599669009447098,7.721674876847291,425.0,117,156.0,55.0,0.3525641025641026,0.05965517241379309,False,0.43243243243243246,0.19444444444444445,0.0,,,30,rider,0.2,0.1,heuristic,mask2former_swinb_cityscapes,acdc_night_targetcal100,29
,,,,-1,True,,0.7706552706552707,0.0004271717043593526,,,406,,,0.7756410256410257,,False,,,,,,30,rider,0.2,0.1,argmax,mask2former_swinb_cityscapes,acdc_night_targetcal100,29
,,,0.9999984004419714,966,True,0.0028490028490028487,0.0028490028490028487,0.7028281092643738,10.032019704433498,966.0,117,156.0,1.0,0.00641025641025641,0.14955665024630538,False,0.009009009009009009,0.0,0.0,,,30,rider,0.05,0.5,region_crc,mask2former_swinb_cityscapes,acdc_night_targetcal100,29
,,,0.9999899538420972,833,True,0.04131054131054131,0.04131054131054131,0.4044203460216522,23.86945812807882,825.0,117,156.0,7.0,0.04487179487179487,0.08999999999999997,False,0.05405405405405406,0.027777777777777776,0.0,,,30,rider,0.05,0.5,heuristic,mask2former_swinb_cityscapes,acdc_night_targetcal100,29
,,,,-1,True,,0.8262108262108261,0.0004271717043593526,,,406,,,0.8333333333333334,,False,,,,,,30,rider,0.05,0.5,argmax,mask2former_swinb_cityscapes,acdc_night_targetcal100,29
,,,0.9998948038126176,663,True,0.17378917378917377,0.1737891737891738,0.129229336977005,23.285714285714285,650.0,117,156.0,27.0,0.17307692307692307,0.07522167487684728,False,0.23423423423423423,0.027777777777777776,0.0,,,30,rider,0.1,0.5,region_crc,mask2former_swinb_cityscapes,acdc_night_targetcal100,29
,,,0.9998948038126176,663,True,0.17378917378917377,0.1737891737891738,0.129229336977005,23.285714285714285,650.0,117,156.0,27.0,0.17307692307692307,0.07522167487684728,False,0.23423423423423423,0.027777777777777776,0.0,,,30,rider,0.1,0.5,heuristic,mask2former_swinb_cityscapes,acdc_night_targetcal100,29
,,,,-1,True,,0.8262108262108261,0.0004271717043593526,,,406,,,0.8333333333333334,,False,,,,,,30,rider,0.1,0.5,argmax,mask2former_swinb_cityscapes,acdc_night_targetcal100,29
,,,0.9994165548957262,539,True,0.2948717948717949,0.2948717948717949,0.0535600408911705,14.01231527093596,525.0,117,156.0,45.0,0.28846153846153844,0.1169458128078818,False,0.32432432432432434,0.25,0.0,,,30,rider,0.2,0.5,region_crc,mask2former_swinb_cityscapes,acdc_night_targetcal100,29
,,,0.9984864387515638,470,True,0.3660968660968661,0.3660968660968661,0.030951617285609245,9.036945812807883,450.0,117,156.0,58.0,0.3717948717948718,0.08443349753694579,False,0.44144144144144143,0.25,0.0,,,30,rider,0.2,0.5,heuristic,mask2former_swinb_cityscapes,acdc_night_targetcal100,29
,,,,-1,True,,0.8262108262108261,0.0004271717043593526,,,406,,,0.8333333333333334,,False,,,,,,30,rider,0.2,0.5,argmax,mask2former_swinb_cityscapes,acdc_night_targetcal100,29
,,,0.9999974414141131,932,True,0.009708737864077669,0.009708737864077669,0.6226006746292114,16.177339901477833,925.0,103,234.0,1.0,0.004273504273504274,0.07408866995073893,False,0.007352941176470588,0.0,0.0,,,30,bicycle,0.05,0.1,region_crc,mask2former_swinb_cityscapes,acdc_night_targetcal100,27
,,,0.9999898140861194,832,True,0.009708737864077669,0.009708737864077669,0.37382861971855164,26.879310344827587,825.0,103,234.0,1.0,0.004273504273504274,0.12541871921182268,False,0.007352941176470588,0.0,0.0,,,30,bicycle,0.05,0.1,heuristic,mask2former_swinb_cityscapes,acdc_night_targetcal100,27
,,,,-1,True,,0.795164894436739,0.0007564234547317028,,,406,,,0.7649572649572649,,False,,,,,,30,bicycle,0.05,0.1,argmax,mask2former_swinb_cityscapes,acdc_night_targetcal100,27
,,,0.9999898140861194,832,True,0.009708737864077669,0.009708737864077669,0.37382861971855164,26.879310344827587,825.0,103,234.0,1.0,0.004273504273504274,0.12541871921182268,False,0.007352941176470588,0.0,0.0,,,30,bicycle,0.1,0.1,region_crc,mask2former_swinb_cityscapes,acdc_night_targetcal100,27
,,,0.999974996546383,767,True,0.03398058252427184,0.03398058252427184,0.2415732741355896,30.08374384236453,750.0,103,234.0,5.0,0.021367521367521368,0.13896551724137934,False,0.03676470588235294,0.0,0.0,,,30,bicycle,0.1,0.1,heuristic,mask2former_swinb_cityscapes,acdc_night_targetcal100,27
,,,,-1,True,,0.795164894436739,0.0007564234547317028,,,406,,,0.7649572649572649,,False,,,,,,30,bicycle,0.1,0.1,argmax,mask2former_swinb_cityscapes,acdc_night_targetcal100,27
,,,0.9998493392933814,637,True,0.154461396208969,0.154461396208969,0.08730395883321762,21.91871921182266,625.0,103,234.0,31.0,0.13247863247863248,0.10241379310344823,False,0.22058823529411764,0.013513513513513514,0.0,,,30,bicycle,0.2,0.1,region_crc,mask2former_swinb_cityscapes,acdc_night_targetcal100,27
,,,0.9998493392933814,637,True,0.154461396208969,0.154461396208969,0.08730395883321762,21.91871921182266,625.0,103,234.0,31.0,0.13247863247863248,0.10241379310344823,False,0.22058823529411764,0.013513513513513514,0.0,,,30,bicycle,0.2,0.1,heuristic,mask2former_swinb_cityscapes,acdc_night_targetcal100,27
,,,,-1,True,,0.795164894436739,0.0007564234547317028,,,406,,,0.7649572649572649,,False,,,,,,30,bicycle,0.2,0.1,argmax,mask2former_swinb_cityscapes,acdc_night_targetcal100,27
,,,0.9999986448105876,978,True,0.0,0.0,0.7518229484558105,9.652709359605911,978.0,103,234.0,0.0,0.0,0.07625615763546795,False,0.0,0.0,0.0,,,30,bicycle,0.05,0.5,region_crc,mask2former_swinb_cityscapes,acdc_night_targetcal100,27
,,,0.9999952356901319,887,True,0.019417475728155338,0.019417475728155338,0.5063686966896057,21.950738916256157,875.0,103,234.0,2.0,0.008547008547008548,0.13133004926108371,False,0.014705882352941176,0.0,0.0,,,30,bicycle,0.05,0.5,heuristic,mask2former_swinb_cityscapes,acdc_night_targetcal100,27
,,,,-1,True,,0.8618007397133609,0.0007564234547317028,,,406,,,0.8376068376068376,,False,,,,,,30,bicycle,0.05,0.5,argmax,mask2former_swinb_cityscapes,acdc_night_targetcal100,27
,,,0.9999942983572772,874,True,0.021035598705501618,0.02103559870550162,0.47287634015083313,24.396551724137932,850.0,103,234.0,3.0,0.01282051282051282,0.13266009852216748,False,0.022058823529411766,0.0,0.0,,,30,bicycle,0.1,0.5,region_crc,mask2former_swinb_cityscapes,acdc_night_targetcal100,27
,,,0.9999908798916064,840,True,0.029935275080906147,0.02993527508090615,0.392740398645401,26.879310344827587,825.0,103,234.0,6.0,0.02564102564102564,0.1181773399014778,False,0.03676470588235294,0.013513513513513514,0.0,,,30,bicycle,0.1,0.5,heuristic,mask2former_swinb_cityscapes,acdc_night_targetcal100,27
,,,,-1,True,,0.8618007397133609,0.0007564234547317028,,,406,,,0.8376068376068376,,False,,,,,,30,bicycle,0.1,0.5,argmax,mask2former_swinb_cityscapes,acdc_night_targetcal100,27
,,,0.9999830175634754,795,True,0.03964401294498381,0.03964401294498383,0.2939435541629791,29.67487684729064,775.0,103,234.0,8.0,0.03418803418803419,0.12246305418719217,False,0.051470588235294115,0.013513513513513514,0.0,,,30,bicycle,0.2,0.5,region_crc,mask2former_swinb_cityscapes,acdc_night_targetcal100,27
,,,0.9999739384645,764,True,0.08310217290799814,0.08310217290799815,0.23696576058864594,30.08374384236453,750.0,103,234.0,15.0,0.0641025641025641,0.14359605911330048,False,0.10294117647058823,0.013513513513513514,0.0,,,30,bicycle,0.2,0.5,heuristic,mask2former_swinb_cityscapes,acdc_night_targetcal100,27
,,,,-1,True,,0.8618007397133609,0.0007564234547317028,,,406,,,0.8376068376068376,,False,,,,,,30,bicycle,0.2,0.5,argmax,mask2former_swinb_cityscapes,acdc_night_targetcal100,27
,,,0.9999874685882506,817,True,0.005076142131979695,0.005076142131979695,0.5277117490768433,21.226600985221676,800.0,197,677.0,4.0,0.005908419497784343,0.05384236453201971,False,0.008830022075055188,0.0,0.0,,,31,person,0.05,0.1,region_crc,mask2former_swinb_cityscapes,acdc_night_targetcal100,50
,,,0.9999058110403477,671,True,0.06311748741951788,0.06311748741951788,0.2414999157190323,29.054187192118228,650.0,197,677.0,39.0,0.05760709010339734,0.0757142857142857,False,0.07947019867549669,0.015384615384615385,0.0,,,31,person,0.05,0.1,heuristic,mask2former_swinb_cityscapes,acdc_night_targetcal100,50
,,,,-1,True,,0.5271574026650169,0.005072960630059242,,,406,,,0.5036927621861153,,False,,,,,,31,person,0.05,0.1,argmax,mask2former_swinb_cityscapes,acdc_night_targetcal100,50
,,,0.9998340413092562,630,True,0.07308545937987562,0.07308545937987562,0.1823003590106964,28.317733990147783,625.0,197,677.0,49.0,0.0723781388478582,0.07078817733990148,False,0.09933774834437085,0.020512820512820513,0.0,,,31,person,0.1,0.1,region_crc,mask2former_swinb_cityscapes,acdc_night_targetcal100,50
,,,0.9997958262055331,615,True,0.0766387588722614,0.0766387588722614,0.16428709030151367,27.135467980295566,600.0,197,677.0,53.0,0.07828655834564253,0.07980295566502463,False,0.10816777041942605,0.020512820512820513,0.0,,,31,person,0.1,0.1,heuristic,mask2former_swinb_cityscapes,acdc_night_targetcal100,50
,,,,-1,True,,0.5271574026650169,0.005072960630059242,,,406,,,0.5036927621861153,,False,,,,,,31,person,0.1,0.1,argmax,mask2former_swinb_cityscapes,acdc_night_targetcal100,50
,,,0.9952356901319458,387,True,0.23387788889057923,0.23387788889057926,0.037208277732133865,11.342364532019705,375.0,197,677.0,155.0,0.22895125553914328,0.04453201970443349,False,0.31788079470198677,0.05641025641025641,0.0,,,31,person,0.2,0.1,region_crc,mask2former_swinb_cityscapes,acdc_night_targetcal100,50
,,,0.9929854470158003,359,True,0.23955600941641553,0.23955600941641553,0.03063284046947956,10.12807881773399,350.0,197,677.0,161.0,0.2378138847858198,0.060886699507389175,False,0.33112582781456956,0.05641025641025641,0.0,,,31,person,0.2,0.1,heuristic,mask2former_swinb_cityscapes,acdc_night_targetcal100,50
,,,,-1,True,,0.5271574026650169,0.005072960630059242,,,406,,,0.5036927621861153,,False,,,,,,31,person,0.2,0.1,argmax,mask2former_swinb_cityscapes,acdc_night_targetcal100,50
,,,0.9999913702145223,844,True,0.010242929659173314,0.010242929659173314,0.5772189497947693,19.123152709359605,825.0,197,677.0,9.0,0.013293943870014771,0.06211822660098523,False,0.017660044150110375,0.005128205128205128,0.0,,,31,person,0.05,0.5,region_crc,mask2former_swinb_cityscapes,acdc_night_targetcal100,50
,,,0.9999435063025188,708,True,0.08200496626892566,0.08200496626892566,0.30479559302330017,28.177339901477833,700.0,197,677.0,51.0,0.07533234859675036,0.110935960591133,False,0.10375275938189846,0.020512820512820513,0.0,,,31,person,0.05,0.5,heuristic,mask2former_swinb_cityscapes,acdc_night_targetcal100,50
,,,,-1,True,,0.6039209239716854,0.005072960630059242,,,406,,,0.5834564254062038,,False,,,,,,31,person,0.05,0.5,argmax,mask2former_swinb_cityscapes,acdc_night_targetcal100,50
,,,0.9999045007413978,670,True,0.094828268178522,0.09482826817852198,0.23994584381580353,29.054187192118228,650.0,197,677.0,61.0,0.09010339734121123,0.0757142857142857,False,0.12582781456953643,0.020512820512820513,0.0,,,31,person,0.1,0.5,region_crc,mask2former_swinb_cityscapes,acdc_night_targetcal100,50
,,,0.9998669545582022,646,True,0.10514975718021403,0.10514975718021403,0.20379634201526642,28.317733990147783,625.0,197,677.0,66.0,0.09748892171344166,0.061083743842364535,False,0.1368653421633554,0.020512820512820513,0.0,,,31,person,0.1,0.5,heuristic,mask2former_swinb_cityscapes,acdc_night_targetcal100,50
,,,,-1,True,,0.6039209239716854,0.005072960630059242,,,406,,,0.5834564254062038,,False,,,,,,31,person,0.1,0.5,argmax,mask2former_swinb_cityscapes,acdc_night_targetcal100,50
,,,0.9984440343683949,468,True,0.22793649525883025,0.22793649525883028,0.06351341307163239,16.120689655172413,450.0,197,677.0,151.0,0.22304283604135894,0.060443349753694586,False,0.3068432671081678,0.05641025641025641,0.034482758620689655,,,31,person,0.2,0.5,region_crc,mask2former_swinb_cityscapes,acdc_night_targetcal100,50
,,,0.998085744074979,453,True,0.24052179489996747,0.24052179489996747,0.05800094082951546,16.120689655172413,450.0,197,677.0,159.0,0.23485967503692762,0.05581280788177334,False,0.32229580573951433,0.06153846153846154,0.034482758620689655,,,31,person,0.2,0.5,heuristic,mask2former_swinb_cityscapes,acdc_night_targetcal100,50
,,,,-1,True,,0.6039209239716854,0.005072960630059242,,,406,,,0.5834564254062038,,False,,,,,,31,person,0.2,0.5,argmax,mask2former_swinb_cityscapes,acdc_night_targetcal100,50
,,,0.9999735759124267,763,True,0.05694444444444444,0.05694444444444444,0.2655053734779358,27.42118226600985,750.0,120,157.0,8.0,0.050955414012738856,0.06763546798029563,False,0.06722689075630252,0.0,0.0,,,31,rider,0.05,0.1,region_crc,mask2former_swinb_cityscapes,acdc_night_targetcal100,26
,,,0.9999333193230786,696,True,0.09027777777777776,0.09027777777777776,0.15988656878471375,23.923645320197043,675.0,120,157.0,13.0,0.08280254777070063,0.07832512315270934,False,0.1092436974789916,0.0,0.0,,,31,rider,0.05,0.1,heuristic,mask2former_swinb_cityscapes,acdc_night_targetcal100,26
,,,,-1,True,,0.7638888888888888,0.00042523679439909756,,,406,,,0.7770700636942676,,False,,,,,,31,rider,0.05,0.1,argmax,mask2former_swinb_cityscapes,acdc_night_targetcal100,26
,,,0.9999202005312732,683,True,0.09444444444444443,0.09444444444444443,0.1458050012588501,23.923645320197043,675.0,120,157.0,14.0,0.08917197452229299,0.08123152709359607,False,0.11764705882352941,0.0,0.0,,,31,rider,0.1,0.1,region_crc,mask2former_swinb_cityscapes,acdc_night_targetcal100,26
,,,0.9998962471584182,664,True,0.1111111111111111,0.1111111111111111,0.1303321272134781,23.145320197044335,650.0,120,157.0,17.0,0.10828025477707007,0.0657142857142857,False,0.14285714285714285,0.0,0.0,,,31,rider,0.1,0.1,heuristic,mask2former_swinb_cityscapes,acdc_night_targetcal100,26
,,,,-1,True,,0.7638888888888888,0.00042523679439909756,,,406,,,0.7770700636942676,,False,,,,,,31,rider,0.1,0.1,argmax,mask2former_swinb_cityscapes,acdc_night_targetcal100,26
,,,0.9998872802543824,658,True,0.1111111111111111,0.1111111111111111,0.12527166306972504,23.145320197044335,650.0,120,157.0,17.0,0.10828025477707007,0.05320197044334973,False,0.14285714285714285,0.0,0.0,,,31,rider,0.2,0.1,region_crc,mask2former_swinb_cityscapes,acdc_night_targetcal100,26
,,,0.9998171899783858,623,True,0.14027777777777778,0.14027777777777778,0.09685373306274414,19.423645320197043,600.0,120,157.0,21.0,0.1337579617834395,0.07320197044334975,False,0.16806722689075632,0.03225806451612903,0.0,,,31,rider,0.2,0.1,heuristic,mask2former_swinb_cityscapes,acdc_night_targetcal100,26
,,,,-1,True,,0.7638888888888888,0.00042523679439909756,,,406,,,0.7770700636942676,,False,,,,,,31,rider,0.2,0.1,argmax,mask2former_swinb_cityscapes,acdc_night_targetcal100,26
,,,0.9999978021401272,943,True,0.01111111111111111,0.01111111111111111,0.655484676361084,13.413793103448276,925.0,120,157.0,2.0,0.012738853503184714,0.07098522167487685,False,0.01680672268907563,0.0,0.0,,,31,rider,0.05,0.5,region_crc,mask2former_swinb_cityscapes,acdc_night_targetcal100,26
,,,0.9999935434577096,865,True,0.02777777777777778,0.027777777777777776,0.48819699883461,21.37192118226601,850.0,120,157.0,4.0,0.025477707006369428,0.13532019704433496,False,0.03361344537815126,0.0,0.0,,,31,rider,0.05,0.5,heuristic,mask2former_swinb_cityscapes,acdc_night_targetcal100,26
,,,,-1,True,,0.8138888888888888,0.00042523679439909756,,,406,,,0.8280254777070064,,False,,,,,,31,rider,0.05,0.5,argmax,mask2former_swinb_cityscapes,acdc_night_targetcal100,26
,,,0.9999670390287823,747,True,0.09027777777777776,0.09027777777777776,0.23464111983776093,26.876847290640395,725.0,120,157.0,13.0,0.08280254777070063,0.058177339901477804,False,0.10084033613445378,0.03225806451612903,0.0,,,31,rider,0.1,0.5,region_crc,mask2former_swinb_cityscapes,acdc_night_targetcal100,26
,,,0.9999670390287823,747,True,0.09027777777777776,0.09027777777777776,0.23464111983776093,26.876847290640395,725.0,120,157.0,13.0,0.08280254777070063,0.058177339901477804,False,0.10084033613445378,0.03225806451612903,0.0,,,31,rider,0.1,0.5,heuristic,mask2former_swinb_cityscapes,acdc_night_targetcal100,26
,,,,-1,True,,0.8138888888888888,0.00042523679439909756,,,406,,,0.8280254777070064,,False,,,,,,31,rider,0.1,0.5,argmax,mask2former_swinb_cityscapes,acdc_night_targetcal100,26
,,,0.999950111551254,717,True,0.09861111111111111,0.09861111111111111,0.18837802112102509,25.738916256157637,700.0,120,157.0,15.0,0.09554140127388536,0.04802955665024633,False,0.11764705882352941,0.03225806451612903,0.0,,,31,rider,0.2,0.5,region_crc,mask2former_swinb_cityscapes,acdc_night_targetcal100,26
,,,0.9999314511773547,694,True,0.10694444444444444,0.10694444444444444,0.157767653465271,23.923645320197043,675.0,120,157.0,16.0,0.10191082802547771,0.08078817733990146,False,0.12605042016806722,0.03225806451612903,0.0,,,31,rider,0.2,0.5,heuristic,mask2former_swinb_cityscapes,acdc_night_targetcal100,26
,,,,-1,True,,0.8138888888888888,0.00042523679439909756,,,406,,,0.8280254777070064,,False,,,,,,31,rider,0.2,0.5,argmax,mask2former_swinb_cityscapes,acdc_night_targetcal100,26
,,,0.9999810329407879,787,True,0.044753086419753084,0.044753086419753084,0.2842326760292053,29.248768472906406,775.0,108,232.0,8.0,0.034482758620689655,0.08266009852216749,False,0.05970149253731343,0.0,0.0,,,31,bicycle,0.05,0.1,region_crc,mask2former_swinb_cityscapes,acdc_night_targetcal100,22
,,,0.999974996546383,767,True,0.04938271604938271,0.04938271604938271,0.24576008319854736,29.48768472906404,750.0,108,232.0,9.0,0.03879310344827586,0.06512315270935959,False,0.06716417910447761,0.0,0.0,,,31,bicycle,0.05,0.1,heuristic,mask2former_swinb_cityscapes,acdc_night_targetcal100,22
,,,,-1,True,,0.8545708406819517,0.00047034406452439725,,,406,,,0.8232758620689655,,False,,,,,,31,bicycle,0.05,0.1,argmax,mask2former_swinb_cityscapes,acdc_night_targetcal100,22
,,,0.9999708928288193,756,True,0.05533509700176367,0.05533509700176367,0.22722400724887848,29.48768472906404,750.0,108,232.0,11.0,0.04741379310344827,0.08886699507389162,False,0.08208955223880597,0.0,0.0,,,31,bicycle,0.1,0.1,region_crc,mask2former_swinb_cityscapes,acdc_night_targetcal100,22
,,,0.9998903521803857,660,True,0.1496252204585538,0.14962522045855378,0.10908319801092148,24.374384236453203,650.0,108,232.0,31.0,0.1336206896551724,0.07812807881773398,False,0.208955223880597,0.03896103896103896,0.0,,,31,bicycle,0.1,0.1,heuristic,mask2former_swinb_cityscapes,acdc_night_targetcal100,22
,,,,-1,True,,0.8545708406819517,0.00047034406452439725,,,406,,,0.8232758620689655,,False,,,,,,31,bicycle,0.1,0.1,argmax,mask2former_swinb_cityscapes,acdc_night_targetcal100,22
,,,0.9996866714275684,584,True,0.2663359788359788,0.26633597883597887,0.05699499696493149,18.261083743842363,575.0,108,232.0,51.0,0.21982758620689655,0.10522167487684729,False,0.3283582089552239,0.09090909090909091,0.0,,,31,bicycle,0.2,0.1,region_crc,mask2former_swinb_cityscapes,acdc_night_targetcal100,22
,,,0.999659591810299,578,True,0.2663359788359788,0.26633597883597887,0.05440870672464371,18.261083743842363,575.0,108,232.0,51.0,0.21982758620689655,0.11320197044334979,False,0.3283582089552239,0.09090909090909091,0.0,,,31,bicycle,0.2,0.1,heuristic,mask2former_swinb_cityscapes,acdc_night_targetcal100,22
,,,,-1,True,,0.8545708406819517,0.00047034406452439725,,,406,,,0.8232758620689655,,False,,,,,,31,bicycle,0.2,0.1,argmax,mask2former_swinb_cityscapes,acdc_night_targetcal100,22
,,,0.9999952356901319,887,True,0.023148148148148147,0.023148148148148147,0.5135725140571594,21.608374384236452,875.0,108,232.0,3.0,0.01293103448275862,0.06802955665024632,False,0.022388059701492536,0.0,0.0,,,31,bicycle,0.05,0.5,region_crc,mask2former_swinb_cityscapes,acdc_night_targetcal100,22
,,,0.9999830175634754,795,True,0.07021604938271606,0.07021604938271604,0.2990162670612335,29.248768472906406,775.0,108,232.0,15.0,0.06465517241379311,0.07758620689655171,False,0.08955223880597014,0.03896103896103896,0.0,,,31,bicycle,0.05,0.5,heuristic,mask2former_swinb_cityscapes,acdc_night_targetcal100,22
,,,,-1,True,,0.907010582010582,0.00047034406452439725,,,406,,,0.8879310344827587,,False,,,,,,31,bicycle,0.05,0.5,argmax,mask2former_swinb_cityscapes,acdc_night_targetcal100,22
,,,0.9999796764298906,782,True,0.08873456790123457,0.08873456790123456,0.27490243315696716,29.248768472906406,775.0,108,232.0,17.0,0.07327586206896551,0.08004926108374383,False,0.1044776119402985,0.03896103896103896,0.0,,,31,bicycle,0.1,0.5,region_crc,mask2former_swinb_cityscapes,acdc_night_targetcal100,22
,,,0.9999450459126142,710,True,0.18203262786596122,0.1820326278659612,0.16057544946670532,27.411330049261085,700.0,108,232.0,34.0,0.14655172413793102,0.0624137931034483,False,0.21641791044776118,0.06493506493506493,0.0,,,31,bicycle,0.1,0.5,heuristic,mask2former_swinb_cityscapes,acdc_night_targetcal100,22
,,,,-1,True,,0.907010582010582,0.00047034406452439725,,,406,,,0.8879310344827587,,False,,,,,,31,bicycle,0.1,0.5,argmax,mask2former_swinb_cityscapes,acdc_night_targetcal100,22
,,,0.9999004594582649,667,True,0.21289682539682542,0.21289682539682542,0.11475322395563126,24.374384236453203,650.0,108,232.0,40.0,0.1724137931034483,0.07290640394088671,False,0.2537313432835821,0.07792207792207792,0.0,,,31,bicycle,0.2,0.5,region_crc,mask2former_swinb_cityscapes,acdc_night_targetcal100,22
,,,0.9998451183381087,635,True,0.2515652557319224,0.2515652557319224,0.08704490959644318,22.039408866995075,625.0,108,232.0,49.0,0.21120689655172414,0.0952216748768473,False,0.29850746268656714,0.1038961038961039,0.047619047619047616,,,31,bicycle,0.2,0.5,heuristic,mask2former_swinb_cityscapes,acdc_night_targetcal100,22
,,,,-1,True,,0.907010582010582,0.00047034406452439725,,,406,,,0.8879310344827587,,False,,,,,,31,bicycle,0.2,0.5,argmax,mask2former_swinb_cityscapes,acdc_night_targetcal100,22
,,,0.9999487138616009,715,True,0.04413687686883563,0.04413687686883563,0.320088267326355,28.38177339901478,700.0,194,678.0,23.0,0.03392330383480826,0.09581280788177338,False,0.04525862068965517,0.0106951871657754,0.0,,,32,person,0.05,0.1,region_crc,mask2former_swinb_cityscapes,acdc_night_targetcal100,53
,,,0.9999004594582649,667,True,0.06880885437586468,0.0688088543758647,0.23647819459438324,29.541871921182267,650.0,194,678.0,38.0,0.05604719764011799,0.09004926108374389,False,0.07327586206896551,0.0213903743315508,0.0,,,32,person,0.05,0.1,heuristic,mask2former_swinb_cityscapes,acdc_night_targetcal100,53
,,,,-1,True,,0.4782919829311582,0.00534482765942812,,,406,,,0.4616519174041298,,False,,,,,,32,person,0.05,0.1,argmax,mask2former_swinb_cityscapes,acdc_night_targetcal100,53
,,,0.9997345394438024,596,True,0.09424063908599992,0.0942406390859999,0.14552953839302063,25.05665024630542,575.0,194,678.0,56.0,0.08259587020648967,0.07743842364532016,False,0.10991379310344827,0.026737967914438502,0.0,,,32,person,0.1,0.1,region_crc,mask2former_swinb_cityscapes,acdc_night_targetcal100,53
,,,0.9996402506648443,574,True,0.10372595617440977,0.10372595617440977,0.1274767369031906,23.63054187192118,550.0,194,678.0,66.0,0.09734513274336283,0.09172413793103446,False,0.1314655172413793,0.026737967914438502,0.0,,,32,person,0.1,0.1,heuristic,mask2former_swinb_cityscapes,acdc_night_targetcal100,53
,,,,-1,True,,0.4782919829311582,0.00534482765942812,,,406,,,0.4616519174041298,,False,,,,,,32,person,0.1,0.1,argmax,mask2former_swinb_cityscapes,acdc_night_targetcal100,53
,,,0.9986817432614435,480,True,0.1557747235582287,0.1557747235582287,0.06810032576322556,17.438423645320196,475.0,194,678.0,106.0,0.15634218289085547,0.09093596059113301,False,0.21551724137931033,0.03208556149732621,0.0,,,32,person,0.2,0.1,region_crc,mask2former_swinb_cityscapes,acdc_night_targetcal100,53
,,,0.9985478883824123,473,True,0.1635066823211153,0.1635066823211153,0.06547821313142776,15.869458128078819,450.0,194,678.0,110.0,0.16224188790560473,0.09093596059113301,False,0.22198275862068967,0.0374331550802139,0.0,,,32,person,0.2,0.1,heuristic,mask2former_swinb_cityscapes,acdc_night_targetcal100,53
,,,,-1,True,,0.4782919829311582,0.00534482765942812,,,406,,,0.4616519174041298,,False,,,,,,32,person,0.2,0.1,argmax,mask2former_swinb_cityscapes,acdc_night_targetcal100,53
,,,0.9999712921941798,757,True,0.04778807961797653,0.04778807961797653,0.40189146995544434,25.76847290640394,750.0,194,678.0,29.0,0.04277286135693215,0.09827586206896555,False,0.05387931034482758,0.0213903743315508,0.0,,,32,person,0.05,0.5,region_crc,mask2former_swinb_cityscapes,acdc_night_targetcal100,53
,,,0.9999631871026358,739,True,0.05815593341366537,0.05815593341366537,0.36394375562667847,27.527093596059114,725.0,194,678.0,35.0,0.051622418879056046,0.09073891625615765,False,0.0668103448275862,0.0213903743315508,0.0,,,32,person,0.05,0.5,heuristic,mask2former_swinb_cityscapes,acdc_night_targetcal100,53
,,,,-1,True,,0.5672313225148277,0.00534482765942812,,,406,,,0.5545722713864307,,False,,,,,,32,person,0.05,0.5,argmax,mask2former_swinb_cityscapes,acdc_night_targetcal100,53
,,,0.9999465435640603,712,True,0.0707379390369081,0.07073793903690812,0.31407642364501953,28.38177339901478,700.0,194,678.0,43.0,0.06342182890855458,0.09088669950738915,False,0.08189655172413793,0.026737967914438502,0.0,,,32,person,0.1,0.5,region_crc,mask2former_swinb_cityscapes,acdc_night_targetcal100,53
,,,0.9999004594582649,667,True,0.0930339849154282,0.0930339849154282,0.23647819459438324,29.541871921182267,650.0,194,678.0,57.0,0.084070796460177,0.09004926108374389,False,0.11206896551724138,0.026737967914438502,0.0,,,32,person,0.1,0.5,heuristic,mask2former_swinb_cityscapes,acdc_night_targetcal100,53
,,,,-1,True,,0.5672313225148277,0.00534482765942812,,,406,,,0.5545722713864307,,False,,,,,,32,person,0.1,0.5,argmax,mask2former_swinb_cityscapes,acdc_night_targetcal100,53
,,,0.9996909704567486,585,True,0.13105986224542926,0.13105986224542923,0.13594941794872284,25.05665024630542,575.0,194,678.0,87.0,0.12831858407079647,0.091871921182266,False,0.17456896551724138,0.03208556149732621,0.0,,,32,person,0.2,0.5,region_crc,mask2former_swinb_cityscapes,acdc_night_targetcal100,53
,,,0.9996909704567486,585,True,0.13105986224542926,0.13105986224542923,0.13594941794872284,25.05665024630542,575.0,194,678.0,87.0,0.12831858407079647,0.091871921182266,False,0.17456896551724138,0.03208556149732621,0.0,,,32,person,0.2,0.5,heuristic,mask2former_swinb_cityscapes,acdc_night_targetcal100,53
,,,,-1,True,,0.5672313225148277,0.00534482765942812,,,406,,,0.5545722713864307,,False,,,,,,32,person,0.2,0.5,argmax,mask2former_swinb_cityscapes,acdc_night_targetcal100,53
,,,0.9999651662684964,743,True,0.07507507507507506,0.07507507507507506,0.22987771034240723,26.798029556650246,725.0,111,152.0,10.0,0.06578947368421052,0.09788177339901483,False,0.08849557522123894,0.0,0.0,,,32,rider,0.05,0.1,region_crc,mask2former_swinb_cityscapes,acdc_night_targetcal100,35
,,,0.9999402964713416,704,True,0.08858858858858858,0.08858858858858858,0.1710738241672516,25.751231527093594,700.0,111,152.0,13.0,0.08552631578947369,0.07502463054187192,False,0.11504424778761062,0.0,0.0,,,32,rider,0.05,0.1,heuristic,mask2former_swinb_cityscapes,acdc_night_targetcal100,35
,,,,-1,True,,0.8078078078078077,0.000356132019078359,,,406,,,0.8092105263157895,,False,,,,,,32,rider,0.05,0.1,argmax,mask2former_swinb_cityscapes,acdc_night_targetcal100,35
,,,0.9999202005312732,683,True,0.09759759759759759,0.09759759759759759,0.1488024890422821,23.839901477832512,675.0,111,152.0,15.0,0.09868421052631579,0.07364532019704428,False,0.13274336283185842,0.0,0.0,,,32,rider,0.1,0.1,region_crc,mask2former_swinb_cityscapes,acdc_night_targetcal100,35
,,,0.9997986275750138,616,True,0.16966966966966965,0.1696696696696697,0.09433242678642273,19.588669950738915,600.0,111,152.0,25.0,0.16447368421052633,0.06354679802955665,False,0.22123893805309736,0.0,0.0,,,32,rider,0.1,0.1,heuristic,mask2former_swinb_cityscapes,acdc_night_targetcal100,35
,,,,-1,True,,0.8078078078078077,0.000356132019078359,,,406,,,0.8092105263157895,,False,,,,,,32,rider,0.1,0.1,argmax,mask2former_swinb_cityscapes,acdc_night_targetcal100,35
,,,0.9996866714275684,584,True,0.18768768768768768,0.1876876876876877,0.07360638678073883,17.73152709359606,575.0,111,152.0,27.0,0.17763157894736842,0.08556650246305422,False,0.23893805309734514,0.0,0.0,,,32,rider,0.2,0.1,region_crc,mask2former_swinb_cityscapes,acdc_night_targetcal100,35
,,,0.9992201698894767,518,True,0.24174174174174176,0.24174174174174173,0.04490027576684952,12.475369458128078,500.0,111,152.0,36.0,0.23684210526315788,0.0866995073891626,False,0.2920353982300885,0.09090909090909091,0.0,,,32,rider,0.2,0.1,heuristic,mask2former_swinb_cityscapes,acdc_night_targetcal100,35
,,,,-1,True,,0.8078078078078077,0.000356132019078359,,,406,,,0.8092105263157895,,False,,,,,,32,rider,0.2,0.1,argmax,mask2former_swinb_cityscapes,acdc_night_targetcal100,35
,,,0.9999815498458082,789,True,0.08408408408408408,0.08408408408408409,0.31647464632987976,27.15270935960591,775.0,111,152.0,11.0,0.07236842105263158,0.0984236453201971,False,0.09734513274336283,0.0,0.0,,,32,rider,0.05,0.5,region_crc,mask2former_swinb_cityscapes,acdc_night_targetcal100,35
,,,0.999950111551254,717,True,0.12462462462462462,0.12462462462462463,0.18979384005069733,25.751231527093594,700.0,111,152.0,18.0,0.11842105263157894,0.08832512315270935,False,0.1592920353982301,0.0,0.0,,,32,rider,0.05,0.5,heuristic,mask2former_swinb_cityscapes,acdc_night_targetcal100,35
,,,,-1,True,,0.8618618618618618,0.000356132019078359,,,406,,,0.8618421052631579,,False,,,,,,32,rider,0.05,0.5,argmax,mask2former_swinb_cityscapes,acdc_night_targetcal100,35
,,,0.9999472770138578,713,True,0.12462462462462462,0.12462462462462463,0.1842431277036667,25.751231527093594,700.0,111,152.0,18.0,0.11842105263157894,0.08325123152709368,False,0.1592920353982301,0.0,0.0,,,32,rider,0.1,0.5,region_crc,mask2former_swinb_cityscapes,acdc_night_targetcal100,35
,,,0.999893340387877,662,True,0.17867867867867868,0.1786786786786787,0.13110017776489258,22.945812807881772,650.0,111,152.0,26.0,0.17105263157894737,0.06413793103448273,False,0.23008849557522124,0.0,0.0,,,32,rider,0.1,0.5,heuristic,mask2former_swinb_cityscapes,acdc_night_targetcal100,35
,,,,-1,True,,0.8618618618618618,0.000356132019078359,,,406,,,0.8618421052631579,,False,,,,,,32,rider,0.1,0.5,argmax,mask2former_swinb_cityscapes,acdc_night_targetcal100,35
,,,0.9998246119498159,626,True,0.22822822822822822,0.22822822822822822,0.10162681341171265,21.211822660098523,625.0,111,152.0,32.0,0.21052631578947367,0.054581280788177367,False,0.26548672566371684,0.06060606060606061,0.0,,,32,rider,0.2,0.5,region_crc,mask2former_swinb_cityscapes,acdc_night_targetcal100,35
,,,0.9996778931208716,582,True,0.24924924924924924,0.24924924924924924,0.07267408818006516,17.73152709359606,575.0,111,152.0,36.0,0.23684210526315788,0.08556650246305422,False,0.2743362831858407,0.15151515151515152,0.0,,,32,rider,0.2,0.5,heuristic,mask2former_swinb_cityscapes,acdc_night_targetcal100,35
,,,,-1,True,,0.8618618618618618,0.000356132019078359,,,406,,,0.8618421052631579,,False,,,,,,32,rider,0.2,0.5,argmax,mask2former_swinb_cityscapes,acdc_night_targetcal100,35
,,,0.9999704879077334,755,True,0.0711996336996337,0.0711996336996337,0.2294756919145584,30.029556650246306,750.0,104,241.0,15.0,0.06224066390041494,0.0842857142857143,False,0.09420289855072464,0.02631578947368421,0.0,,,32,bicycle,0.05,0.1,region_crc,mask2former_swinb_cityscapes,acdc_night_targetcal100,26
,,,0.9999610954855006,735,True,0.08978937728937729,0.08978937728937729,0.1988181322813034,29.460591133004925,725.0,104,241.0,21.0,0.08713692946058091,0.07891625615763548,False,0.13043478260869565,0.039473684210526314,0.0,,,32,bicycle,0.05,0.1,heuristic,mask2former_swinb_cityscapes,acdc_night_targetcal100,26
,,,,-1,True,,0.8131601037851037,0.0006928159855306149,,,406,,,0.8008298755186722,,False,,,,,,32,bicycle,0.05,0.1,argmax,mask2former_swinb_cityscapes,acdc_night_targetcal100,26
,,,0.9998962471584182,664,True,0.15606684981684982,0.15606684981684982,0.11210495978593826,24.38177339901478,650.0,104,241.0,34.0,0.14107883817427386,0.07921182266009852,False,0.21014492753623187,0.06578947368421052,0.0,,,32,bicycle,0.1,0.1,region_crc,mask2former_swinb_cityscapes,acdc_night_targetcal100,26
,,,0.9998493392933814,637,True,0.1766712454212454,0.1766712454212454,0.08857337385416031,22.03448275862069,625.0,104,241.0,40.0,0.16597510373443983,0.07605911330049261,False,0.2536231884057971,0.06578947368421052,0.0,,,32,bicycle,0.1,0.1,heuristic,mask2former_swinb_cityscapes,acdc_night_targetcal100,26
,,,,-1,True,,0.8131601037851037,0.0006928159855306149,,,406,,,0.8008298755186722,,False,,,,,,32,bicycle,0.1,0.1,argmax,mask2former_swinb_cityscapes,acdc_night_targetcal100,26
,,,0.999748811356849,600,True,0.20780677655677654,0.20780677655677654,0.06394380331039429,20.44334975369458,600.0,104,241.0,48.0,0.1991701244813278,0.08334975369458131,False,0.30434782608695654,0.07894736842105263,0.0,,,32,bicycle,0.2,0.1,region_crc,mask2former_swinb_cityscapes,acdc_night_targetcal100,26
,,,0.999738181699178,597,True,0.20780677655677654,0.20780677655677654,0.06231607869267464,18.002463054187192,575.0,104,241.0,48.0,0.1991701244813278,0.08118226600985218,False,0.30434782608695654,0.07894736842105263,0.0,,,32,bicycle,0.2,0.1,heuristic,mask2former_swinb_cityscapes,acdc_night_targetcal100,26
,,,,-1,True,,0.8131601037851037,0.0006928159855306149,,,406,,,0.8008298755186722,,False,,,,,,32,bicycle,0.2,0.1,argmax,mask2former_swinb_cityscapes,acdc_night_targetcal100,26
,,,0.9999881423125183,821,True,0.0644459706959707,0.0644459706959707,0.3585159182548523,28.657635467980295,800.0,104,241.0,14.0,0.058091286307053944,0.06660098522167479,False,0.08695652173913043,0.02631578947368421,0.0,,,32,bicycle,0.05,0.5,region_crc,mask2former_swinb_cityscapes,acdc_night_targetcal100,26
,,,0.999971686080042,758,True,0.1364239926739927,0.13642399267399266,0.234736368060112,30.029556650246306,750.0,104,241.0,27.0,0.11203319502074689,0.08182266009852215,False,0.15217391304347827,0.07894736842105263,0.0,,,32,bicycle,0.05,0.5,heuristic,mask2former_swinb_cityscapes,acdc_night_targetcal100,26
,,,,-1,True,,0.8721039377289378,0.0006928159855306149,,,406,,,0.8589211618257261,,False,,,,,,32,bicycle,0.05,0.5,argmax,mask2former_swinb_cityscapes,acdc_night_targetcal100,26
,,,0.999971686080042,758,True,0.1364239926739927,0.13642399267399266,0.234736368060112,30.029556650246306,750.0,104,241.0,27.0,0.11203319502074689,0.08182266009852215,False,0.15217391304347827,0.07894736842105263,0.0,,,32,bicycle,0.1,0.5,region_crc,mask2former_swinb_cityscapes,acdc_night_targetcal100,26
,,,0.9999045007413978,670,True,0.2121565934065934,0.2121565934065934,0.11696672439575195,24.38177339901478,650.0,104,241.0,45.0,0.18672199170124482,0.0719704433497537,False,0.2608695652173913,0.10526315789473684,0.037037037037037035,,,32,bicycle,0.1,0.5,heuristic,mask2former_swinb_cityscapes,acdc_night_targetcal100,26
,,,,-1,True,,0.8721039377289378,0.0006928159855306149,,,406,,,0.8589211618257261,,False,,,,,,32,bicycle,0.1,0.5,argmax,mask2former_swinb_cityscapes,acdc_night_targetcal100,26
,,,0.9998270183640785,627,True,0.2735119047619048,0.2735119047619048,0.08103172481060028,22.03448275862069,625.0,104,241.0,61.0,0.25311203319502074,0.07620689655172415,False,0.35507246376811596,0.13157894736842105,0.07407407407407407,,,32,bicycle,0.2,0.5,region_crc,mask2former_swinb_cityscapes,acdc_night_targetcal100,26
,,,0.9997901060116376,613,True,0.2764880952380952,0.2764880952380952,0.07251201570034027,20.44334975369458,600.0,104,241.0,63.0,0.26141078838174275,0.07620689655172415,False,0.3695652173913043,0.13157894736842105,0.07407407407407407,,,32,bicycle,0.2,0.5,heuristic,mask2former_swinb_cityscapes,acdc_night_targetcal100,26
,,,,-1,True,,0.8721039377289378,0.0006928159855306149,,,406,,,0.8589211618257261,,False,,,,,,32,bicycle,0.2,0.5,argmax,mask2former_swinb_cityscapes,acdc_night_targetcal100,26
,,,0.9999465435640603,712,True,0.045665256460711,0.045665256460711,0.3108423948287964,28.980295566502463,700.0,198,682.0,26.0,0.03812316715542522,0.06231527093596062,False,0.052060737527114966,0.010582010582010581,0.0,,,33,person,0.05,0.1,region_crc,mask2former_swinb_cityscapes,acdc_night_targetcal100,49
,,,0.9999411156344644,705,True,0.045665256460711,0.045665256460711,0.2996388375759125,28.980295566502463,700.0,198,682.0,26.0,0.03812316715542522,0.07231527093596063,False,0.052060737527114966,0.010582010582010581,0.0,,,33,person,0.05,0.1,heuristic,mask2former_swinb_cityscapes,acdc_night_targetcal100,49
,,,,-1,True,,0.48312421304845543,0.005540741607546806,,,406,,,0.4750733137829912,,False,,,,,,33,person,0.05,0.1,argmax,mask2former_swinb_cityscapes,acdc_night_targetcal100,49
,,,0.9999004594582649,667,True,0.0618230464821374,0.061823046482137385,0.23367974162101746,29.93103448275862,650.0,198,682.0,36.0,0.05278592375366569,0.07679802955665027,False,0.06941431670281996,0.021164021164021163,0.0,,,33,person,0.1,0.1,region_crc,mask2former_swinb_cityscapes,acdc_night_targetcal100,49
,,,0.9998472433941762,636,True,0.06740565831474923,0.06740565831474923,0.18884509801864624,28.74137931034483,625.0,198,682.0,42.0,0.06158357771260997,0.09014778325123152,False,0.0824295010845987,0.021164021164021163,0.0,,,33,person,0.1,0.1,heuristic,mask2former_swinb_cityscapes,acdc_night_targetcal100,49
,,,,-1,True,,0.48312421304845543,0.005540741607546806,,,406,,,0.4750733137829912,,False,,,,,,33,person,0.1,0.1,argmax,mask2former_swinb_cityscapes,acdc_night_targetcal100,49
,,,0.9991409864784946,511,True,0.1365042575269848,0.1365042575269848,0.08239679038524628,19.810344827586206,500.0,198,682.0,92.0,0.1348973607038123,0.08320197044334976,False,0.19088937093275488,0.021164021164021163,0.0,,,33,person,0.2,0.1,region_crc,mask2former_swinb_cityscapes,acdc_night_targetcal100,49
,,,0.9986817432614435,480,True,0.15387316807771353,0.15387316807771353,0.06736155599355698,17.830049261083744,475.0,198,682.0,103.0,0.15102639296187684,0.1067980295566503,False,0.21258134490238612,0.026455026455026454,0.0,,,33,person,0.2,0.1,heuristic,mask2former_swinb_cityscapes,acdc_night_targetcal100,49
,,,,-1,True,,0.48312421304845543,0.005540741607546806,,,406,,,0.4750733137829912,,False,,,,,,33,person,0.2,0.1,argmax,mask2former_swinb_cityscapes,acdc_night_targetcal100,49
,,,0.9999760116708099,770,True,0.0450779439415803,0.0450779439415803,0.43183478713035583,26.795566502463053,750.0,198,682.0,26.0,0.03812316715542522,0.08630541871921182,False,0.049891540130151846,0.015873015873015872,0.0,,,33,person,0.05,0.5,region_crc,mask2former_swinb_cityscapes,acdc_night_targetcal100,49
,,,0.999958313061653,730,True,0.062496447155538065,0.06249644715553806,0.3435523211956024,28.45566502463054,725.0,198,682.0,39.0,0.05718475073313783,0.06945812807881774,False,0.07809110629067245,0.015873015873015872,0.0,,,33,person,0.05,0.5,heuristic,mask2former_swinb_cityscapes,acdc_night_targetcal100,49
,,,,-1,True,,0.5788143954810622,0.005540741607546806,,,406,,,0.5689149560117303,,False,,,,,,33,person,0.05,0.5,argmax,mask2former_swinb_cityscapes,acdc_night_targetcal100,49
,,,0.999950111551254,717,True,0.06564918667191394,0.06564918667191394,0.32049888372421265,28.980295566502463,700.0,198,682.0,42.0,0.06158357771260997,0.0693103448275862,False,0.0824295010845987,0.021164021164021163,0.0,,,33,person,0.1,0.5,region_crc,mask2former_swinb_cityscapes,acdc_night_targetcal100,49
,,,0.999901825205698,668,True,0.09214548078184442,0.09214548078184442,0.23517146706581116,29.93103448275862,650.0,198,682.0,57.0,0.08357771260997067,0.07679802955665027,False,0.11496746203904555,0.021164021164021163,0.0,,,33,person,0.1,0.5,heuristic,mask2former_swinb_cityscapes,acdc_night_targetcal100,49
,,,,-1,True,,0.5788143954810622,0.005540741607546806,,,406,,,0.5689149560117303,,False,,,,,,33,person,0.1,0.5,argmax,mask2former_swinb_cityscapes,acdc_night_targetcal100,49
,,,0.9997271022217192,594,True,0.12503498185316367,0.1250349818531637,0.14167077839374542,24.92118226600985,575.0,198,682.0,80.0,0.11730205278592376,0.10305418719211823,False,0.1648590021691974,0.021164021164021163,0.0,,,33,person,0.2,0.5,region_crc,mask2former_swinb_cityscapes,acdc_night_targetcal100,49
,,,0.9995322648587128,555,True,0.16666621117378694,0.16666621117378694,0.11053715646266937,23.736453201970445,550.0,198,682.0,107.0,0.15689149560117302,0.08433497536945816,False,0.21475054229934923,0.042328042328042326,0.0,,,33,person,0.2,0.5,heuristic,mask2former_swinb_cityscapes,acdc_night_targetcal100,49
,,,,-1,True,,0.5788143954810622,0.005540741607546806,,,406,,,0.5689149560117303,,False,,,,,,33,person,0.2,0.5,argmax,mask2former_swinb_cityscapes,acdc_night_targetcal100,49
,,,0.999989383044428,829,True,0.02421652421652422,0.024216524216524215,0.39687579870224,24.0935960591133,825.0,117,157.0,4.0,0.025477707006369428,0.09512315270935967,False,0.03361344537815126,0.0,0.0,,,33,rider,0.05,0.1,region_crc,mask2former_swinb_cityscapes,acdc_night_targetcal100,29
,,,0.9999827813142501,794,True,0.03276353276353276,0.03276353276353276,0.3185301423072815,27.79310344827586,775.0,117,157.0,5.0,0.03184713375796178,0.1071428571428572,False,0.04201680672268908,0.0,0.0,,,33,rider,0.05,0.1,heuristic,mask2former_swinb_cityscapes,acdc_night_targetcal100,29
,,,,-1,True,,0.8005698005698005,0.0003557126910891384,,,406,,,0.8152866242038217,,False,,,,,,33,rider,0.05,0.1,argmax,mask2former_swinb_cityscapes,acdc_night_targetcal100,29
,,,0.9999605542697925,734,True,0.06267806267806268,0.06267806267806268,0.20897842943668365,27.147783251231527,725.0,117,157.0,9.0,0.05732484076433121,0.07192118226600985,False,0.07563025210084033,0.0,0.0,,,33,rider,0.1,0.1,region_crc,mask2former_swinb_cityscapes,acdc_night_targetcal100,29
,,,0.9998613244171128,643,True,0.15669515669515668,0.15669515669515668,0.11056920886039734,21.211822660098523,625.0,117,157.0,24.0,0.15286624203821655,0.07394088669950738,False,0.20168067226890757,0.0,0.0,,,33,rider,0.1,0.1,heuristic,mask2former_swinb_cityscapes,acdc_night_targetcal100,29
,,,,-1,True,,0.8005698005698005,0.0003557126910891384,,,406,,,0.8152866242038217,,False,,,,,,33,rider,0.1,0.1,argmax,mask2former_swinb_cityscapes,acdc_night_targetcal100,29
,,,0.9983327527874489,463,True,0.30626780626780625,0.30626780626780625,0.02735983580350876,9.098522167487685,450.0,117,157.0,48.0,0.3057324840764331,0.11640394088669948,False,0.3697478991596639,0.12903225806451613,0.0,,,33,rider,0.2,0.1,region_crc,mask2former_swinb_cityscapes,acdc_night_targetcal100,29
,,,0.9968954404118716,418,True,0.3831908831908831,0.3831908831908831,0.016978977248072624,6.310344827586207,400.0,117,157.0,58.0,0.36942675159235666,0.07788177339901481,False,0.42857142857142855,0.22580645161290322,0.0,,,33,rider,0.2,0.1,heuristic,mask2former_swinb_cityscapes,acdc_night_targetcal100,29
,,,,-1,True,,0.8005698005698005,0.0003557126910891384,,,406,,,0.8152866242038217,,False,,,,,,33,rider,0.2,0.1,argmax,mask2former_swinb_cityscapes,acdc_night_targetcal100,29
,,,0.9999949649939122,883,True,0.024216524216524215,0.024216524216524215,0.5212798714637756,19.753694581280786,875.0,117,157.0,4.0,0.025477707006369428,0.11674876847290638,False,0.03361344537815126,0.0,0.0,,,33,rider,0.05,0.5,region_crc,mask2former_swinb_cityscapes,acdc_night_targetcal100,29
,,,0.9999930816902908,860,True,0.037037037037037035,0.037037037037037035,0.4686437249183655,22.26847290640394,850.0,117,157.0,6.0,0.03821656050955414,0.10108374384236452,False,0.05042016806722689,0.0,0.0,,,33,rider,0.05,0.5,heuristic,mask2former_swinb_cityscapes,acdc_night_targetcal100,29
,,,,-1,True,,0.8646723646723646,0.0003557126910891384,,,406,,,0.8789808917197452,,False,,,,,,33,rider,0.05,0.5,argmax,mask2former_swinb_cityscapes,acdc_night_targetcal100,29
,,,0.9999890855966355,827,True,0.04558404558404558,0.04558404558404558,0.392716646194458,24.0935960591133,825.0,117,157.0,7.0,0.044585987261146494,0.09034482758620688,False,0.058823529411764705,0.0,0.0,,,33,rider,0.1,0.5,region_crc,mask2former_swinb_cityscapes,acdc_night_targetcal100,29
,,,0.999971686080042,758,True,0.07977207977207976,0.07977207977207976,0.2514515817165375,28.01231527093596,750.0,117,157.0,11.0,0.07006369426751592,0.07482758620689656,False,0.09243697478991597,0.0,0.0,,,33,rider,0.1,0.5,heuristic,mask2former_swinb_cityscapes,acdc_night_targetcal100,29
,,,,-1,True,,0.8646723646723646,0.0003557126910891384,,,406,,,0.8789808917197452,,False,,,,,,33,rider,0.1,0.5,argmax,mask2former_swinb_cityscapes,acdc_night_targetcal100,29
,,,0.998913574376383,494,True,0.3447293447293447,0.3447293447293447,0.03538981452584267,10.913793103448276,475.0,117,157.0,54.0,0.34394904458598724,0.11724137931034478,False,0.40336134453781514,0.1935483870967742,0.0,,,33,rider,0.2,0.5,region_crc,mask2former_swinb_cityscapes,acdc_night_targetcal100,29
,,,0.9986634044834536,479,True,0.35327635327635326,0.35327635327635326,0.0313277468085289,10.913793103448276,475.0,117,157.0,55.0,0.3503184713375796,0.11610837438423649,False,0.4117647058823529,0.1935483870967742,0.0,,,33,rider,0.2,0.5,heuristic,mask2former_swinb_cityscapes,acdc_night_targetcal100,29
,,,,-1,True,,0.8646723646723646,0.0003557126910891384,,,406,,,0.8789808917197452,,False,,,,,,33,rider,0.2,0.5,argmax,mask2former_swinb_cityscapes,acdc_night_targetcal100,29
,,,0.9999763408030251,771,True,0.04829290206648697,0.04829290206648697,0.2469981163740158,29.992610837438423,750.0,106,260.0,10.0,0.038461538461538464,0.10221674876847286,False,0.06622516556291391,0.0,0.0,,,33,bicycle,0.05,0.1,region_crc,mask2former_swinb_cityscapes,acdc_night_targetcal100,24
,,,0.9999605542697925,734,True,0.09595687331536387,0.09595687331536387,0.1896384060382843,29.529556650246306,725.0,106,260.0,22.0,0.08461538461538462,0.09960591133004926,False,0.12582781456953643,0.03571428571428571,0.0,,,33,bicycle,0.05,0.1,heuristic,mask2former_swinb_cityscapes,acdc_night_targetcal100,24
,,,,-1,True,,0.8330375861036238,0.0007047737017273903,,,406,,,0.8,,False,,,,,,33,bicycle,0.05,0.1,argmax,mask2former_swinb_cityscapes,acdc_night_targetcal100,24
,,,0.9999547102420097,724,True,0.09752920035938904,0.09752920035938904,0.17513366043567657,27.778325123152708,700.0,106,260.0,23.0,0.08846153846153847,0.08596059113300492,False,0.12582781456953643,0.047619047619047616,0.0,,,33,bicycle,0.1,0.1,region_crc,mask2former_swinb_cityscapes,acdc_night_targetcal100,24
,,,0.9999285503673925,691,True,0.11403863432165319,0.11403863432165319,0.134422168135643,26.064039408866996,675.0,106,260.0,26.0,0.1,0.08211822660098524,False,0.1456953642384106,0.047619047619047616,0.0,,,33,bicycle,0.1,0.1,heuristic,mask2former_swinb_cityscapes,acdc_night_targetcal100,24
,,,,-1,True,,0.8330375861036238,0.0007047737017273903,,,406,,,0.8,,False,,,,,,33,bicycle,0.1,0.1,argmax,mask2former_swinb_cityscapes,acdc_night_targetcal100,24
,,,0.9999223752883372,685,True,0.11403863432165319,0.11403863432165319,0.12810561060905457,26.064039408866996,675.0,106,260.0,26.0,0.1,0.08950738916256158,False,0.1456953642384106,0.047619047619047616,0.0,,,33,bicycle,0.2,0.1,region_crc,mask2former_swinb_cityscapes,acdc_night_targetcal100,24
,,,0.999748811356849,600,True,0.19948337825696313,0.19948337825696316,0.061567727476358414,20.06896551724138,600.0,106,260.0,49.0,0.18846153846153846,0.12261083743842366,False,0.2847682119205298,0.07142857142857142,0.0,,,33,bicycle,0.2,0.1,heuristic,mask2former_swinb_cityscapes,acdc_night_targetcal100,24
,,,,-1,True,,0.8330375861036238,0.0007047737017273903,,,406,,,0.8,,False,,,,,,33,bicycle,0.2,0.1,argmax,mask2former_swinb_cityscapes,acdc_night_targetcal100,24
,,,0.9999782229022764,777,True,0.11017520215633424,0.11017520215633424,0.2574782967567444,29.517241379310345,775.0,106,260.0,23.0,0.08846153846153847,0.0923645320197044,False,0.11258278145695365,0.07142857142857142,0.0,,,33,bicycle,0.05,0.5,region_crc,mask2former_swinb_cityscapes,acdc_night_targetcal100,24
,,,0.9999779199526698,776,True,0.11017520215633424,0.11017520215633424,0.255994588136673,29.517241379310345,775.0,106,260.0,23.0,0.08846153846153847,0.0923645320197044,False,0.11258278145695365,0.07142857142857142,0.0,,,33,bicycle,0.05,0.5,heuristic,mask2former_swinb_cityscapes,acdc_night_targetcal100,24
,,,,-1,True,,0.8864667565139264,0.0007047737017273903,,,406,,,0.8576923076923076,,False,,,,,,33,bicycle,0.05,0.5,argmax,mask2former_swinb_cityscapes,acdc_night_targetcal100,24
,,,0.9999683772233983,750,True,0.13888140161725068,0.13888140161725065,0.21327826380729675,29.992610837438423,750.0,106,260.0,29.0,0.11153846153846154,0.11931034482758618,False,0.152317880794702,0.07142857142857142,0.0,,,33,bicycle,0.1,0.5,region_crc,mask2former_swinb_cityscapes,acdc_night_targetcal100,24
,,,0.9999683772233983,750,True,0.13888140161725068,0.13888140161725065,0.21327826380729675,29.992610837438423,750.0,106,260.0,29.0,0.11153846153846154,0.11931034482758618,False,0.152317880794702,0.07142857142857142,0.0,,,33,bicycle,0.1,0.5,heuristic,mask2former_swinb_cityscapes,acdc_night_targetcal100,24
,,,,-1,True,,0.8864667565139264,0.0007047737017273903,,,406,,,0.8576923076923076,,False,,,,,,33,bicycle,0.1,0.5,argmax,mask2former_swinb_cityscapes,acdc_night_targetcal100,24
,,,0.9999605542697925,734,True,0.1502021563342318,0.15020215633423178,0.1896384060382843,29.529556650246306,725.0,106,260.0,31.0,0.11923076923076924,0.09960591133004926,False,0.16556291390728478,0.07142857142857142,0.0,,,33,bicycle,0.2,0.5,region_crc,mask2former_swinb_cityscapes,acdc_night_targetcal100,24
,,,0.9998903521803857,660,True,0.21421832884097033,0.21421832884097033,0.1059398278594017,24.285714285714285,650.0,106,260.0,48.0,0.18461538461538463,0.09842364532019704,False,0.2582781456953642,0.09523809523809523,0.04,,,33,bicycle,0.2,0.5,heuristic,mask2former_swinb_cityscapes,acdc_night_targetcal100,24
,,,,-1,True,,0.8864667565139264,0.0007047737017273903,,,406,,,0.8576923076923076,,False,,,,,,33,bicycle,0.2,0.5,argmax,mask2former_swinb_cityscapes,acdc_night_targetcal100,24
,,,0.9999342342162645,697,True,0.05467647834399103,0.05467647834399103,0.2869148850440979,28.891625615763548,675.0,197,641.0,30.0,0.046801872074883,0.07364532019704428,False,0.06619385342789598,0.010526315789473684,0.0,,,34,person,0.05,0.1,region_crc,mask2former_swinb_cityscapes,acdc_night_targetcal100,50
,,,0.9999004594582649,667,True,0.06869355264025315,0.06869355264025315,0.2342298924922943,29.48768472906404,650.0,197,641.0,39.0,0.060842433697347896,0.07044334975369454,False,0.0851063829787234,0.015789473684210527,0.0,,,34,person,0.05,0.1,heuristic,mask2former_swinb_cityscapes,acdc_night_targetcal100,50
,,,,-1,True,,0.5156351826402588,0.005482699256390333,,,406,,,0.4789391575663027,,False,,,,,,34,person,0.05,0.1,argmax,mask2former_swinb_cityscapes,acdc_night_targetcal100,50
,,,0.9997345394438024,596,True,0.0949436350451579,0.09494363504515788,0.14444468915462494,24.795566502463053,575.0,197,641.0,58.0,0.0904836193447738,0.06931034482758619,False,0.1276595744680851,0.021052631578947368,0.0,,,34,person,0.1,0.1,region_crc,mask2former_swinb_cityscapes,acdc_night_targetcal100,50
,,,0.9996500548329716,576,True,0.10071197837695299,0.10071197837695299,0.1280040293931961,24.795566502463053,575.0,197,641.0,64.0,0.0998439937597504,0.0717733990147783,False,0.14184397163120568,0.021052631578947368,0.0,,,34,person,0.1,0.1,heuristic,mask2former_swinb_cityscapes,acdc_night_targetcal100,50
,,,,-1,True,,0.5156351826402588,0.005482699256390333,,,406,,,0.4789391575663027,,False,,,,,,34,person,0.1,0.1,argmax,mask2former_swinb_cityscapes,acdc_night_targetcal100,50
,,,0.996980048279598,420,True,0.20355649004126158,0.20355649004126158,0.0450596958398819,12.79064039408867,400.0,197,641.0,118.0,0.18408736349453977,0.12339901477832504,False,0.26004728132387706,0.042105263157894736,0.0,,,34,person,0.2,0.1,region_crc,mask2former_swinb_cityscapes,acdc_night_targetcal100,50
,,,0.9958504595736564,397,True,0.21674206363292656,0.21674206363292656,0.03861025348305702,11.266009852216749,375.0,197,641.0,127.0,0.1981279251170047,0.152807881773399,False,0.2789598108747045,0.04736842105263158,0.0,,,34,person,0.2,0.1,heuristic,mask2former_swinb_cityscapes,acdc_night_targetcal100,50
,,,,-1,True,,0.5156351826402588,0.005482699256390333,,,406,,,0.4789391575663027,,False,,,,,,34,person,0.2,0.1,argmax,mask2former_swinb_cityscapes,acdc_night_targetcal100,50
,,,0.9999534413906477,722,True,0.07042790120201287,0.07042790120201287,0.3293326199054718,28.613300492610836,700.0,197,641.0,42.0,0.0655226209048362,0.05876847290640394,False,0.08983451536643026,0.021052631578947368,0.0,,,34,person,0.05,0.5,region_crc,mask2former_swinb_cityscapes,acdc_night_targetcal100,50
,,,0.9999514711499838,719,True,0.07144312962840882,0.07144312962840882,0.3239916265010834,28.613300492610836,700.0,197,641.0,43.0,0.06708268330733229,0.05399014778325123,False,0.09219858156028368,0.021052631578947368,0.0,,,34,person,0.05,0.5,heuristic,mask2former_swinb_cityscapes,acdc_night_targetcal100,50
,,,,-1,True,,0.6073810143607098,0.005482699256390333,,,406,,,0.5616224648985959,,False,,,,,,34,person,0.05,0.5,argmax,mask2former_swinb_cityscapes,acdc_night_targetcal100,50
,,,0.9998651037117409,645,True,0.11291779286703145,0.11291779286703145,0.20178598165512085,28.224137931034484,625.0,197,641.0,66.0,0.1029641185647426,0.06507389162561578,False,0.14657210401891252,0.021052631578947368,0.0,,,34,person,0.1,0.5,region_crc,mask2former_swinb_cityscapes,acdc_night_targetcal100,50
,,,0.9998246119498159,626,True,0.11689410420374886,0.11689410420374886,0.1766354739665985,28.224137931034484,625.0,197,641.0,71.0,0.11076443057722309,0.07236453201970444,False,0.15839243498817968,0.021052631578947368,0.0,,,34,person,0.1,0.5,heuristic,mask2former_swinb_cityscapes,acdc_night_targetcal100,50
,,,,-1,True,,0.6073810143607098,0.005482699256390333,,,406,,,0.5616224648985959,,False,,,,,,34,person,0.1,0.5,argmax,mask2former_swinb_cityscapes,acdc_night_targetcal100,50
,,,0.9989576825706067,497,True,0.2025976631941099,0.2025976631941099,0.07465612143278122,17.317733990147783,475.0,197,641.0,116.0,0.1809672386895476,0.06334975369458129,False,0.2576832151300236,0.03684210526315789,0.0,,,34,person,0.2,0.5,region_crc,mask2former_swinb_cityscapes,acdc_night_targetcal100,50
,,,0.9985276874975673,472,True,0.21749372314093127,0.21749372314093127,0.06371155381202698,15.807881773399014,450.0,197,641.0,126.0,0.19656786271450857,0.08073891625615764,False,0.2789598108747045,0.042105263157894736,0.0,,,34,person,0.2,0.5,heuristic,mask2former_swinb_cityscapes,acdc_night_targetcal100,50
,,,,-1,True,,0.6073810143607098,0.005482699256390333,,,406,,,0.5616224648985959,,False,,,,,,34,person,0.2,0.5,argmax,mask2former_swinb_cityscapes,acdc_night_targetcal100,50
,,,0.9999973331413354,929,True,0.0026455026455026454,0.0026455026455026454,0.62518310546875,13.810344827586206,925.0,126,168.0,1.0,0.005952380952380952,0.12251231527093595,False,0.007874015748031496,0.0,0.0,,,34,rider,0.05,0.1,region_crc,mask2former_swinb_cityscapes,acdc_night_targetcal100,20
,,,0.9999465435640603,712,True,0.07407407407407408,0.07407407407407408,0.18222962319850922,25.497536945812808,700.0,126,168.0,12.0,0.07142857142857142,0.0952216748768473,False,0.09448818897637795,0.0,0.0,,,34,rider,0.05,0.1,heuristic,mask2former_swinb_cityscapes,acdc_night_targetcal100,20
,,,,-1,True,,0.7910052910052909,0.00039844439015723765,,,406,,,0.7976190476190477,,False,,,,,,34,rider,0.05,0.1,argmax,mask2former_swinb_cityscapes,acdc_night_targetcal100,20
,,,0.9999465435640603,712,True,0.07407407407407408,0.07407407407407408,0.18222962319850922,25.497536945812808,700.0,126,168.0,12.0,0.07142857142857142,0.0952216748768473,False,0.09448818897637795,0.0,0.0,,,34,rider,0.1,0.1,region_crc,mask2former_swinb_cityscapes,acdc_night_targetcal100,20
,,,0.9997271022217192,594,True,0.18121693121693122,0.18121693121693122,0.07696481794118881,17.330049261083744,575.0,126,168.0,29.0,0.17261904761904762,0.0744827586206896,False,0.2125984251968504,0.06060606060606061,0.0,,,34,rider,0.1,0.1,heuristic,mask2former_swinb_cityscapes,acdc_night_targetcal100,20
,,,,-1,True,,0.7910052910052909,0.00039844439015723765,,,406,,,0.7976190476190477,,False,,,,,,34,rider,0.1,0.1,argmax,mask2former_swinb_cityscapes,acdc_night_targetcal100,20
,,,0.998507205590421,471,True,0.29232804232804227,0.29232804232804227,0.030936874449253082,9.236453201970443,450.0,126,168.0,49.0,0.2916666666666667,0.14339901477832506,False,0.3464566929133858,0.15151515151515152,0.0,,,34,rider,0.2,0.1,region_crc,mask2former_swinb_cityscapes,acdc_night_targetcal100,20
,,,0.9972202867322407,426,True,0.35582010582010576,0.35582010582010576,0.020496569573879242,7.733990147783251,425.0,126,168.0,58.0,0.34523809523809523,0.13645320197044342,False,0.4094488188976378,0.18181818181818182,0.0,,,34,rider,0.2,0.1,heuristic,mask2former_swinb_cityscapes,acdc_night_targetcal100,20
,,,,-1,True,,0.7910052910052909,0.00039844439015723765,,,406,,,0.7976190476190477,,False,,,,,,34,rider,0.2,0.1,argmax,mask2former_swinb_cityscapes,acdc_night_targetcal100,20
,,,0.9999984004419714,966,True,0.0026455026455026454,0.0026455026455026454,0.706295371055603,11.039408866995075,966.0,126,168.0,1.0,0.005952380952380952,0.08108374384236455,False,0.007874015748031496,0.0,0.0,,,34,rider,0.05,0.5,region_crc,mask2former_swinb_cityscapes,acdc_night_targetcal100,20
,,,0.9999626749842204,738,True,0.10185185185185186,0.10185185185185185,0.2208729237318039,26.35960591133005,725.0,126,168.0,16.0,0.09523809523809523,0.0892610837438424,False,0.11811023622047244,0.030303030303030304,0.0,,,34,rider,0.05,0.5,heuristic,mask2former_swinb_cityscapes,acdc_night_targetcal100,20
,,,,-1,True,,0.8386243386243385,0.00039844439015723765,,,406,,,0.8452380952380952,,False,,,,,,34,rider,0.05,0.5,argmax,mask2former_swinb_cityscapes,acdc_night_targetcal100,20
,,,0.9999626749842204,738,True,0.10185185185185186,0.10185185185185185,0.2208729237318039,26.35960591133005,725.0,126,168.0,16.0,0.09523809523809523,0.0892610837438424,False,0.11811023622047244,0.030303030303030304,0.0,,,34,rider,0.1,0.5,region_crc,mask2former_swinb_cityscapes,acdc_night_targetcal100,20
,,,0.999893340387877,662,True,0.17328042328042328,0.17328042328042328,0.12815600633621216,22.923645320197043,650.0,126,168.0,28.0,0.16666666666666666,0.08394088669950739,False,0.2125984251968504,0.030303030303030304,0.0,,,34,rider,0.1,0.5,heuristic,mask2former_swinb_cityscapes,acdc_night_targetcal100,20
,,,,-1,True,,0.8386243386243385,0.00039844439015723765,,,406,,,0.8452380952380952,,False,,,,,,34,rider,0.1,0.5,argmax,mask2former_swinb_cityscapes,acdc_night_targetcal100,20
,,,0.9997590094571314,603,True,0.22883597883597884,0.22883597883597886,0.08324462175369263,19.204433497536947,600.0,126,168.0,35.0,0.20833333333333334,0.07724137931034486,False,0.25196850393700787,0.09090909090909091,0.0,,,34,rider,0.2,0.5,region_crc,mask2former_swinb_cityscapes,acdc_night_targetcal100,20
,,,0.9986634044834536,479,True,0.3439153439153439,0.3439153439153439,0.03287919983267784,10.798029556650246,475.0,126,168.0,57.0,0.3392857142857143,0.1343349753694581,False,0.3937007874015748,0.21212121212121213,0.0,,,34,rider,0.2,0.5,heuristic,mask2former_swinb_cityscapes,acdc_night_targetcal100,20
,,,,-1,True,,0.8386243386243385,0.00039844439015723765,,,406,,,0.8452380952380952,,False,,,,,,34,rider,0.2,0.5,argmax,mask2former_swinb_cityscapes,acdc_night_targetcal100,20
,,,0.9999974414141131,932,True,0.009708737864077669,0.009708737864077669,0.6216251850128174,16.278325123152708,925.0,103,246.0,1.0,0.0040650406504065045,0.09285714285714286,False,0.006756756756756757,0.0,0.0,,,34,bicycle,0.05,0.1,region_crc,mask2former_swinb_cityscapes,acdc_night_targetcal100,27
,,,0.999974996546383,767,True,0.044845122515025426,0.044845122515025426,0.24513790011405945,29.285714285714285,750.0,103,246.0,9.0,0.036585365853658534,0.04571428571428571,False,0.060810810810810814,0.0,0.0,,,34,bicycle,0.05,0.1,heuristic,mask2former_swinb_cityscapes,acdc_night_targetcal100,27
,,,,-1,True,,0.8230890738172291,0.0006406732136383653,,,406,,,0.8048780487804879,,False,,,,,,34,bicycle,0.05,0.1,argmax,mask2former_swinb_cityscapes,acdc_night_targetcal100,27
,,,0.999974996546383,767,True,0.044845122515025426,0.044845122515025426,0.24513790011405945,29.285714285714285,750.0,103,246.0,9.0,0.036585365853658534,0.04571428571428571,False,0.060810810810810814,0.0,0.0,,,34,bicycle,0.1,0.1,region_crc,mask2former_swinb_cityscapes,acdc_night_targetcal100,27
,,,0.9999547102420097,724,True,0.08927415626444754,0.08927415626444754,0.17802298069000244,27.24384236453202,700.0,103,246.0,20.0,0.08130081300813008,0.07793103448275862,False,0.11486486486486487,0.041666666666666664,0.0,,,34,bicycle,0.1,0.1,heuristic,mask2former_swinb_cityscapes,acdc_night_targetcal100,27
,,,,-1,True,,0.8230890738172291,0.0006406732136383653,,,406,,,0.8048780487804879,,False,,,,,,34,bicycle,0.1,0.1,argmax,mask2former_swinb_cityscapes,acdc_night_targetcal100,27
,,,0.9997194566362049,592,True,0.23280166435506242,0.23280166435506244,0.058976031839847565,17.72906403940887,575.0,103,246.0,54.0,0.21951219512195122,0.06408866995073892,False,0.31756756756756754,0.08333333333333333,0.038461538461538464,,,34,bicycle,0.2,0.1,region_crc,mask2former_swinb_cityscapes,acdc_night_targetcal100,27
,,,0.9994084383658245,538,True,0.3182770842965018,0.31827708429650176,0.03669928014278412,13.66256157635468,525.0,103,246.0,73.0,0.2967479674796748,0.06162561576354686,False,0.4189189189189189,0.125,0.07692307692307693,,,34,bicycle,0.2,0.1,heuristic,mask2former_swinb_cityscapes,acdc_night_targetcal100,27
,,,,-1,True,,0.8230890738172291,0.0006406732136383653,,,406,,,0.8048780487804879,,False,,,,,,34,bicycle,0.2,0.1,argmax,mask2former_swinb_cityscapes,acdc_night_targetcal100,27
,,,0.9999986448105876,978,True,0.0,0.0,0.7469885349273682,10.507389162561577,978.0,103,246.0,0.0,0.0,0.10950738916256164,False,0.0,0.0,0.0,,,34,bicycle,0.05,0.5,region_crc,mask2former_swinb_cityscapes,acdc_night_targetcal100,27
,,,0.999991488619618,845,True,0.03756356911696718,0.03756356911696718,0.4111989736557007,26.502463054187192,825.0,103,246.0,8.0,0.032520325203252036,0.05403940886699504,False,0.0472972972972973,0.013888888888888888,0.0,,,34,bicycle,0.05,0.5,heuristic,mask2former_swinb_cityscapes,acdc_night_targetcal100,27
,,,,-1,True,,0.8829288025889968,0.0006406732136383653,,,406,,,0.8658536585365854,,False,,,,,,34,bicycle,0.05,0.5,argmax,mask2former_swinb_cityscapes,acdc_night_targetcal100,27
,,,0.9999830175634754,795,True,0.06183541377716135,0.061835413777161355,0.29725363850593567,29.076354679802957,775.0,103,246.0,14.0,0.056910569105691054,0.04940886699507385,False,0.07432432432432433,0.041666666666666664,0.0,,,34,bicycle,0.1,0.5,region_crc,mask2former_swinb_cityscapes,acdc_night_targetcal100,27
,,,0.9999742960421724,765,True,0.1036754507628294,0.1036754507628294,0.24190227687358856,29.285714285714285,750.0,103,246.0,21.0,0.08536585365853659,0.05280788177339901,False,0.10810810810810811,0.06944444444444445,0.0,,,34,bicycle,0.1,0.5,heuristic,mask2former_swinb_cityscapes,acdc_night_targetcal100,27
,,,,-1,True,,0.8829288025889968,0.0006406732136383653,,,406,,,0.8658536585365854,,False,,,,,,34,bicycle,0.1,0.5,argmax,mask2former_swinb_cityscapes,acdc_night_targetcal100,27
,,,0.999901825205698,668,True,0.2079750346740638,0.2079750346740638,0.11364217102527618,23.74384236453202,650.0,103,246.0,45.0,0.18292682926829268,0.06891625615763541,False,0.25675675675675674,0.08333333333333333,0.038461538461538464,,,34,bicycle,0.2,0.5,region_crc,mask2former_swinb_cityscapes,acdc_night_targetcal100,27
,,,0.9997417739809366,598,True,0.3021497919556172,0.3021497919556172,0.06210862100124359,17.72906403940887,575.0,103,246.0,72.0,0.2926829268292683,0.0688669950738916,False,0.3918918918918919,0.1527777777777778,0.11538461538461539,,,34,bicycle,0.2,0.5,heuristic,mask2former_swinb_cityscapes,acdc_night_targetcal100,27
,,,,-1,True,,0.8829288025889968,0.0006406732136383653,,,406,,,0.8658536585365854,,False,,,,,,34,bicycle,0.2,0.5,argmax,mask2former_swinb_cityscapes,acdc_night_targetcal100,27
,,,0.9999812931785963,788,True,0.01869440675410825,0.018694406754108245,0.47394609451293945,24.344827586206897,775.0,201,711.0,9.0,0.012658227848101266,0.10354679802955669,False,0.018404907975460124,0.0,0.0,,,35,person,0.05,0.1,region_crc,mask2former_swinb_cityscapes,acdc_night_targetcal100,46
,,,0.9999411156344644,705,True,0.04510214081109603,0.045102140811096036,0.30029457807540894,29.076354679802957,700.0,201,711.0,28.0,0.03938115330520394,0.07600985221674877,False,0.053169734151329244,0.010309278350515464,0.0,,,35,person,0.05,0.1,heuristic,mask2former_swinb_cityscapes,acdc_night_targetcal100,46
,,,,-1,True,,0.5193445167325764,0.005423910915851593,,,406,,,0.49226441631504925,,False,,,,,,35,person,0.05,0.1,argmax,mask2former_swinb_cityscapes,acdc_night_targetcal100,46
,,,0.9996402506648443,574,True,0.10769475135146776,0.10769475135146776,0.126795694231987,23.689655172413794,550.0,201,711.0,77.0,0.10829817158931083,0.05467980295566499,False,0.1492842535787321,0.020618556701030927,0.0,,,35,person,0.1,0.1,region_crc,mask2former_swinb_cityscapes,acdc_night_targetcal100,46
,,,0.9995512546100669,558,True,0.11432448148866059,0.11432448148866058,0.11429113149642944,23.689655172413794,550.0,201,711.0,86.0,0.1209563994374121,0.0514778325123153,False,0.16768916155419222,0.020618556701030927,0.0,,,35,person,0.1,0.1,heuristic,mask2former_swinb_cityscapes,acdc_night_targetcal100,46
,,,,-1,True,,0.5193445167325764,0.005423910915851593,,,406,,,0.49226441631504925,,False,,,,,,35,person,0.1,0.1,argmax,mask2former_swinb_cityscapes,acdc_night_targetcal100,46
,,,0.9993393065519924,530,True,0.13306061682927356,0.13306061682927356,0.09585697948932648,21.79064039408867,525.0,201,711.0,99.0,0.13924050632911392,0.057044334975369426,False,0.19427402862985685,0.020618556701030927,0.0,,,35,person,0.2,0.1,region_crc,mask2former_swinb_cityscapes,acdc_night_targetcal100,46
,,,0.9990137205143688,501,True,0.14378554695718876,0.14378554695718876,0.07841837406158447,19.517241379310345,500.0,201,711.0,109.0,0.15330520393811534,0.06128078817733984,False,0.2147239263803681,0.020618556701030927,0.0,,,35,person,0.2,0.1,heuristic,mask2former_swinb_cityscapes,acdc_night_targetcal100,46
,,,,-1,True,,0.5193445167325764,0.005423910915851593,,,406,,,0.49226441631504925,,False,,,,,,35,person,0.2,0.1,argmax,mask2former_swinb_cityscapes,acdc_night_targetcal100,46
,,,0.9999899538420972,833,True,0.01786521935775667,0.01786521935775667,0.5624114274978638,19.24137931034483,825.0,201,711.0,12.0,0.016877637130801686,0.10300492610837442,False,0.022494887525562373,0.005154639175257732,0.0,,,35,person,0.05,0.5,region_crc,mask2former_swinb_cityscapes,acdc_night_targetcal100,46
,,,0.9999665804959974,746,True,0.05173563998190864,0.05173563998190864,0.3777395784854889,28.36945812807882,725.0,201,711.0,35.0,0.04922644163150492,0.05004926108374386,False,0.065439672801636,0.015463917525773196,0.0,,,35,person,0.05,0.5,heuristic,mask2former_swinb_cityscapes,acdc_night_targetcal100,46
,,,,-1,True,,0.6074746287432855,0.005423910915851593,,,406,,,0.5766526019690577,,False,,,,,,35,person,0.05,0.5,argmax,mask2former_swinb_cityscapes,acdc_night_targetcal100,46
,,,0.999958313061653,730,True,0.05656000301522689,0.0565600030152269,0.34417739510536194,28.36945812807882,725.0,201,711.0,41.0,0.057665260196905765,0.056453201970443345,False,0.07770961145194274,0.015463917525773196,0.0,,,35,person,0.1,0.5,region_crc,mask2former_swinb_cityscapes,acdc_night_targetcal100,46
,,,0.9999514711499838,719,True,0.059793833860998034,0.059793833860998034,0.3240486979484558,29.076354679802957,700.0,201,711.0,44.0,0.06188466947960619,0.08108374384236455,False,0.081799591002045,0.020618556701030927,0.0,,,35,person,0.1,0.5,heuristic,mask2former_swinb_cityscapes,acdc_night_targetcal100,46
,,,,-1,True,,0.6074746287432855,0.005423910915851593,,,406,,,0.5766526019690577,,False,,,,,,35,person,0.1,0.5,argmax,mask2former_swinb_cityscapes,acdc_night_targetcal100,46
,,,0.9996451866107664,575,True,0.1455967816042443,0.14559678160424427,0.12746697664260864,24.995073891625616,575.0,201,711.0,105.0,0.14767932489451477,0.056995073891625614,False,0.20245398773006135,0.030927835051546393,0.0,,,35,person,0.2,0.5,region_crc,mask2former_swinb_cityscapes,acdc_night_targetcal100,46
,,,0.9995512546100669,558,True,0.1621374548613355,0.16213745486133543,0.11429113149642944,23.689655172413794,550.0,201,711.0,118.0,0.1659634317862166,0.0514778325123153,False,0.22699386503067484,0.03608247422680412,0.0,,,35,person,0.2,0.5,heuristic,mask2former_swinb_cityscapes,acdc_night_targetcal100,46
,,,,-1,True,,0.6074746287432855,0.005423910915851593,,,406,,,0.5766526019690577,,False,,,,,,35,person,0.2,0.5,argmax,mask2former_swinb_cityscapes,acdc_night_targetcal100,46
,,,0.9999973331413354,929,True,0.003003003003003003,0.003003003003003003,0.632286787033081,13.38423645320197,925.0,111,145.0,1.0,0.006896551724137931,0.1145320197044335,False,0.009259259259259259,0.0,0.0,,,35,rider,0.05,0.1,region_crc,mask2former_swinb_cityscapes,acdc_night_targetcal100,35
,,,0.9999827813142501,794,True,0.030030030030030026,0.030030030030030026,0.3238236606121063,27.58128078817734,775.0,111,145.0,4.0,0.027586206896551724,0.05733990147783252,False,0.037037037037037035,0.0,0.0,,,35,rider,0.05,0.1,heuristic,mask2former_swinb_cityscapes,acdc_night_targetcal100,35
,,,,-1,True,,0.7582582582582582,0.00037758873077109456,,,406,,,0.7655172413793103,,False,,,,,,35,rider,0.05,0.1,argmax,mask2former_swinb_cityscapes,acdc_night_targetcal100,35
,,,0.9999735759124267,763,True,0.039039039039039033,0.039039039039039033,0.26447054743766785,28.263546798029555,750.0,111,145.0,5.0,0.034482758620689655,0.05369458128078808,False,0.046296296296296294,0.0,0.0,,,35,rider,0.1,0.1,region_crc,mask2former_swinb_cityscapes,acdc_night_targetcal100,35
,,,0.9999651662684964,743,True,0.04804804804804805,0.04804804804804805,0.22590459883213043,27.295566502463053,725.0,111,145.0,6.0,0.041379310344827586,0.06605911330049263,False,0.05555555555555555,0.0,0.0,,,35,rider,0.1,0.1,heuristic,mask2former_swinb_cityscapes,acdc_night_targetcal100,35
,,,,-1,True,,0.7582582582582582,0.00037758873077109456,,,406,,,0.7655172413793103,,False,,,,,,35,rider,0.1,0.1,argmax,mask2former_swinb_cityscapes,acdc_night_targetcal100,35
,,,0.9994776038110009,547,True,0.2237237237237237,0.22372372372372373,0.057142335921525955,14.014778325123153,525.0,111,145.0,30.0,0.20689655172413793,0.06364532019704439,False,0.25,0.0967741935483871,0.0,,,35,rider,0.2,0.1,region_crc,mask2former_swinb_cityscapes,acdc_night_targetcal100,35
,,,0.9993918649987212,536,True,0.2237237237237237,0.22372372372372373,0.05293690040707588,14.014778325123153,525.0,111,145.0,30.0,0.20689655172413793,0.07320197044334975,False,0.25,0.0967741935483871,0.0,,,35,rider,0.2,0.1,heuristic,mask2former_swinb_cityscapes,acdc_night_targetcal100,35
,,,,-1,True,,0.7582582582582582,0.00037758873077109456,,,406,,,0.7655172413793103,,False,,,,,,35,rider,0.2,0.1,argmax,mask2former_swinb_cityscapes,acdc_night_targetcal100,35
,,,0.9999984004419714,966,True,0.003003003003003003,0.003003003003003003,0.7109760046005249,10.463054187192117,966.0,111,145.0,1.0,0.006896551724137931,0.09068965517241384,False,0.009259259259259259,0.0,0.0,,,35,rider,0.05,0.5,region_crc,mask2former_swinb_cityscapes,acdc_night_targetcal100,35
,,,0.9999931766130585,861,True,0.030030030030030026,0.030030030030030026,0.48016950488090515,22.04679802955665,850.0,111,145.0,4.0,0.027586206896551724,0.09817733990147792,False,0.037037037037037035,0.0,0.0,,,35,rider,0.05,0.5,heuristic,mask2former_swinb_cityscapes,acdc_night_targetcal100,35
,,,,-1,True,,0.8123123123123123,0.00037758873077109456,,,406,,,0.8206896551724138,,False,,,,,,35,rider,0.05,0.5,argmax,mask2former_swinb_cityscapes,acdc_night_targetcal100,35
,,,0.9999863855531753,811,True,0.05255255255255255,0.05255255255255255,0.3592384159564972,26.073891625615765,800.0,111,145.0,7.0,0.04827586206896552,0.054581280788177367,False,0.05555555555555555,0.03225806451612903,0.0,,,35,rider,0.1,0.5,region_crc,mask2former_swinb_cityscapes,acdc_night_targetcal100,35
,,,0.9999815498458082,789,True,0.06156156156156156,0.06156156156156156,0.3144048750400543,27.58128078817734,775.0,111,145.0,8.0,0.05517241379310345,0.04995073891625612,False,0.06481481481481481,0.03225806451612903,0.0,,,35,rider,0.1,0.5,heuristic,mask2former_swinb_cityscapes,acdc_night_targetcal100,35
,,,,-1,True,,0.8123123123123123,0.00037758873077109456,,,406,,,0.8206896551724138,,False,,,,,,35,rider,0.1,0.5,argmax,mask2former_swinb_cityscapes,acdc_night_targetcal100,35
,,,0.9998534452159044,639,True,0.18768768768768768,0.18768768768768768,0.11095436662435532,20.99014778325123,625.0,111,145.0,26.0,0.1793103448275862,0.06862068965517232,False,0.2222222222222222,0.06451612903225806,0.0,,,35,rider,0.2,0.5,region_crc,mask2former_swinb_cityscapes,acdc_night_targetcal100,35
,,,0.999738181699178,597,True,0.22822822822822822,0.22822822822822825,0.08084292709827423,17.467980295566502,575.0,111,145.0,31.0,0.21379310344827587,0.059458128078817785,False,0.25925925925925924,0.0967741935483871,0.0,,,35,rider,0.2,0.5,heuristic,mask2former_swinb_cityscapes,acdc_night_targetcal100,35
,,,,-1,True,,0.8123123123123123,0.00037758873077109456,,,406,,,0.8206896551724138,,False,,,,,,35,rider,0.2,0.5,argmax,mask2former_swinb_cityscapes,acdc_night_targetcal100,35
,,,0.9999974414141131,932,True,0.009615384615384616,0.009615384615384616,0.6315255165100098,16.137931034482758,925.0,104,241.0,1.0,0.004149377593360996,0.11566502463054185,False,0.007042253521126761,0.0,0.0,,,35,bicycle,0.05,0.1,region_crc,mask2former_swinb_cityscapes,acdc_night_targetcal100,26
,,,0.999974996546383,767,True,0.04922161172161172,0.04922161172161172,0.2479230761528015,29.80295566502463,750.0,104,241.0,10.0,0.04149377593360996,0.05128078817733994,False,0.07042253521126761,0.0,0.0,,,35,bicycle,0.05,0.1,heuristic,mask2former_swinb_cityscapes,acdc_night_targetcal100,26
,,,,-1,True,,0.8115575396825397,0.0005927864112891257,,,406,,,0.7800829875518672,,False,,,,,,35,bicycle,0.05,0.1,argmax,mask2former_swinb_cityscapes,acdc_night_targetcal100,26
,,,0.9999720745615877,759,True,0.050595238095238096,0.05059523809523809,0.23459260165691376,29.80295566502463,750.0,104,241.0,11.0,0.04564315352697095,0.037733990147783225,False,0.07746478873239436,0.0,0.0,,,35,bicycle,0.1,0.1,region_crc,mask2former_swinb_cityscapes,acdc_night_targetcal100,26
,,,0.9999621557415282,737,True,0.06895604395604395,0.06895604395604395,0.20094716548919678,29.42118226600985,725.0,104,241.0,17.0,0.07053941908713693,0.049753694581280816,False,0.11267605633802817,0.013513513513513514,0.0,,,35,bicycle,0.1,0.1,heuristic,mask2former_swinb_cityscapes,acdc_night_targetcal100,26
,,,,-1,True,,0.8115575396825397,0.0005927864112891257,,,406,,,0.7800829875518672,,False,,,,,,35,bicycle,0.1,0.1,argmax,mask2former_swinb_cityscapes,acdc_night_targetcal100,26
,,,0.9998493392933814,637,True,0.15824175824175823,0.15824175824175823,0.08819994330406189,21.866995073891626,625.0,104,241.0,35.0,0.14522821576763487,0.07847290640394089,False,0.22535211267605634,0.04054054054054054,0.0,,,35,bicycle,0.2,0.1,region_crc,mask2former_swinb_cityscapes,acdc_night_targetcal100,26
,,,0.9998451183381087,635,True,0.16923076923076924,0.1692307692307692,0.08623016625642776,21.866995073891626,625.0,104,241.0,37.0,0.15352697095435686,0.08108374384236455,False,0.23943661971830985,0.04054054054054054,0.0,,,35,bicycle,0.2,0.1,heuristic,mask2former_swinb_cityscapes,acdc_night_targetcal100,26
,,,,-1,True,,0.8115575396825397,0.0005927864112891257,,,406,,,0.7800829875518672,,False,,,,,,35,bicycle,0.2,0.1,argmax,mask2former_swinb_cityscapes,acdc_night_targetcal100,26
,,,0.9999986448105876,978,True,0.0,0.0,0.7540631890296936,9.761083743842365,978.0,104,241.0,0.0,0.0,0.08128078817733991,False,0.0,0.0,0.0,,,35,bicycle,0.05,0.5,region_crc,mask2former_swinb_cityscapes,acdc_night_targetcal100,26
,,,0.9999952356901319,887,True,0.020604395604395604,0.020604395604395604,0.5157645344734192,22.283251231527093,875.0,104,241.0,3.0,0.012448132780082987,0.07118226600985222,False,0.02112676056338028,0.0,0.0,,,35,bicycle,0.05,0.5,heuristic,mask2former_swinb_cityscapes,acdc_night_targetcal100,26
,,,,-1,True,,0.8743475274725275,0.0005927864112891257,,,406,,,0.8423236514522822,,False,,,,,,35,bicycle,0.05,0.5,argmax,mask2former_swinb_cityscapes,acdc_night_targetcal100,26
,,,0.9999942983572772,874,True,0.023580586080586084,0.023580586080586084,0.4803292453289032,24.66256157635468,850.0,104,241.0,5.0,0.02074688796680498,0.04798029556650246,False,0.035211267605633804,0.0,0.0,,,35,bicycle,0.1,0.5,region_crc,mask2former_swinb_cityscapes,acdc_night_targetcal100,26
,,,0.9999830175634754,795,True,0.05483058608058608,0.05483058608058608,0.30116501450538635,29.68472906403941,775.0,104,241.0,13.0,0.05394190871369295,0.07576354679802955,False,0.08450704225352113,0.013513513513513514,0.0,,,35,bicycle,0.1,0.5,heuristic,mask2former_swinb_cityscapes,acdc_night_targetcal100,26
,,,,-1,True,,0.8743475274725275,0.0005927864112891257,,,406,,,0.8423236514522822,,False,,,,,,35,bicycle,0.1,0.5,argmax,mask2former_swinb_cityscapes,acdc_night_targetcal100,26
,,,0.9999796764298906,782,True,0.0644459706959707,0.06444597069597069,0.2767142355442047,29.68472906403941,775.0,104,241.0,14.0,0.058091286307053944,0.07561576354679805,False,0.09154929577464789,0.013513513513513514,0.0,,,35,bicycle,0.2,0.5,region_crc,mask2former_swinb_cityscapes,acdc_night_targetcal100,26
,,,0.9999571451479603,728,True,0.14988553113553113,0.14988553113553113,0.18775300681591034,29.42118226600985,725.0,104,241.0,30.0,0.12448132780082988,0.04113300492610837,False,0.19014084507042253,0.04054054054054054,0.0,,,35,bicycle,0.2,0.5,heuristic,mask2former_swinb_cityscapes,acdc_night_targetcal100,26
,,,,-1,True,,0.8743475274725275,0.0005927864112891257,,,406,,,0.8423236514522822,,False,,,,,,35,bicycle,0.2,0.5,argmax,mask2former_swinb_cityscapes,acdc_night_targetcal100,26
,,,0.9996198106036794,570,True,0.1256653635480166,0.1256653635480166,0.1221919134259224,23.61576354679803,550.0,196,655.0,80.0,0.12213740458015267,0.07827586206896553,False,0.16926503340757237,0.0223463687150838,0.0,,,36,person,0.05,0.1,region_crc,mask2former_swinb_cityscapes,acdc_night_targetcal100,51
,,,0.9992414224249708,520,True,0.16805496799119246,0.16805496799119246,0.0871676430106163,19.56896551724138,500.0,196,655.0,104.0,0.15877862595419848,0.076256157635468,False,0.22271714922049,0.0223463687150838,0.0,,,36,person,0.05,0.1,heuristic,mask2former_swinb_cityscapes,acdc_night_targetcal100,51
,,,,-1,True,,0.5330336896663427,0.00519450381398201,,,406,,,0.49923664122137407,,False,,,,,,36,person,0.05,0.1,argmax,mask2former_swinb_cityscapes,acdc_night_targetcal100,51
,,,0.9980047376850312,450,True,0.2069737872671546,0.2069737872671546,0.05510670319199562,15.921182266009852,450.0,196,655.0,129.0,0.1969465648854962,0.07492610837438429,False,0.2717149220489978,0.03910614525139665,0.0,,,36,person,0.1,0.1,region_crc,mask2former_swinb_cityscapes,acdc_night_targetcal100,51
,,,0.9968522516858986,417,True,0.22613993857616305,0.22613993857616305,0.043138232082128525,12.630541871921181,400.0,196,655.0,141.0,0.2152671755725191,0.08315270935960592,False,0.29398663697104677,0.05027932960893855,0.0,,,36,person,0.1,0.1,heuristic,mask2former_swinb_cityscapes,acdc_night_targetcal100,51
,,,,-1,True,,0.5330336896663427,0.00519450381398201,,,406,,,0.49923664122137407,,False,,,,,,36,person,0.1,0.1,argmax,mask2former_swinb_cityscapes,acdc_night_targetcal100,51
,,,0.9724577129666183,260,True,0.36092036506577324,0.36092036506577324,0.015032589435577393,6.059113300492611,250.0,196,655.0,213.0,0.3251908396946565,0.13009852216748763,False,0.44320712694877507,0.0782122905027933,0.0,,,36,person,0.2,0.1,region_crc,mask2former_swinb_cityscapes,acdc_night_targetcal100,51
,,,0.9674912702614565,248,True,0.37059298411339225,0.37059298411339225,0.014226570725440979,5.364532019704433,225.0,196,655.0,222.0,0.33893129770992364,0.13024630541871918,False,0.46325167037861914,0.0782122905027933,0.0,,,36,person,0.2,0.1,heuristic,mask2former_swinb_cityscapes,acdc_night_targetcal100,51
,,,,-1,True,,0.5330336896663427,0.00519450381398201,,,406,,,0.49923664122137407,,False,,,,,,36,person,0.2,0.1,argmax,mask2former_swinb_cityscapes,acdc_night_targetcal100,51
,,,0.9998013905082642,617,True,0.1550948626203728,0.15509486262037284,0.16588878631591797,27.155172413793103,600.0,196,655.0,91.0,0.13893129770992366,0.07975369458128079,False,0.19376391982182628,0.0223463687150838,0.0,,,36,person,0.05,0.5,region_crc,mask2former_swinb_cityscapes,acdc_night_targetcal100,51
,,,0.9995322648587128,555,True,0.2051341586418117,0.2051341586418117,0.11077962815761566,23.61576354679803,550.0,196,655.0,123.0,0.18778625954198475,0.08088669950738914,False,0.2561247216035635,0.0446927374301676,0.0,,,36,person,0.05,0.5,heuristic,mask2former_swinb_cityscapes,acdc_night_targetcal100,51
,,,,-1,True,,0.6056786892246075,0.00519450381398201,,,406,,,0.5801526717557252,,False,,,,,,36,person,0.05,0.5,argmax,mask2former_swinb_cityscapes,acdc_night_targetcal100,51
,,,0.9990137205143688,501,True,0.2269000911220299,0.22690009112202986,0.0765257403254509,19.56896551724138,500.0,196,655.0,138.0,0.21068702290076335,0.0765517241379311,False,0.289532293986637,0.0446927374301676,0.0,,,36,person,0.1,0.5,region_crc,mask2former_swinb_cityscapes,acdc_night_targetcal100,51
,,,0.9985874624553772,475,True,0.2371952806264031,0.2371952806264031,0.06469102948904037,17.458128078817733,475.0,196,655.0,147.0,0.22442748091603054,0.06842364532019707,False,0.30957683741648107,0.0446927374301676,0.0,,,36,person,0.1,0.5,heuristic,mask2former_swinb_cityscapes,acdc_night_targetcal100,51
,,,,-1,True,,0.6056786892246075,0.00519450381398201,,,406,,,0.5801526717557252,,False,,,,,,36,person,0.1,0.5,argmax,mask2former_swinb_cityscapes,acdc_night_targetcal100,51
,,,0.9926886091651659,356,True,0.32297513286033697,0.32297513286033697,0.028320543467998505,9.980295566502463,350.0,196,655.0,201.0,0.3068702290076336,0.08497536945812811,False,0.41648106904231624,0.07262569832402235,0.037037037037037035,,,36,person,0.2,0.5,region_crc,mask2former_swinb_cityscapes,acdc_night_targetcal100,51
,,,0.9918341762864141,348,True,0.32909758183992877,0.32909758183992877,0.026436107233166695,8.62807881773399,325.0,196,655.0,203.0,0.3099236641221374,0.09482758620689657,False,0.4209354120267261,0.07262569832402235,0.037037037037037035,,,36,person,0.2,0.5,heuristic,mask2former_swinb_cityscapes,acdc_night_targetcal100,51
,,,,-1,True,,0.6056786892246075,0.00519450381398201,,,406,,,0.5801526717557252,,False,,,,,,36,person,0.2,0.5,argmax,mask2former_swinb_cityscapes,acdc_night_targetcal100,51
,,,0.9999827813142501,794,True,0.040616246498599434,0.040616246498599434,0.3257017731666565,27.03448275862069,775.0,119,161.0,6.0,0.037267080745341616,0.10561576354679802,False,0.05,0.0,0.0,,,36,rider,0.05,0.1,region_crc,mask2former_swinb_cityscapes,acdc_night_targetcal100,27
,,,0.9999605542697925,734,True,0.07002801120448178,0.07002801120448178,0.21380995213985443,26.864532019704434,725.0,119,161.0,10.0,0.062111801242236024,0.08768472906403935,False,0.08333333333333333,0.0,0.0,,,36,rider,0.05,0.1,heuristic,mask2former_swinb_cityscapes,acdc_night_targetcal100,27
,,,,-1,True,,0.7787114845938374,0.000389827968319878,,,406,,,0.7950310559006211,,False,,,,,,36,rider,0.05,0.1,argmax,mask2former_swinb_cityscapes,acdc_night_targetcal100,27
,,,0.9999323917024608,695,True,0.09103641456582633,0.09103641456582633,0.16015586256980896,24.054187192118228,675.0,119,161.0,14.0,0.08695652173913043,0.05827586206896551,False,0.11666666666666667,0.0,0.0,,,36,rider,0.1,0.1,region_crc,mask2former_swinb_cityscapes,acdc_night_targetcal100,27
,,,0.999868780010098,647,True,0.1456582633053221,0.1456582633053221,0.1150507777929306,21.221674876847292,625.0,119,161.0,22.0,0.13664596273291926,0.05827586206896551,False,0.18333333333333332,0.0,0.0,,,36,rider,0.1,0.1,heuristic,mask2former_swinb_cityscapes,acdc_night_targetcal100,27
,,,,-1,True,,0.7787114845938374,0.000389827968319878,,,406,,,0.7950310559006211,,False,,,,,,36,rider,0.1,0.1,argmax,mask2former_swinb_cityscapes,acdc_night_targetcal100,27
,,,0.9995982091891511,566,True,0.1918767507002801,0.1918767507002801,0.06373749673366547,15.529556650246306,550.0,119,161.0,28.0,0.17391304347826086,0.056453201970443345,False,0.21666666666666667,0.06060606060606061,0.0,,,36,rider,0.2,0.1,region_crc,mask2former_swinb_cityscapes,acdc_night_targetcal100,27
,,,0.9995982091891511,566,True,0.1918767507002801,0.1918767507002801,0.06373749673366547,15.529556650246306,550.0,119,161.0,28.0,0.17391304347826086,0.056453201970443345,False,0.21666666666666667,0.06060606060606061,0.0,,,36,rider,0.2,0.1,heuristic,mask2former_swinb_cityscapes,acdc_night_targetcal100,27
,,,,-1,True,,0.7787114845938374,0.000389827968319878,,,406,,,0.7950310559006211,,False,,,,,,36,rider,0.2,0.1,argmax,mask2former_swinb_cityscapes,acdc_night_targetcal100,27
,,,0.9999890855966355,827,True,0.05742296918767507,0.05742296918767507,0.39772868156433105,23.87192118226601,825.0,119,161.0,9.0,0.055900621118012424,0.10285714285714287,False,0.06666666666666667,0.030303030303030304,0.0,,,36,rider,0.05,0.5,region_crc,mask2former_swinb_cityscapes,acdc_night_targetcal100,27
,,,0.999985003151645,804,True,0.06582633053221289,0.06582633053221289,0.34561556577682495,25.950738916256157,800.0,119,161.0,10.0,0.062111801242236024,0.10009852216748766,False,0.075,0.030303030303030304,0.0,,,36,rider,0.05,0.5,heuristic,mask2former_swinb_cityscapes,acdc_night_targetcal100,27
,,,,-1,True,,0.8207282913165266,0.000389827968319878,,,406,,,0.8385093167701864,,False,,,,,,36,rider,0.05,0.5,argmax,mask2former_swinb_cityscapes,acdc_night_targetcal100,27
,,,0.999985003151645,804,True,0.06582633053221289,0.06582633053221289,0.34561556577682495,25.950738916256157,800.0,119,161.0,10.0,0.062111801242236024,0.10009852216748766,False,0.075,0.030303030303030304,0.0,,,36,rider,0.1,0.5,region_crc,mask2former_swinb_cityscapes,acdc_night_targetcal100,27
,,,0.9999507960464319,718,True,0.10364145658263305,0.10364145658263305,0.19065545499324799,25.800492610837438,700.0,119,161.0,16.0,0.09937888198757763,0.06379310344827582,False,0.125,0.030303030303030304,0.0,,,36,rider,0.1,0.5,heuristic,mask2former_swinb_cityscapes,acdc_night_targetcal100,27
,,,,-1,True,,0.8207282913165266,0.000389827968319878,,,406,,,0.8385093167701864,,False,,,,,,36,rider,0.1,0.5,argmax,mask2former_swinb_cityscapes,acdc_night_targetcal100,27
,,,0.9998493392933814,637,True,0.2002801120448179,0.2002801120448179,0.10727958381175995,21.221674876847292,625.0,119,161.0,29.0,0.18012422360248448,0.05320197044334973,False,0.21666666666666667,0.09090909090909091,0.0,,,36,rider,0.2,0.5,region_crc,mask2former_swinb_cityscapes,acdc_night_targetcal100,27
,,,0.9998293917610996,628,True,0.2002801120448179,0.2002801120448179,0.10001595318317413,21.221674876847292,625.0,119,161.0,29.0,0.18012422360248448,0.05581280788177334,False,0.21666666666666667,0.09090909090909091,0.0,,,36,rider,0.2,0.5,heuristic,mask2former_swinb_cityscapes,acdc_night_targetcal100,27
,,,,-1,True,,0.8207282913165266,0.000389827968319878,,,406,,,0.8385093167701864,,False,,,,,,36,rider,0.2,0.5,argmax,mask2former_swinb_cityscapes,acdc_night_targetcal100,27
,,,0.9999867565846481,813,True,0.028846153846153848,0.028846153846153848,0.3368673026561737,28.834975369458128,800.0,104,227.0,4.0,0.01762114537444934,0.0905418719211823,False,0.02962962962962963,0.0,0.0,,,36,bicycle,0.05,0.1,region_crc,mask2former_swinb_cityscapes,acdc_night_targetcal100,26
,,,0.9999867565846481,813,True,0.028846153846153848,0.028846153846153848,0.3368673026561737,28.834975369458128,800.0,104,227.0,4.0,0.01762114537444934,0.0905418719211823,False,0.02962962962962963,0.0,0.0,,,36,bicycle,0.05,0.1,heuristic,mask2former_swinb_cityscapes,acdc_night_targetcal100,26
,,,,-1,True,,0.8301472832722834,0.0006245854892767966,,,406,,,0.8061674008810573,,False,,,,,,36,bicycle,0.05,0.1,argmax,mask2former_swinb_cityscapes,acdc_night_targetcal100,26
,,,0.9999708928288193,756,True,0.05425824175824175,0.05425824175824175,0.22638030350208282,30.34975369458128,750.0,104,227.0,9.0,0.039647577092511016,0.07009852216748769,False,0.05925925925925926,0.014285714285714285,0.0,,,36,bicycle,0.1,0.1,region_crc,mask2former_swinb_cityscapes,acdc_night_targetcal100,26
,,,0.9999605542697925,734,True,0.0782967032967033,0.0782967032967033,0.1927511990070343,29.726600985221676,725.0,104,227.0,13.0,0.05726872246696035,0.087192118226601,False,0.08148148148148149,0.02857142857142857,0.0,,,36,bicycle,0.1,0.1,heuristic,mask2former_swinb_cityscapes,acdc_night_targetcal100,26
,,,,-1,True,,0.8301472832722834,0.0006245854892767966,,,406,,,0.8061674008810573,,False,,,,,,36,bicycle,0.1,0.1,argmax,mask2former_swinb_cityscapes,acdc_night_targetcal100,26
,,,0.9999004594582649,667,True,0.1143543956043956,0.1143543956043956,0.11318016052246094,24.133004926108374,650.0,104,227.0,18.0,0.07929515418502203,0.08339901477832512,False,0.11851851851851852,0.02857142857142857,0.0,,,36,bicycle,0.2,0.1,region_crc,mask2former_swinb_cityscapes,acdc_night_targetcal100,26
,,,0.9998493392933814,637,True,0.14880952380952378,0.1488095238095238,0.08697757124900818,21.736453201970445,625.0,104,227.0,27.0,0.11894273127753303,0.07600985221674872,False,0.17777777777777778,0.04285714285714286,0.0,,,36,bicycle,0.2,0.1,heuristic,mask2former_swinb_cityscapes,acdc_night_targetcal100,26
,,,,-1,True,,0.8301472832722834,0.0006245854892767966,,,406,,,0.8061674008810573,,False,,,,,,36,bicycle,0.2,0.1,argmax,mask2former_swinb_cityscapes,acdc_night_targetcal100,26
,,,0.9999982860426925,961,True,0.014423076923076924,0.014423076923076924,0.7047564387321472,11.443349753694582,961.0,104,227.0,2.0,0.00881057268722467,0.06591133004926109,False,0.014814814814814815,0.0,0.0,,,36,bicycle,0.05,0.5,region_crc,mask2former_swinb_cityscapes,acdc_night_targetcal100,26
,,,0.9999946048937749,878,True,0.02403846153846154,0.02403846153846154,0.493360698223114,22.103448275862068,875.0,104,227.0,3.0,0.013215859030837005,0.08674876847290641,False,0.014814814814814815,0.014285714285714285,0.0,,,36,bicycle,0.05,0.5,heuristic,mask2former_swinb_cityscapes,acdc_night_targetcal100,26
,,,,-1,True,,0.8842834249084249,0.0006245854892767966,,,406,,,0.8590308370044053,,False,,,,,,36,bicycle,0.05,0.5,argmax,mask2former_swinb_cityscapes,acdc_night_targetcal100,26
,,,0.999989383044428,829,True,0.04727564102564103,0.04727564102564103,0.3722977042198181,27.059113300492612,825.0,104,227.0,8.0,0.03524229074889868,0.06605911330049263,False,0.044444444444444446,0.02857142857142857,0.0,,,36,bicycle,0.1,0.5,region_crc,mask2former_swinb_cityscapes,acdc_night_targetcal100,26
,,,0.9999665804959974,746,True,0.15121336996336995,0.15121336996336995,0.21169160306453705,29.726600985221676,725.0,104,227.0,23.0,0.1013215859030837,0.08177339901477831,False,0.14074074074074075,0.05714285714285714,0.0,,,36,bicycle,0.1,0.5,heuristic,mask2former_swinb_cityscapes,acdc_night_targetcal100,26
,,,,-1,True,,0.8842834249084249,0.0006245854892767966,,,406,,,0.8590308370044053,,False,,,,,,36,bicycle,0.1,0.5,argmax,mask2former_swinb_cityscapes,acdc_night_targetcal100,26
,,,0.9999465435640603,712,True,0.1624313186813187,0.1624313186813187,0.16127951443195343,27.736453201970445,700.0,104,227.0,25.0,0.11013215859030837,0.08950738916256162,False,0.14814814814814814,0.07142857142857142,0.0,,,36,bicycle,0.2,0.5,region_crc,mask2former_swinb_cityscapes,acdc_night_targetcal100,26
,,,0.999901825205698,668,True,0.19768772893772896,0.19768772893772896,0.11395016312599182,24.133004926108374,650.0,104,227.0,35.0,0.15418502202643172,0.09339901477832513,False,0.21481481481481482,0.08571428571428572,0.0,,,36,bicycle,0.2,0.5,heuristic,mask2former_swinb_cityscapes,acdc_night_targetcal100,26
,,,,-1,True,,0.8842834249084249,0.0006245854892767966,,,406,,,0.8590308370044053,,False,,,,,,36,bicycle,0.2,0.5,argmax,mask2former_swinb_cityscapes,acdc_night_targetcal100,26
,,,0.9999788163886475,779,True,0.024151868539623644,0.024151868539623637,0.441711962223053,24.16256157635468,775.0,196,636.0,12.0,0.018867924528301886,0.11842364532019706,False,0.027210884353741496,0.0,0.0,,,37,person,0.05,0.1,region_crc,mask2former_swinb_cityscapes,acdc_night_targetcal100,51
,,,0.9999565489775828,727,True,0.03390758900962983,0.03390758900962983,0.33083924651145935,28.12807881773399,725.0,196,636.0,18.0,0.02830188679245283,0.12300492610837443,False,0.04081632653061224,0.0,0.0,,,37,person,0.05,0.1,heuristic,mask2former_swinb_cityscapes,acdc_night_targetcal100,51
,,,,-1,True,,0.5082043523370054,0.005331297405064106,,,406,,,0.49842767295597484,,False,,,,,,37,person,0.05,0.1,argmax,mask2former_swinb_cityscapes,acdc_night_targetcal100,51
,,,0.9997233058354589,593,True,0.09658925258415055,0.09658925258415055,0.14287658035755157,24.899014778325125,575.0,196,636.0,60.0,0.09433962264150944,0.06399014778325124,False,0.1292517006802721,0.017964071856287425,0.0,,,37,person,0.1,0.1,region_crc,mask2former_swinb_cityscapes,acdc_night_targetcal100,51
,,,0.9995512546100669,558,True,0.115076420178461,0.11507642017846098,0.11426519602537155,23.852216748768473,550.0,196,636.0,74.0,0.11635220125786164,0.05817733990147789,False,0.16099773242630386,0.017964071856287425,0.0,,,37,person,0.1,0.1,heuristic,mask2former_swinb_cityscapes,acdc_night_targetcal100,51
,,,,-1,True,,0.5082043523370054,0.005331297405064106,,,406,,,0.49842767295597484,,False,,,,,,37,person,0.1,0.1,argmax,mask2former_swinb_cityscapes,acdc_night_targetcal100,51
,,,0.9980047376850312,450,True,0.17989431911625786,0.1798943191162579,0.057782214134931564,16.019704433497537,450.0,196,636.0,116.0,0.18238993710691823,0.051231527093596074,False,0.25170068027210885,0.029940119760479042,0.0,,,37,person,0.2,0.1,region_crc,mask2former_swinb_cityscapes,acdc_night_targetcal100,51
,,,0.9978620379104978,445,True,0.18219023748360483,0.18219023748360483,0.055702969431877136,14.475369458128078,425.0,196,636.0,118.0,0.18553459119496854,0.05674876847290641,False,0.2562358276643991,0.029940119760479042,0.0,,,37,person,0.2,0.1,heuristic,mask2former_swinb_cityscapes,acdc_night_targetcal100,51
,,,,-1,True,,0.5082043523370054,0.005331297405064106,,,406,,,0.49842767295597484,,False,,,,,,37,person,0.2,0.1,argmax,mask2former_swinb_cityscapes,acdc_night_targetcal100,51
,,,0.9999886237271418,824,True,0.026277718879759694,0.026277718879759694,0.5361025929450989,21.88177339901478,800.0,196,636.0,14.0,0.0220125786163522,0.10472906403940896,False,0.02947845804988662,0.005988023952095809,0.0,,,37,person,0.05,0.5,region_crc,mask2former_swinb_cityscapes,acdc_night_targetcal100,51
,,,0.9999732083167518,762,True,0.04164761683894337,0.041647616838943365,0.40105515718460083,26.29310344827586,750.0,196,636.0,27.0,0.04245283018867924,0.13847290640394094,False,0.05668934240362812,0.011976047904191617,0.0,,,37,person,0.05,0.5,heuristic,mask2former_swinb_cityscapes,acdc_night_targetcal100,51
,,,,-1,True,,0.5880761953466035,0.005331297405064106,,,406,,,0.5770440251572327,,False,,,,,,37,person,0.05,0.5,argmax,mask2former_swinb_cityscapes,acdc_night_targetcal100,51
,,,0.9998534452159044,639,True,0.11846231999293225,0.11846231999293225,0.19270561635494232,28.273399014778324,625.0,196,636.0,70.0,0.11006289308176101,0.06807881773399005,False,0.15192743764172337,0.017964071856287425,0.0,,,37,person,0.1,0.5,region_crc,mask2former_swinb_cityscapes,acdc_night_targetcal100,51
,,,0.9998013905082642,617,True,0.13563919074123154,0.13563919074123154,0.16625206172466278,26.68472906403941,600.0,196,636.0,78.0,0.12264150943396226,0.05600985221674881,False,0.17006802721088435,0.017964071856287425,0.0,,,37,person,0.1,0.5,heuristic,mask2former_swinb_cityscapes,acdc_night_targetcal100,51
,,,,-1,True,,0.5880761953466035,0.005331297405064106,,,406,,,0.5770440251572327,,False,,,,,,37,person,0.1,0.5,argmax,mask2former_swinb_cityscapes,acdc_night_targetcal100,51
,,,0.9991527725858594,512,True,0.18610100925151943,0.18610100925151943,0.08511348813772202,19.637931034482758,500.0,196,636.0,117.0,0.18396226415094338,0.059753694581280825,False,0.25170068027210885,0.03592814371257485,0.0,,,37,person,0.2,0.5,region_crc,mask2former_swinb_cityscapes,acdc_night_targetcal100,51
,,,0.9990405993684841,503,True,0.1924553691773079,0.1924553691773079,0.0802033320069313,19.637931034482758,500.0,196,636.0,120.0,0.18867924528301888,0.0406896551724138,False,0.2585034013605442,0.03592814371257485,0.0,,,37,person,0.2,0.5,heuristic,mask2former_swinb_cityscapes,acdc_night_targetcal100,51
,,,,-1,True,,0.5880761953466035,0.005331297405064106,,,406,,,0.5770440251572327,,False,,,,,,37,person,0.2,0.5,argmax,mask2former_swinb_cityscapes,acdc_night_targetcal100,51
,,,0.9999827813142501,794,True,0.036163522012578615,0.036163522012578615,0.3181251585483551,27.43103448275862,775.0,106,142.0,5.0,0.035211267605633804,0.08906403940886698,False,0.04854368932038835,0.0,0.0,,,37,rider,0.05,0.1,region_crc,mask2former_swinb_cityscapes,acdc_night_targetcal100,40
,,,0.9999827813142501,794,True,0.036163522012578615,0.036163522012578615,0.3181251585483551,27.43103448275862,775.0,106,142.0,5.0,0.035211267605633804,0.08906403940886698,False,0.04854368932038835,0.0,0.0,,,37,rider,0.05,0.1,heuristic,mask2former_swinb_cityscapes,acdc_night_targetcal100,40
,,,,-1,True,,0.7971698113207547,0.0002634978445712477,,,406,,,0.8169014084507042,,False,,,,,,37,rider,0.05,0.1,argmax,mask2former_swinb_cityscapes,acdc_night_targetcal100,40
,,,0.9998903521803857,660,True,0.12578616352201258,0.12578616352201258,0.12550850212574005,22.6871921182266,650.0,106,142.0,19.0,0.13380281690140844,0.08014778325123151,False,0.18446601941747573,0.0,0.0,,,37,rider,0.1,0.1,region_crc,mask2former_swinb_cityscapes,acdc_night_targetcal100,40
,,,0.9997271022217192,594,True,0.19182389937106917,0.19182389937106917,0.07795825600624084,17.36945812807882,575.0,106,142.0,27.0,0.19014084507042253,0.0942364532019705,False,0.24271844660194175,0.06060606060606061,0.0,,,37,rider,0.1,0.1,heuristic,mask2former_swinb_cityscapes,acdc_night_targetcal100,40
,,,,-1,True,,0.7971698113207547,0.0002634978445712477,,,406,,,0.8169014084507042,,False,,,,,,37,rider,0.1,0.1,argmax,mask2former_swinb_cityscapes,acdc_night_targetcal100,40
,,,0.9992201698894767,518,True,0.25157232704402516,0.25157232704402516,0.04396585747599602,12.135467980295566,500.0,106,142.0,35.0,0.24647887323943662,0.13221674876847292,False,0.2912621359223301,0.15151515151515152,0.0,,,37,rider,0.2,0.1,region_crc,mask2former_swinb_cityscapes,acdc_night_targetcal100,40
,,,0.9979769808213217,449,True,0.3286163522012579,0.3286163522012579,0.024982457980513573,7.428571428571429,425.0,106,142.0,47.0,0.33098591549295775,0.21073891625615765,True,0.39805825242718446,0.18181818181818182,0.0,,,37,rider,0.2,0.1,heuristic,mask2former_swinb_cityscapes,acdc_night_targetcal100,40
,,,,-1,True,,0.7971698113207547,0.0002634978445712477,,,406,,,0.8169014084507042,,False,,,,,,37,rider,0.2,0.1,argmax,mask2former_swinb_cityscapes,acdc_night_targetcal100,40
,,,0.9999890855966355,827,True,0.0550314465408805,0.0550314465408805,0.39066776633262634,23.588669950738915,825.0,106,142.0,8.0,0.056338028169014086,0.08763546798029553,False,0.06796116504854369,0.030303030303030304,0.0,,,37,rider,0.05,0.5,region_crc,mask2former_swinb_cityscapes,acdc_night_targetcal100,40
,,,0.9999863855531753,811,True,0.0550314465408805,0.0550314465408805,0.3531858026981354,25.53448275862069,800.0,106,142.0,8.0,0.056338028169014086,0.0844827586206896,False,0.06796116504854369,0.030303030303030304,0.0,,,37,rider,0.05,0.5,heuristic,mask2former_swinb_cityscapes,acdc_night_targetcal100,40
,,,,-1,True,,0.8537735849056604,0.0002634978445712477,,,406,,,0.8732394366197183,,False,,,,,,37,rider,0.05,0.5,argmax,mask2former_swinb_cityscapes,acdc_night_targetcal100,40
,,,0.9999314511773547,694,True,0.13522012578616352,0.13522012578616352,0.1572248786687851,23.625615763546797,675.0,106,142.0,19.0,0.13380281690140844,0.07896551724137935,False,0.17475728155339806,0.030303030303030304,0.0,,,37,rider,0.1,0.5,region_crc,mask2former_swinb_cityscapes,acdc_night_targetcal100,40
,,,0.9998493392933814,637,True,0.22484276729559746,0.22484276729559746,0.10695111751556396,20.857142857142858,625.0,106,142.0,31.0,0.21830985915492956,0.07492610837438424,False,0.2621359223300971,0.12121212121212122,0.0,,,37,rider,0.1,0.5,heuristic,mask2former_swinb_cityscapes,acdc_night_targetcal100,40
,,,,-1,True,,0.8537735849056604,0.0002634978445712477,,,406,,,0.8732394366197183,,False,,,,,,37,rider,0.1,0.5,argmax,mask2former_swinb_cityscapes,acdc_night_targetcal100,40
,,,0.9992920542156158,525,True,0.3176100628930818,0.31761006289308175,0.04648999869823456,13.729064039408867,525.0,106,142.0,44.0,0.30985915492957744,0.11990147783251234,False,0.33980582524271846,0.2727272727272727,0.0,,,37,rider,0.2,0.5,region_crc,mask2former_swinb_cityscapes,acdc_night_targetcal100,40
,,,0.9992920542156158,525,True,0.3176100628930818,0.31761006289308175,0.04648999869823456,13.729064039408867,525.0,106,142.0,44.0,0.30985915492957744,0.11990147783251234,False,0.33980582524271846,0.2727272727272727,0.0,,,37,rider,0.2,0.5,heuristic,mask2former_swinb_cityscapes,acdc_night_targetcal100,40
,,,,-1,True,,0.8537735849056604,0.0002634978445712477,,,406,,,0.8732394366197183,,False,,,,,,37,rider,0.2,0.5,argmax,mask2former_swinb_cityscapes,acdc_night_targetcal100,40
,,,0.9999704879077334,755,True,0.07045675413022351,0.07045675413022352,0.22208644449710846,29.798029556650246,750.0,98,233.0,14.0,0.060085836909871244,0.10019704433497537,False,0.08759124087591241,0.028169014084507043,0.0,,,37,bicycle,0.05,0.1,region_crc,mask2former_swinb_cityscapes,acdc_night_targetcal100,32
,,,0.9999605542697925,734,True,0.09358600583090379,0.09358600583090379,0.1914801001548767,29.061576354679804,725.0,98,233.0,21.0,0.09012875536480687,0.09423645320197038,False,0.13138686131386862,0.04225352112676056,0.0,,,37,bicycle,0.05,0.1,heuristic,mask2former_swinb_cityscapes,acdc_night_targetcal100,32
,,,,-1,True,,0.7902696793002916,0.0006427032058127224,,,406,,,0.7896995708154506,,False,,,,,,37,bicycle,0.05,0.1,argmax,mask2former_swinb_cityscapes,acdc_night_targetcal100,32
,,,0.9999605542697925,734,True,0.09358600583090379,0.09358600583090379,0.1914801001548767,29.061576354679804,725.0,98,233.0,21.0,0.09012875536480687,0.09423645320197038,False,0.13138686131386862,0.04225352112676056,0.0,,,37,bicycle,0.1,0.1,region_crc,mask2former_swinb_cityscapes,acdc_night_targetcal100,32
,,,0.9999223752883372,685,True,0.1301506316812439,0.13015063168124394,0.13049501180648804,25.839901477832512,675.0,98,233.0,28.0,0.12017167381974249,0.0876847290640394,False,0.17518248175182483,0.056338028169014086,0.0,,,37,bicycle,0.1,0.1,heuristic,mask2former_swinb_cityscapes,acdc_night_targetcal100,32
,,,,-1,True,,0.7902696793002916,0.0006427032058127224,,,406,,,0.7896995708154506,,False,,,,,,37,bicycle,0.1,0.1,argmax,mask2former_swinb_cityscapes,acdc_night_targetcal100,32
,,,0.9997233058354589,593,True,0.2291302235179786,0.22913022351797863,0.06037300452589989,17.852216748768473,575.0,98,233.0,53.0,0.22746781115879827,0.081871921182266,False,0.34306569343065696,0.07042253521126761,0.04,,,37,bicycle,0.2,0.1,region_crc,mask2former_swinb_cityscapes,acdc_night_targetcal100,32
,,,0.9997075847622157,589,True,0.23933430515063164,0.2393343051506317,0.05840107798576355,17.852216748768473,575.0,98,233.0,54.0,0.2317596566523605,0.07729064039408867,False,0.34306569343065696,0.08450704225352113,0.04,,,37,bicycle,0.2,0.1,heuristic,mask2former_swinb_cityscapes,acdc_night_targetcal100,32
,,,,-1,True,,0.7902696793002916,0.0006427032058127224,,,406,,,0.7896995708154506,,False,,,,,,37,bicycle,0.2,0.1,argmax,mask2former_swinb_cityscapes,acdc_night_targetcal100,32
,,,0.9999952356901319,887,True,0.026967930029154517,0.026967930029154517,0.5066263675689697,22.253694581280786,875.0,98,233.0,4.0,0.017167381974248927,0.13088669950738918,False,0.029197080291970802,0.0,0.0,,,37,bicycle,0.05,0.5,region_crc,mask2former_swinb_cityscapes,acdc_night_targetcal100,32
,,,0.9999791070386914,780,True,0.09900388726919339,0.09900388726919339,0.2654587924480438,29.529556650246306,775.0,98,233.0,19.0,0.0815450643776824,0.10379310344827586,False,0.11678832116788321,0.04225352112676056,0.0,,,37,bicycle,0.05,0.5,heuristic,mask2former_swinb_cityscapes,acdc_night_targetcal100,32
,,,,-1,True,,0.8571307094266278,0.0006427032058127224,,,406,,,0.8540772532188842,,False,,,,,,37,bicycle,0.05,0.5,argmax,mask2former_swinb_cityscapes,acdc_night_targetcal100,32
,,,0.9999782229022764,777,True,0.10046161321671525,0.10046161321671525,0.2600550055503845,29.529556650246306,775.0,98,233.0,20.0,0.08583690987124463,0.1011822660098522,False,0.11678832116788321,0.056338028169014086,0.0,,,37,bicycle,0.1,0.5,region_crc,mask2former_swinb_cityscapes,acdc_night_targetcal100,32
,,,0.999971686080042,758,True,0.12947035957240038,0.12947035957240038,0.22711043059825897,29.798029556650246,750.0,98,233.0,25.0,0.1072961373390558,0.09467980295566503,False,0.15328467153284672,0.056338028169014086,0.0,,,37,bicycle,0.1,0.5,heuristic,mask2former_swinb_cityscapes,acdc_night_targetcal100,32
,,,,-1,True,,0.8571307094266278,0.0006427032058127224,,,406,,,0.8540772532188842,,False,,,,,,37,bicycle,0.1,0.5,argmax,mask2former_swinb_cityscapes,acdc_night_targetcal100,32
,,,0.999885712166521,657,True,0.22830417881438286,0.22830417881438286,0.10564511269330978,23.967980295566502,650.0,98,233.0,49.0,0.21030042918454936,0.07812807881773398,False,0.30656934306569344,0.08450704225352113,0.04,,,37,bicycle,0.2,0.5,region_crc,mask2former_swinb_cityscapes,acdc_night_targetcal100,32
,,,0.9998758347692408,651,True,0.2303449951409135,0.2303449951409135,0.09904719889163971,23.967980295566502,650.0,98,233.0,50.0,0.2145922746781116,0.08522167487684729,False,0.31386861313868614,0.08450704225352113,0.04,,,37,bicycle,0.2,0.5,heuristic,mask2former_swinb_cityscapes,acdc_night_targetcal100,32
,,,,-1,True,,0.8571307094266278,0.0006427032058127224,,,406,,,0.8540772532188842,,False,,,,,,37,bicycle,0.2,0.5,argmax,mask2former_swinb_cityscapes,acdc_night_targetcal100,32
,,,0.9999610954855006,735,True,0.032072893436529804,0.032072893436529804,0.352484792470932,27.31527093596059,725.0,198,672.0,17.0,0.025297619047619048,0.07241379310344831,False,0.03470715835140998,0.005405405405405406,0.0,,,38,person,0.05,0.1,region_crc,mask2former_swinb_cityscapes,acdc_night_targetcal100,49
,,,0.9999265486131843,689,True,0.0520625628580174,0.052062562858017414,0.27053967118263245,28.56650246305419,675.0,198,672.0,32.0,0.047619047619047616,0.08871921182266007,False,0.06290672451193059,0.016216216216216217,0.0,,,38,person,0.05,0.1,heuristic,mask2former_swinb_cityscapes,acdc_night_targetcal100,49
,,,,-1,True,,0.4987113195446529,0.005217662546783686,,,406,,,0.46875,,False,,,,,,38,person,0.05,0.1,argmax,mask2former_swinb_cityscapes,acdc_night_targetcal100,49
,,,0.999897670700772,665,True,0.06575631859722769,0.06575631859722769,0.22808119654655457,29.04679802955665,650.0,198,672.0,42.0,0.0625,0.13147783251231526,False,0.0824295010845987,0.021621621621621623,0.0,,,38,person,0.1,0.1,region_crc,mask2former_swinb_cityscapes,acdc_night_targetcal100,49
,,,0.9997958262055331,615,True,0.07364991910446456,0.07364991910446456,0.16182145476341248,26.817733990147783,600.0,198,672.0,51.0,0.07589285714285714,0.12339901477832513,False,0.1019522776572668,0.021621621621621623,0.0,,,38,person,0.1,0.1,heuristic,mask2former_swinb_cityscapes,acdc_night_targetcal100,49
,,,,-1,True,,0.4987113195446529,0.005217662546783686,,,406,,,0.46875,,False,,,,,,38,person,0.1,0.1,argmax,mask2former_swinb_cityscapes,acdc_night_targetcal100,49
,,,0.9985874624553772,475,True,0.16525564082382269,0.16525564082382263,0.06389296054840088,17.263546798029555,475.0,198,672.0,107.0,0.15922619047619047,0.14354679802955667,False,0.22125813449023862,0.02702702702702703,0.0,,,38,person,0.2,0.1,region_crc,mask2former_swinb_cityscapes,acdc_night_targetcal100,49
,,,0.9984440343683949,468,True,0.16828594385412568,0.16828594385412568,0.061301883310079575,15.79064039408867,450.0,198,672.0,110.0,0.1636904761904762,0.14615763546798033,False,0.22559652928416485,0.032432432432432434,0.0,,,38,person,0.2,0.1,heuristic,mask2former_swinb_cityscapes,acdc_night_targetcal100,49
,,,,-1,True,,0.4987113195446529,0.005217662546783686,,,406,,,0.46875,,False,,,,,,38,person,0.2,0.1,argmax,mask2former_swinb_cityscapes,acdc_night_targetcal100,49
,,,0.9999923792098997,853,True,0.007704206567842931,0.007704206567842931,0.5947522521018982,16.62807881773399,850.0,198,672.0,7.0,0.010416666666666666,0.08093596059113306,False,0.013015184381778741,0.005405405405405406,0.0,,,38,person,0.05,0.5,region_crc,mask2former_swinb_cityscapes,acdc_night_targetcal100,49
,,,0.9999679373067549,749,True,0.04831677161222615,0.04831677161222617,0.3830370306968689,27.31527093596059,725.0,198,672.0,31.0,0.046130952380952384,0.05807881773399015,False,0.06073752711496746,0.016216216216216217,0.0,,,38,person,0.05,0.5,heuristic,mask2former_swinb_cityscapes,acdc_night_targetcal100,49
,,,,-1,True,,0.5898986255046861,0.005217662546783686,,,406,,,0.5610119047619048,,False,,,,,,38,person,0.05,0.5,argmax,mask2former_swinb_cityscapes,acdc_night_targetcal100,49
,,,0.9999314511773547,694,True,0.08437622983077529,0.08437622983077528,0.2787248492240906,28.56650246305419,675.0,198,672.0,53.0,0.07886904761904762,0.08950738916256162,False,0.10629067245119306,0.021621621621621623,0.0,,,38,person,0.1,0.5,region_crc,mask2former_swinb_cityscapes,acdc_night_targetcal100,49
,,,0.9998669545582022,646,True,0.10247605929424113,0.10247605929424113,0.20090600848197937,28.098522167487683,625.0,198,672.0,66.0,0.09821428571428571,0.12073891625615762,False,0.13449023861171366,0.021621621621621623,0.0,,,38,person,0.1,0.5,heuristic,mask2former_swinb_cityscapes,acdc_night_targetcal100,49
,,,,-1,True,,0.5898986255046861,0.005217662546783686,,,406,,,0.5610119047619048,,False,,,,,,38,person,0.1,0.5,argmax,mask2former_swinb_cityscapes,acdc_night_targetcal100,49
,,,0.9995512546100669,558,True,0.16367416954538166,0.16367416954538166,0.11177407205104828,23.411330049261085,550.0,198,672.0,107.0,0.15922619047619047,0.1451231527093596,False,0.21908893709327548,0.032432432432432434,0.0,,,38,person,0.2,0.5,region_crc,mask2former_swinb_cityscapes,acdc_night_targetcal100,49
,,,0.9991983219366123,516,True,0.17944807016776715,0.17944807016776712,0.08360026776790619,19.374384236453203,500.0,198,672.0,115.0,0.17113095238095238,0.13497536945812805,False,0.23427331887201736,0.03783783783783784,0.0,,,38,person,0.2,0.5,heuristic,mask2former_swinb_cityscapes,acdc_night_targetcal100,49
,,,,-1,True,,0.5898986255046861,0.005217662546783686,,,406,,,0.5610119047619048,,False,,,,,,38,person,0.2,0.5,argmax,mask2former_swinb_cityscapes,acdc_night_targetcal100,49
,,,0.9999402964713416,704,True,0.09339080459770113,0.09339080459770113,0.1653667390346527,25.428571428571427,700.0,116,151.0,14.0,0.09271523178807947,0.130935960591133,False,0.11965811965811966,0.0,0.0,,,38,rider,0.05,0.1,region_crc,mask2former_swinb_cityscapes,acdc_night_targetcal100,30
,,,0.9997453169747414,599,True,0.18821839080459768,0.18821839080459768,0.07864536345005035,17.320197044334975,575.0,116,151.0,28.0,0.18543046357615894,0.11842364532019706,False,0.23076923076923078,0.03571428571428571,0.0,,,38,rider,0.05,0.1,heuristic,mask2former_swinb_cityscapes,acdc_night_targetcal100,30
,,,,-1,True,,0.8160919540229884,0.00031398714054375887,,,406,,,0.8278145695364238,,False,,,,,,38,rider,0.05,0.1,argmax,mask2former_swinb_cityscapes,acdc_night_targetcal100,30
,,,0.9997453169747414,599,True,0.18821839080459768,0.18821839080459768,0.07864536345005035,17.320197044334975,575.0,116,151.0,28.0,0.18543046357615894,0.11842364532019706,False,0.23076923076923078,0.03571428571428571,0.0,,,38,rider,0.1,0.1,region_crc,mask2former_swinb_cityscapes,acdc_night_targetcal100,30
,,,0.9995982091891511,566,True,0.21408045977011494,0.21408045977011494,0.06149034947156906,15.376847290640393,550.0,116,151.0,31.0,0.2052980132450331,0.1145320197044335,False,0.2564102564102564,0.03571428571428571,0.0,,,38,rider,0.1,0.1,heuristic,mask2former_swinb_cityscapes,acdc_night_targetcal100,30
,,,,-1,True,,0.8160919540229884,0.00031398714054375887,,,406,,,0.8278145695364238,,False,,,,,,38,rider,0.1,0.1,argmax,mask2former_swinb_cityscapes,acdc_night_targetcal100,30
,,,0.9990795504282468,506,True,0.264367816091954,0.26436781609195403,0.038639407604932785,12.120689655172415,500.0,116,151.0,41.0,0.271523178807947,0.10241379310344828,False,0.3247863247863248,0.10714285714285714,0.0,,,38,rider,0.2,0.1,region_crc,mask2former_swinb_cityscapes,acdc_night_targetcal100,30
,,,0.9988984606904586,493,True,0.28448275862068967,0.28448275862068967,0.03476783260703087,10.625615763546797,475.0,116,151.0,45.0,0.2980132450331126,0.12926108374384243,False,0.358974358974359,0.10714285714285714,0.0,,,38,rider,0.2,0.1,heuristic,mask2former_swinb_cityscapes,acdc_night_targetcal100,30
,,,,-1,True,,0.8160919540229884,0.00031398714054375887,,,406,,,0.8278145695364238,,False,,,,,,38,rider,0.2,0.1,argmax,mask2former_swinb_cityscapes,acdc_night_targetcal100,30
,,,0.9999935434577096,865,True,0.03304597701149425,0.03304597701149425,0.48302072286605835,21.310344827586206,850.0,116,151.0,5.0,0.033112582781456956,0.07226600985221675,False,0.042735042735042736,0.0,0.0,,,38,rider,0.05,0.5,region_crc,mask2former_swinb_cityscapes,acdc_night_targetcal100,30
,,,0.9999670390287823,747,True,0.09339080459770113,0.09339080459770113,0.22822393476963043,26.58128078817734,725.0,116,151.0,13.0,0.08609271523178808,0.1255665024630542,False,0.1111111111111111,0.0,0.0,,,38,rider,0.05,0.5,heuristic,mask2former_swinb_cityscapes,acdc_night_targetcal100,30
,,,,-1,True,,0.8505747126436781,0.00031398714054375887,,,406,,,0.8675496688741722,,False,,,,,,38,rider,0.05,0.5,argmax,mask2former_swinb_cityscapes,acdc_night_targetcal100,30
,,,0.9999670390287823,747,True,0.09339080459770113,0.09339080459770113,0.22822393476963043,26.58128078817734,725.0,116,151.0,13.0,0.08609271523178808,0.1255665024630542,False,0.1111111111111111,0.0,0.0,,,38,rider,0.1,0.5,region_crc,mask2former_swinb_cityscapes,acdc_night_targetcal100,30
,,,0.9999472770138578,713,True,0.11925287356321838,0.11925287356321838,0.17883315682411194,25.428571428571427,700.0,116,151.0,18.0,0.11920529801324503,0.12600985221674876,False,0.15384615384615385,0.0,0.0,,,38,rider,0.1,0.5,heuristic,mask2former_swinb_cityscapes,acdc_night_targetcal100,30
,,,,-1,True,,0.8505747126436781,0.00031398714054375887,,,406,,,0.8675496688741722,,False,,,,,,38,rider,0.1,0.5,argmax,mask2former_swinb_cityscapes,acdc_night_targetcal100,30
,,,0.9998293917610996,628,True,0.20977011494252873,0.20977011494252876,0.09807442873716354,20.948275862068964,625.0,116,151.0,31.0,0.2052980132450331,0.10753694581280787,False,0.24786324786324787,0.07142857142857142,0.0,,,38,rider,0.2,0.5,region_crc,mask2former_swinb_cityscapes,acdc_night_targetcal100,30
,,,0.9997308465196073,595,True,0.23419540229885055,0.23419540229885055,0.07598624378442764,17.320197044334975,575.0,116,151.0,35.0,0.23178807947019867,0.11349753694581283,False,0.26495726495726496,0.14285714285714285,0.0,,,38,rider,0.2,0.5,heuristic,mask2former_swinb_cityscapes,acdc_night_targetcal100,30
,,,,-1,True,,0.8505747126436781,0.00031398714054375887,,,406,,,0.8675496688741722,,False,,,,,,38,rider,0.2,0.5,argmax,mask2former_swinb_cityscapes,acdc_night_targetcal100,30
,,,0.999868780010098,647,True,0.18331043956043955,0.18331043956043955,0.09581048786640167,21.908866995073893,625.0,104,245.0,41.0,0.1673469387755102,0.11029556650246308,False,0.2465753424657534,0.06666666666666667,0.0,,,38,bicycle,0.05,0.1,region_crc,mask2former_swinb_cityscapes,acdc_night_targetcal100,26
,,,0.999748811356849,600,True,0.2369734432234432,0.23697344322344321,0.06357291340827942,20.238916256157637,600.0,104,245.0,55.0,0.22448979591836735,0.10157635467980292,False,0.3356164383561644,0.08,0.0,,,38,bicycle,0.05,0.1,heuristic,mask2former_swinb_cityscapes,acdc_night_targetcal100,26
,,,,-1,True,,0.8222413003663005,0.000642843428067863,,,406,,,0.8081632653061225,,False,,,,,,38,bicycle,0.05,0.1,argmax,mask2former_swinb_cityscapes,acdc_night_targetcal100,26
,,,0.999738181699178,597,True,0.2369734432234432,0.23697344322344321,0.061957694590091705,17.807881773399014,575.0,104,245.0,55.0,0.22448979591836735,0.10157635467980292,False,0.3356164383561644,0.08,0.0,,,38,bicycle,0.1,0.1,region_crc,mask2former_swinb_cityscapes,acdc_night_targetcal100,26
,,,0.9997194566362049,592,True,0.2463598901098901,0.24635989010989012,0.05962889641523361,17.807881773399014,575.0,104,245.0,58.0,0.23673469387755103,0.09256157635467979,False,0.3493150684931507,0.08,0.041666666666666664,,,38,bicycle,0.1,0.1,heuristic,mask2former_swinb_cityscapes,acdc_night_targetcal100,26
,,,,-1,True,,0.8222413003663005,0.000642843428067863,,,406,,,0.8081632653061225,,False,,,,,,38,bicycle,0.1,0.1,argmax,mask2former_swinb_cityscapes,acdc_night_targetcal100,26
,,,0.9996993923697371,587,True,0.2559752747252747,0.25597527472527476,0.05728035792708397,17.807881773399014,575.0,104,245.0,59.0,0.24081632653061225,0.09921182266009854,False,0.3493150684931507,0.09333333333333334,0.041666666666666664,,,38,bicycle,0.2,0.1,region_crc,mask2former_swinb_cityscapes,acdc_night_targetcal100,26
,,,0.9993207963673828,528,True,0.32715201465201466,0.32715201465201466,0.03422029688954353,13.748768472906404,525.0,104,245.0,79.0,0.3224489795918367,0.08369458128078819,False,0.4589041095890411,0.13333333333333333,0.08333333333333333,,,38,bicycle,0.2,0.1,heuristic,mask2former_swinb_cityscapes,acdc_night_targetcal100,26
,,,,-1,True,,0.8222413003663005,0.000642843428067863,,,406,,,0.8081632653061225,,False,,,,,,38,bicycle,0.2,0.1,argmax,mask2former_swinb_cityscapes,acdc_night_targetcal100,26
,,,0.9999815498458082,789,True,0.08527930402930403,0.08527930402930405,0.29095932841300964,28.84975369458128,775.0,104,245.0,18.0,0.07346938775510205,0.06413793103448273,False,0.0958904109589041,0.05333333333333334,0.0,,,38,bicycle,0.05,0.5,region_crc,mask2former_swinb_cityscapes,acdc_night_targetcal100,26
,,,0.9999571451479603,728,True,0.1835393772893773,0.1835393772893773,0.18876610696315765,28.536945812807883,725.0,104,245.0,36.0,0.1469387755102041,0.07517241379310345,False,0.2054794520547945,0.08,0.0,,,38,bicycle,0.05,0.5,heuristic,mask2former_swinb_cityscapes,acdc_night_targetcal100,26
,,,,-1,True,,0.8743475274725275,0.000642843428067863,,,406,,,0.8653061224489796,,False,,,,,,38,bicycle,0.05,0.5,argmax,mask2former_swinb_cityscapes,acdc_night_targetcal100,26
,,,0.9999571451479603,728,True,0.1835393772893773,0.1835393772893773,0.18876610696315765,28.536945812807883,725.0,104,245.0,36.0,0.1469387755102041,0.07517241379310345,False,0.2054794520547945,0.08,0.0,,,38,bicycle,0.1,0.5,region_crc,mask2former_swinb_cityscapes,acdc_night_targetcal100,26
,,,0.9998632271174405,644,True,0.2587225274725275,0.2587225274725275,0.09339408576488495,21.908866995073893,625.0,104,245.0,57.0,0.23265306122448978,0.11014778325123153,False,0.3219178082191781,0.12,0.041666666666666664,,,38,bicycle,0.1,0.5,heuristic,mask2former_swinb_cityscapes,acdc_night_targetcal100,26
,,,,-1,True,,0.8743475274725275,0.000642843428067863,,,406,,,0.8653061224489796,,False,,,,,,38,bicycle,0.1,0.5,argmax,mask2former_swinb_cityscapes,acdc_night_targetcal100,26
,,,0.9997623159713375,604,True,0.30061813186813185,0.30061813186813185,0.06579721719026566,20.238916256157637,600.0,104,245.0,74.0,0.3020408163265306,0.10418719211822663,False,0.410958904109589,0.14666666666666667,0.125,,,38,bicycle,0.2,0.5,region_crc,mask2former_swinb_cityscapes,acdc_night_targetcal100,26
,,,0.9996548562606642,577,True,0.3366071428571428,0.3366071428571428,0.053014304488897324,17.807881773399014,575.0,104,245.0,83.0,0.33877551020408164,0.09935960591133004,False,0.4520547945205479,0.18666666666666668,0.125,,,38,bicycle,0.2,0.5,heuristic,mask2former_swinb_cityscapes,acdc_night_targetcal100,26
,,,,-1,True,,0.8743475274725275,0.000642843428067863,,,406,,,0.8653061224489796,,False,,,,,,38,bicycle,0.2,0.5,argmax,mask2former_swinb_cityscapes,acdc_night_targetcal100,26
,,,0.9999610954855006,735,True,0.0342521645021645,0.0342521645021645,0.350603312253952,27.660098522167488,725.0,200,651.0,19.0,0.029185867895545316,0.08354679802955656,False,0.04090909090909091,0.005434782608695652,0.0,,,39,person,0.05,0.1,region_crc,mask2former_swinb_cityscapes,acdc_night_targetcal100,47
,,,0.999897670700772,665,True,0.07378814935064935,0.07378814935064934,0.2296474426984787,28.97536945812808,650.0,200,651.0,45.0,0.06912442396313365,0.07502463054187192,False,0.09545454545454546,0.016304347826086956,0.0,,,39,person,0.05,0.1,heuristic,mask2former_swinb_cityscapes,acdc_night_targetcal100,47
,,,,-1,True,,0.5290505466755466,0.005050742067396641,,,406,,,0.5161290322580645,,False,,,,,,39,person,0.05,0.1,argmax,mask2former_swinb_cityscapes,acdc_night_targetcal100,47
,,,0.9997075847622157,589,True,0.09886796536796538,0.09886796536796534,0.13778840005397797,24.775862068965516,575.0,200,651.0,69.0,0.10599078341013825,0.08921182266009853,False,0.14772727272727273,0.021739130434782608,0.0,,,39,person,0.1,0.1,region_crc,mask2former_swinb_cityscapes,acdc_night_targetcal100,47
,,,0.9994918405574394,549,True,0.12851406926406925,0.12851406926406925,0.10689102113246918,21.40394088669951,525.0,200,651.0,88.0,0.13517665130568357,0.09152709359605915,False,0.19090909090909092,0.021739130434782608,0.0,,,39,person,0.1,0.1,heuristic,mask2former_swinb_cityscapes,acdc_night_targetcal100,47
,,,,-1,True,,0.5290505466755466,0.005050742067396641,,,406,,,0.5161290322580645,,False,,,,,,39,person,0.1,0.1,argmax,mask2former_swinb_cityscapes,acdc_night_targetcal100,47
,,,0.9911284398796204,342,True,0.26873160866910867,0.26873160866910867,0.026329468935728073,8.874384236453203,325.0,200,651.0,177.0,0.271889400921659,0.11556650246305411,False,0.3795454545454545,0.05434782608695652,0.0,,,39,person,0.2,0.1,region_crc,mask2former_swinb_cityscapes,acdc_night_targetcal100,47
,,,0.9843685235735905,301,True,0.2951151071151071,0.2951151071151071,0.019591212272644043,7.857142857142857,300.0,200,651.0,193.0,0.2964669738863287,0.11773399014778319,False,0.4068181818181818,0.07608695652173914,0.0,,,39,person,0.2,0.1,heuristic,mask2former_swinb_cityscapes,acdc_night_targetcal100,47
,,,,-1,True,,0.5290505466755466,0.005050742067396641,,,406,,,0.5161290322580645,,False,,,,,,39,person,0.2,0.1,argmax,mask2former_swinb_cityscapes,acdc_night_targetcal100,47
,,,0.9999760116708099,770,True,0.0451271645021645,0.0451271645021645,0.4288890063762665,26.007389162561577,750.0,200,651.0,29.0,0.0445468509984639,0.07586206896551717,False,0.05909090909090909,0.016304347826086956,0.0,,,39,person,0.05,0.5,region_crc,mask2former_swinb_cityscapes,acdc_night_targetcal100,47
,,,0.9999527936958736,721,True,0.06712148268398269,0.06712148268398269,0.32444506883621216,28.354679802955665,700.0,200,651.0,45.0,0.06912442396313365,0.08394088669950739,False,0.09318181818181819,0.021739130434782608,0.0,,,39,person,0.05,0.5,heuristic,mask2former_swinb_cityscapes,acdc_night_targetcal100,47
,,,,-1,True,,0.6075868575868576,0.005050742067396641,,,406,,,0.5913978494623656,,False,,,,,,39,person,0.05,0.5,argmax,mask2former_swinb_cityscapes,acdc_night_targetcal100,47
,,,0.9998669545582022,646,True,0.1103073593073593,0.11030735930735931,0.2021031528711319,28.014778325123153,625.0,200,651.0,70.0,0.10752688172043011,0.049802955665024684,False,0.15,0.021739130434782608,0.0,,,39,person,0.1,0.5,region_crc,mask2former_swinb_cityscapes,acdc_night_targetcal100,47
,,,0.9998146468376585,622,True,0.12401569264069262,0.12401569264069262,0.17140893638134003,26.70689655172414,600.0,200,651.0,80.0,0.1228878648233487,0.07137931034482758,False,0.17272727272727273,0.021739130434782608,0.0,,,39,person,0.1,0.5,heuristic,mask2former_swinb_cityscapes,acdc_night_targetcal100,47
,,,,-1,True,,0.6075868575868576,0.005050742067396641,,,406,,,0.5913978494623656,,False,,,,,,39,person,0.1,0.5,argmax,mask2former_swinb_cityscapes,acdc_night_targetcal100,47
,,,0.9990137205143688,501,True,0.20098294067044065,0.20098294067044065,0.0770832747220993,19.495073891625616,500.0,200,651.0,134.0,0.20583717357910905,0.07541871921182264,False,0.2863636363636364,0.043478260869565216,0.0,,,39,person,0.2,0.5,region_crc,mask2former_swinb_cityscapes,acdc_night_targetcal100,47
,,,0.9971816170687355,425,True,0.2573781288156288,0.2573781288156288,0.04673190787434578,14.312807881773399,425.0,200,651.0,176.0,0.27035330261136714,0.08921182266009853,False,0.3704545454545455,0.06521739130434782,0.037037037037037035,,,39,person,0.2,0.5,heuristic,mask2former_swinb_cityscapes,acdc_night_targetcal100,47
,,,,-1,True,,0.6075868575868576,0.005050742067396641,,,406,,,0.5913978494623656,,False,,,,,,39,person,0.2,0.5,argmax,mask2former_swinb_cityscapes,acdc_night_targetcal100,47
,,,0.9999952356901319,887,True,0.011904761904761904,0.011904761904761904,0.5406192541122437,19.041871921182267,875.0,112,146.0,2.0,0.0136986301369863,0.09487684729064039,False,0.018691588785046728,0.0,0.0,,,39,rider,0.05,0.1,region_crc,mask2former_swinb_cityscapes,acdc_night_targetcal100,34
,,,0.9999600055250238,733,True,0.0744047619047619,0.0744047619047619,0.2115781456232071,26.288177339901477,725.0,112,146.0,10.0,0.0684931506849315,0.051724137931034475,False,0.09345794392523364,0.0,0.0,,,39,rider,0.05,0.1,heuristic,mask2former_swinb_cityscapes,acdc_night_targetcal100,34
,,,,-1,True,,0.7648809523809523,0.00040175835601985455,,,406,,,0.7671232876712328,,False,,,,,,39,rider,0.05,0.1,argmax,mask2former_swinb_cityscapes,acdc_night_targetcal100,34
,,,0.9999402964713416,704,True,0.0788690476190476,0.07886904761904763,0.17004960775375366,25.342364532019705,700.0,112,146.0,11.0,0.07534246575342465,0.05266009852216749,False,0.102803738317757,0.0,0.0,,,39,rider,0.1,0.1,region_crc,mask2former_swinb_cityscapes,acdc_night_targetcal100,34
,,,0.9999323917024608,695,True,0.08333333333333333,0.08333333333333334,0.1605319082736969,23.65024630541872,675.0,112,146.0,12.0,0.0821917808219178,0.0503448275862069,False,0.11214953271028037,0.0,0.0,,,39,rider,0.1,0.1,heuristic,mask2former_swinb_cityscapes,acdc_night_targetcal100,34
,,,,-1,True,,0.7648809523809523,0.00040175835601985455,,,406,,,0.7671232876712328,,False,,,,,,39,rider,0.1,0.1,argmax,mask2former_swinb_cityscapes,acdc_night_targetcal100,34
,,,0.9995982091891511,566,True,0.19047619047619047,0.1904761904761905,0.06527307629585266,15.448275862068966,550.0,112,146.0,26.0,0.1780821917808219,0.05517241379310345,False,0.22429906542056074,0.06666666666666667,0.0,,,39,rider,0.2,0.1,region_crc,mask2former_swinb_cityscapes,acdc_night_targetcal100,34
,,,0.9995982091891511,566,True,0.19047619047619047,0.1904761904761905,0.06527307629585266,15.448275862068966,550.0,112,146.0,26.0,0.1780821917808219,0.05517241379310345,False,0.22429906542056074,0.06666666666666667,0.0,,,39,rider,0.2,0.1,heuristic,mask2former_swinb_cityscapes,acdc_night_targetcal100,34
,,,,-1,True,,0.7648809523809523,0.00040175835601985455,,,406,,,0.7671232876712328,,False,,,,,,39,rider,0.2,0.1,argmax,mask2former_swinb_cityscapes,acdc_night_targetcal100,34
,,,0.9999964843955947,909,True,0.01636904761904762,0.01636904761904762,0.5886949300765991,15.933497536945813,900.0,112,146.0,3.0,0.02054794520547945,0.08034482758620692,False,0.028037383177570093,0.0,0.0,,,39,rider,0.05,0.5,region_crc,mask2former_swinb_cityscapes,acdc_night_targetcal100,34
,,,0.9999670390287823,747,True,0.09672619047619048,0.09672619047619048,0.234366774559021,26.288177339901477,725.0,112,146.0,13.0,0.08904109589041095,0.0463546798029556,False,0.11214953271028037,0.03333333333333333,0.0,,,39,rider,0.05,0.5,heuristic,mask2former_swinb_cityscapes,acdc_night_targetcal100,34
,,,,-1,True,,0.8184523809523808,0.00040175835601985455,,,406,,,0.821917808219178,,False,,,,,,39,rider,0.05,0.5,argmax,mask2former_swinb_cityscapes,acdc_night_targetcal100,34
,,,0.999950111551254,717,True,0.11458333333333333,0.11458333333333334,0.1881355494260788,25.342364532019705,700.0,112,146.0,16.0,0.1095890410958904,0.0624137931034483,False,0.14018691588785046,0.03333333333333333,0.0,,,39,rider,0.1,0.5,region_crc,mask2former_swinb_cityscapes,acdc_night_targetcal100,34
,,,0.999950111551254,717,True,0.11458333333333333,0.11458333333333334,0.1881355494260788,25.342364532019705,700.0,112,146.0,16.0,0.1095890410958904,0.0624137931034483,False,0.14018691588785046,0.03333333333333333,0.0,,,39,rider,0.1,0.5,heuristic,mask2former_swinb_cityscapes,acdc_night_targetcal100,34
,,,,-1,True,,0.8184523809523808,0.00040175835601985455,,,406,,,0.821917808219178,,False,,,,,,39,rider,0.1,0.5,argmax,mask2former_swinb_cityscapes,acdc_night_targetcal100,34
,,,0.9998293917610996,628,True,0.20386904761904762,0.20386904761904764,0.10224830359220505,20.699507389162562,625.0,112,146.0,28.0,0.1917808219178082,0.050935960591133034,False,0.22429906542056074,0.13333333333333333,0.0,,,39,rider,0.2,0.5,region_crc,mask2former_swinb_cityscapes,acdc_night_targetcal100,34
,,,0.9998293917610996,628,True,0.20386904761904762,0.20386904761904764,0.10224830359220505,20.699507389162562,625.0,112,146.0,28.0,0.1917808219178082,0.050935960591133034,False,0.22429906542056074,0.13333333333333333,0.0,,,39,rider,0.2,0.5,heuristic,mask2former_swinb_cityscapes,acdc_night_targetcal100,34
,,,,-1,True,,0.8184523809523808,0.00040175835601985455,,,406,,,0.821917808219178,,False,,,,,,39,rider,0.2,0.5,argmax,mask2former_swinb_cityscapes,acdc_night_targetcal100,34
,,,0.9999983327527875,963,True,0.0,0.0,0.714631199836731,10.926108374384237,963.0,106,236.0,0.0,0.0,0.07226600985221676,False,0.0,0.0,0.0,,,39,bicycle,0.05,0.1,region_crc,mask2former_swinb_cityscapes,acdc_night_targetcal100,24
,,,0.9999837070396737,798,True,0.029649595687331536,0.029649595687331536,0.30547472834587097,29.342364532019705,775.0,106,236.0,5.0,0.0211864406779661,0.09413793103448276,False,0.03546099290780142,0.0,0.0,,,39,bicycle,0.05,0.1,heuristic,mask2former_swinb_cityscapes,acdc_night_targetcal100,24
,,,,-1,True,,0.8220312967954476,0.0006524623022414744,,,406,,,0.788135593220339,,False,,,,,,39,bicycle,0.05,0.1,argmax,mask2former_swinb_cityscapes,acdc_night_targetcal100,24
,,,0.9999641903562897,741,True,0.06828391734052111,0.06828391734052111,0.20541810989379883,29.123152709359605,725.0,106,236.0,14.0,0.059322033898305086,0.07078817733990145,False,0.0851063829787234,0.028985507246376812,0.0,,,39,bicycle,0.1,0.1,region_crc,mask2former_swinb_cityscapes,acdc_night_targetcal100,24
,,,0.9999547102420097,724,True,0.09029649595687331,0.09029649595687331,0.1789155751466751,27.285714285714285,700.0,106,236.0,17.0,0.07203389830508475,0.07108374384236452,False,0.10638297872340426,0.028985507246376812,0.0,,,39,bicycle,0.1,0.1,heuristic,mask2former_swinb_cityscapes,acdc_night_targetcal100,24
,,,,-1,True,,0.8220312967954476,0.0006524623022414744,,,406,,,0.788135593220339,,False,,,,,,39,bicycle,0.1,0.1,argmax,mask2former_swinb_cityscapes,acdc_night_targetcal100,24
,,,0.9998451183381087,635,True,0.17767295597484276,0.17767295597484276,0.08677861094474792,21.714285714285715,625.0,106,236.0,34.0,0.1440677966101695,0.06586206896551722,False,0.2198581560283688,0.043478260869565216,0.0,,,39,bicycle,0.2,0.1,region_crc,mask2former_swinb_cityscapes,acdc_night_targetcal100,24
,,,0.9998120683183197,621,True,0.18508535489667566,0.18508535489667563,0.07736019790172577,20.110837438423644,600.0,106,236.0,37.0,0.15677966101694915,0.06251231527093598,False,0.24113475177304963,0.043478260869565216,0.0,,,39,bicycle,0.2,0.1,heuristic,mask2former_swinb_cityscapes,acdc_night_targetcal100,24
,,,,-1,True,,0.8220312967954476,0.0006524623022414744,,,406,,,0.788135593220339,,False,,,,,,39,bicycle,0.2,0.1,argmax,mask2former_swinb_cityscapes,acdc_night_targetcal100,24
,,,0.9999984004419714,966,True,0.0047169811320754715,0.0047169811320754715,0.7229171991348267,10.608374384236454,966.0,106,236.0,1.0,0.00423728813559322,0.08226600985221677,False,0.0070921985815602835,0.0,0.0,,,39,bicycle,0.05,0.5,region_crc,mask2former_swinb_cityscapes,acdc_night_targetcal100,24
,,,0.9999952356901319,887,True,0.01549865229110512,0.01549865229110512,0.518795371055603,21.766009852216747,875.0,106,236.0,3.0,0.012711864406779662,0.07517241379310341,False,0.02127659574468085,0.0,0.0,,,39,bicycle,0.05,0.5,heuristic,mask2former_swinb_cityscapes,acdc_night_targetcal100,24
,,,,-1,True,,0.8594227313566938,0.0006524623022414744,,,406,,,0.8347457627118644,,False,,,,,,39,bicycle,0.05,0.5,argmax,mask2former_swinb_cityscapes,acdc_night_targetcal100,24
,,,0.9999952356901319,887,True,0.01549865229110512,0.01549865229110512,0.518795371055603,21.766009852216747,875.0,106,236.0,3.0,0.012711864406779662,0.07517241379310341,False,0.02127659574468085,0.0,0.0,,,39,bicycle,0.1,0.5,region_crc,mask2former_swinb_cityscapes,acdc_night_targetcal100,24
,,,0.9999918341762865,848,True,0.023135669362084457,0.023135669362084454,0.4189523756504059,26.307881773399014,825.0,106,236.0,6.0,0.025423728813559324,0.07389162561576357,False,0.0425531914893617,0.0,0.0,,,39,bicycle,0.1,0.5,heuristic,mask2former_swinb_cityscapes,acdc_night_targetcal100,24
,,,,-1,True,,0.8594227313566938,0.0006524623022414744,,,406,,,0.8347457627118644,,False,,,,,,39,bicycle,0.1,0.5,argmax,mask2former_swinb_cityscapes,acdc_night_targetcal100,24
,,,0.9999605542697925,734,True,0.1500449236298293,0.1500449236298293,0.1937858760356903,29.123152709359605,725.0,106,236.0,25.0,0.1059322033898305,0.07078817733990145,False,0.15602836879432624,0.043478260869565216,0.0,,,39,bicycle,0.2,0.5,region_crc,mask2former_swinb_cityscapes,acdc_night_targetcal100,24
,,,0.9999323917024608,695,True,0.16891284815813118,0.16891284815813118,0.14278464019298553,25.726600985221676,675.0,106,236.0,30.0,0.1271186440677966,0.06729064039408866,False,0.18439716312056736,0.057971014492753624,0.0,,,39,bicycle,0.2,0.5,heuristic,mask2former_swinb_cityscapes,acdc_night_targetcal100,24
,,,,-1,True,,0.8594227313566938,0.0006524623022414744,,,406,,,0.8347457627118644,,False,,,,,,39,bicycle,0.2,0.5,argmax,mask2former_swinb_cityscapes,acdc_night_targetcal100,24
,,,0.999986196157354,810,True,0.011518243661100805,0.011518243661100805,0.5100279450416565,21.800492610837438,800.0,196,670.0,4.0,0.005970149253731343,0.09620689655172421,False,0.008849557522123894,0.0,0.0,,,40,person,0.05,0.1,region_crc,mask2former_swinb_cityscapes,acdc_night_targetcal100,51
,,,0.9999610954855006,735,True,0.02797839915186854,0.02797839915186854,0.3540048897266388,27.517241379310345,725.0,196,670.0,12.0,0.01791044776119403,0.0969950738916256,False,0.024336283185840708,0.005235602094240838,0.0,,,40,person,0.05,0.1,heuristic,mask2former_swinb_cityscapes,acdc_night_targetcal100,51
,,,,-1,True,,0.5064289452044555,0.005180743057280779,,,406,,,0.48507462686567165,,False,,,,,,40,person,0.05,0.1,argmax,mask2former_swinb_cityscapes,acdc_night_targetcal100,51
,,,0.9999244907772334,687,True,0.04587612642459581,0.04587612642459581,0.2698011100292206,29.142857142857142,675.0,196,670.0,27.0,0.04029850746268657,0.10408866995073895,False,0.05309734513274336,0.015706806282722512,0.0,,,40,person,0.1,0.1,region_crc,mask2former_swinb_cityscapes,acdc_night_targetcal100,51
,,,0.9998792186164893,653,True,0.06376998851488647,0.06376998851488647,0.21431277692317963,29.221674876847292,650.0,196,670.0,39.0,0.058208955223880594,0.10970443349753689,False,0.07964601769911504,0.015706806282722512,0.0,,,40,person,0.1,0.1,heuristic,mask2former_swinb_cityscapes,acdc_night_targetcal100,51
,,,,-1,True,,0.5064289452044555,0.005180743057280779,,,406,,,0.48507462686567165,,False,,,,,,40,person,0.1,0.1,argmax,mask2former_swinb_cityscapes,acdc_night_targetcal100,51
,,,0.9972960416358911,428,True,0.20231108885445617,0.20231108885445617,0.050607647746801376,14.490147783251231,425.0,196,670.0,132.0,0.19701492537313434,0.09748768472906402,False,0.2743362831858407,0.041884816753926704,0.0,,,40,person,0.2,0.1,region_crc,mask2former_swinb_cityscapes,acdc_night_targetcal100,51
,,,0.9956146930222501,393,True,0.2247952798335451,0.2247952798335451,0.039894092828035355,11.379310344827585,375.0,196,670.0,146.0,0.21791044776119403,0.08689655172413793,False,0.3008849557522124,0.05235602094240838,0.0,,,40,person,0.2,0.1,heuristic,mask2former_swinb_cityscapes,acdc_night_targetcal100,51
,,,,-1,True,,0.5064289452044555,0.005180743057280779,,,406,,,0.48507462686567165,,False,,,,,,40,person,0.2,0.1,argmax,mask2former_swinb_cityscapes,acdc_night_targetcal100,51
,,,0.9999913702145223,844,True,0.0107590113967665,0.0107590113967665,0.5726416110992432,19.379310344827587,825.0,196,670.0,8.0,0.011940298507462687,0.1184729064039409,False,0.01327433628318584,0.010471204188481676,0.0,,,40,person,0.05,0.5,region_crc,mask2former_swinb_cityscapes,acdc_night_targetcal100,51
,,,0.9999782229022764,777,True,0.033973297111052216,0.03397329711105221,0.4411238431930542,24.34975369458128,775.0,196,670.0,19.0,0.028358208955223882,0.11251231527093594,False,0.035398230088495575,0.015706806282722512,0.0,,,40,person,0.05,0.5,heuristic,mask2former_swinb_cityscapes,acdc_night_targetcal100,51
,,,,-1,True,,0.5825863478924703,0.005180743057280779,,,406,,,0.5656716417910448,,False,,,,,,40,person,0.05,0.5,argmax,mask2former_swinb_cityscapes,acdc_night_targetcal100,51
,,,0.9999565489775828,727,True,0.05669090688223341,0.05669090688223341,0.3386245369911194,27.517241379310345,725.0,196,670.0,35.0,0.05223880597014925,0.09192118226600982,False,0.06858407079646017,0.020942408376963352,0.0,,,40,person,0.1,0.5,region_crc,mask2former_swinb_cityscapes,acdc_night_targetcal100,51
,,,0.999901825205698,668,True,0.09212110168742821,0.09212110168742821,0.23516905307769775,29.221674876847292,650.0,196,670.0,57.0,0.08507462686567165,0.1266502463054187,False,0.1172566371681416,0.020942408376963352,0.0,,,40,person,0.1,0.5,heuristic,mask2former_swinb_cityscapes,acdc_night_targetcal100,51
,,,,-1,True,,0.5825863478924703,0.005180743057280779,,,406,,,0.5656716417910448,,False,,,,,,40,person,0.1,0.5,argmax,mask2former_swinb_cityscapes,acdc_night_targetcal100,51
,,,0.9994629682036298,545,True,0.17634657717565883,0.1763465771756588,0.10825030505657196,21.42118226600985,525.0,196,670.0,115.0,0.17164179104477612,0.06733990147783253,False,0.23893805309734514,0.03664921465968586,0.0,,,40,person,0.2,0.5,region_crc,mask2former_swinb_cityscapes,acdc_night_targetcal100,51
,,,0.9994629682036298,545,True,0.17634657717565883,0.1763465771756588,0.10825030505657196,21.42118226600985,525.0,196,670.0,115.0,0.17164179104477612,0.06733990147783253,False,0.23893805309734514,0.03664921465968586,0.0,,,40,person,0.2,0.5,heuristic,mask2former_swinb_cityscapes,acdc_night_targetcal100,51
,,,,-1,True,,0.5825863478924703,0.005180743057280779,,,406,,,0.5656716417910448,,False,,,,,,40,person,0.2,0.5,argmax,mask2former_swinb_cityscapes,acdc_night_targetcal100,51
,,,0.9999952356901319,887,True,0.011799410029498525,0.011799410029498525,0.5375733971595764,19.263546798029555,875.0,113,155.0,2.0,0.012903225806451613,0.08778325123152719,False,0.017857142857142856,0.0,0.0,,,40,rider,0.05,0.1,region_crc,mask2former_swinb_cityscapes,acdc_night_targetcal100,33
,,,0.999988779815457,825,True,0.025073746312684365,0.025073746312684365,0.38990509510040283,24.002463054187192,825.0,113,155.0,4.0,0.025806451612903226,0.05320197044334973,False,0.03571428571428571,0.0,0.0,,,40,rider,0.05,0.1,heuristic,mask2former_swinb_cityscapes,acdc_night_targetcal100,33
,,,,-1,True,,0.7890855457227139,0.0003893706889357418,,,406,,,0.7935483870967742,,False,,,,,,40,rider,0.05,0.1,argmax,mask2former_swinb_cityscapes,acdc_night_targetcal100,33
,,,0.9999402964713416,704,True,0.07817109144542772,0.07817109144542772,0.17042633891105652,25.492610837438423,700.0,113,155.0,12.0,0.07741935483870968,0.10403940886699509,False,0.10714285714285714,0.0,0.0,,,40,rider,0.1,0.1,region_crc,mask2former_swinb_cityscapes,acdc_night_targetcal100,33
,,,0.9999323917024608,695,True,0.08259587020648966,0.08259587020648966,0.1611456423997879,23.716748768472907,675.0,113,155.0,13.0,0.08387096774193549,0.10881773399014777,False,0.11607142857142858,0.0,0.0,,,40,rider,0.1,0.1,heuristic,mask2former_swinb_cityscapes,acdc_night_targetcal100,33
,,,,-1,True,,0.7890855457227139,0.0003893706889357418,,,406,,,0.7935483870967742,,False,,,,,,40,rider,0.1,0.1,argmax,mask2former_swinb_cityscapes,acdc_night_targetcal100,33
,,,0.999868780010098,647,True,0.13126843657817108,0.13126843657817108,0.11870618909597397,21.007389162561577,625.0,113,155.0,20.0,0.12903225806451613,0.0695073891625616,False,0.17857142857142858,0.0,0.0,,,40,rider,0.2,0.1,region_crc,mask2former_swinb_cityscapes,acdc_night_targetcal100,33
,,,0.9997986275750138,616,True,0.14454277286135692,0.14454277286135692,0.0953710526227951,19.364532019704434,600.0,113,155.0,22.0,0.14193548387096774,0.06256157635467985,False,0.1875,0.029411764705882353,0.0,,,40,rider,0.2,0.1,heuristic,mask2former_swinb_cityscapes,acdc_night_targetcal100,33
,,,,-1,True,,0.7890855457227139,0.0003893706889357418,,,406,,,0.7935483870967742,,False,,,,,,40,rider,0.2,0.1,argmax,mask2former_swinb_cityscapes,acdc_night_targetcal100,33
,,,0.9999964843955947,909,True,0.016224188790560472,0.016224188790560472,0.5836679339408875,16.435960591133004,900.0,113,155.0,3.0,0.01935483870967742,0.09532019704433503,False,0.026785714285714284,0.0,0.0,,,40,rider,0.05,0.5,region_crc,mask2former_swinb_cityscapes,acdc_night_targetcal100,33
,,,0.9999935434577096,865,True,0.025073746312684362,0.025073746312684362,0.48352184891700745,21.775862068965516,850.0,113,155.0,4.0,0.025806451612903226,0.0579310344827586,False,0.03571428571428571,0.0,0.0,,,40,rider,0.05,0.5,heuristic,mask2former_swinb_cityscapes,acdc_night_targetcal100,33
,,,,-1,True,,0.8466076696165192,0.0003893706889357418,,,406,,,0.8516129032258064,,False,,,,,,40,rider,0.05,0.5,argmax,mask2former_swinb_cityscapes,acdc_night_targetcal100,33
,,,0.9999899538420972,833,True,0.03392330383480826,0.03392330383480826,0.40871909260749817,24.002463054187192,825.0,113,155.0,6.0,0.03870967741935484,0.042266009852216735,False,0.044642857142857144,0.029411764705882353,0.0,,,40,rider,0.1,0.5,region_crc,mask2former_swinb_cityscapes,acdc_night_targetcal100,33
,,,0.999985003151645,804,True,0.051622418879056046,0.051622418879056046,0.3425711691379547,25.822660098522167,800.0,113,155.0,8.0,0.05161290322580645,0.056995073891625614,False,0.0625,0.029411764705882353,0.0,,,40,rider,0.1,0.5,heuristic,mask2former_swinb_cityscapes,acdc_night_targetcal100,33
,,,,-1,True,,0.8466076696165192,0.0003893706889357418,,,406,,,0.8516129032258064,,False,,,,,,40,rider,0.1,0.5,argmax,mask2former_swinb_cityscapes,acdc_night_targetcal100,33
,,,0.9999472770138578,713,True,0.09587020648967551,0.09587020648967551,0.18355928361415863,25.492610837438423,700.0,113,155.0,15.0,0.0967741935483871,0.0892610837438424,False,0.125,0.029411764705882353,0.0,,,40,rider,0.2,0.5,region_crc,mask2former_swinb_cityscapes,acdc_night_targetcal100,33
,,,0.9999314511773547,694,True,0.09587020648967551,0.09587020648967551,0.1601683646440506,23.716748768472907,675.0,113,155.0,15.0,0.0967741935483871,0.10881773399014777,False,0.125,0.029411764705882353,0.0,,,40,rider,0.2,0.5,heuristic,mask2former_swinb_cityscapes,acdc_night_targetcal100,33
,,,,-1,True,,0.8466076696165192,0.0003893706889357418,,,406,,,0.8516129032258064,,False,,,,,,40,rider,0.2,0.5,argmax,mask2former_swinb_cityscapes,acdc_night_targetcal100,33
,,,0.9999983327527875,963,True,0.0,0.0,0.7063977718353271,11.401477832512315,963.0,104,252.0,0.0,0.0,0.13251231527093593,False,0.0,0.0,0.0,,,40,bicycle,0.05,0.1,region_crc,mask2former_swinb_cityscapes,acdc_night_targetcal100,26
,,,0.9999867565846481,813,True,0.022206959706959704,0.022206959706959704,0.3354825973510742,28.25615763546798,800.0,104,252.0,5.0,0.01984126984126984,0.08497536945812806,False,0.033112582781456956,0.0,0.0,,,40,bicycle,0.05,0.1,heuristic,mask2former_swinb_cityscapes,acdc_night_targetcal100,26
,,,,-1,True,,0.8314293345543345,0.0006920664454810321,,,406,,,0.8015873015873016,,False,,,,,,40,bicycle,0.05,0.1,argmax,mask2former_swinb_cityscapes,acdc_night_targetcal100,26
,,,0.9999867565846481,813,True,0.022206959706959704,0.022206959706959704,0.3354825973510742,28.25615763546798,800.0,104,252.0,5.0,0.01984126984126984,0.08497536945812806,False,0.033112582781456956,0.0,0.0,,,40,bicycle,0.1,0.1,region_crc,mask2former_swinb_cityscapes,acdc_night_targetcal100,26
,,,0.9999631871026358,739,True,0.06318681318681318,0.06318681318681318,0.20533107221126556,29.09605911330049,725.0,104,252.0,15.0,0.05952380952380952,0.11246305418719216,False,0.08609271523178808,0.02531645569620253,0.0,,,40,bicycle,0.1,0.1,heuristic,mask2former_swinb_cityscapes,acdc_night_targetcal100,26
,,,,-1,True,,0.8314293345543345,0.0006920664454810321,,,406,,,0.8015873015873016,,False,,,,,,40,bicycle,0.1,0.1,argmax,mask2former_swinb_cityscapes,acdc_night_targetcal100,26
,,,0.999868780010098,647,True,0.14388736263736263,0.14388736263736263,0.10005510598421097,21.864532019704434,625.0,104,252.0,32.0,0.12698412698412698,0.09487684729064039,False,0.19205298013245034,0.0379746835443038,0.0,,,40,bicycle,0.2,0.1,region_crc,mask2former_swinb_cityscapes,acdc_night_targetcal100,26
,,,0.9998493392933814,637,True,0.14766483516483517,0.14766483516483514,0.09140496701002121,21.864532019704434,625.0,104,252.0,34.0,0.1349206349206349,0.09231527093596065,False,0.2052980132450331,0.0379746835443038,0.0,,,40,bicycle,0.2,0.1,heuristic,mask2former_swinb_cityscapes,acdc_night_targetcal100,26
,,,,-1,True,,0.8314293345543345,0.0006920664454810321,,,406,,,0.8015873015873016,,False,,,,,,40,bicycle,0.2,0.1,argmax,mask2former_swinb_cityscapes,acdc_night_targetcal100,26
,,,0.9999984004419714,966,True,0.004807692307692308,0.004807692307692308,0.7144288420677185,11.118226600985222,966.0,104,252.0,1.0,0.003968253968253968,0.12280788177339902,False,0.006622516556291391,0.0,0.0,,,40,bicycle,0.05,0.5,region_crc,mask2former_swinb_cityscapes,acdc_night_targetcal100,26
,,,0.9999982860426925,961,True,0.004807692307692308,0.004807692307692308,0.6980921626091003,11.800492610837438,961.0,104,252.0,1.0,0.003968253968253968,0.13236453201970447,False,0.006622516556291391,0.0,0.0,,,40,bicycle,0.05,0.5,heuristic,mask2former_swinb_cityscapes,acdc_night_targetcal100,26
,,,,-1,True,,0.8727449633699634,0.0006920664454810321,,,406,,,0.8492063492063492,,False,,,,,,40,bicycle,0.05,0.5,argmax,mask2former_swinb_cityscapes,acdc_night_targetcal100,26
,,,0.9999982860426925,961,True,0.004807692307692308,0.004807692307692308,0.6980921626091003,11.800492610837438,961.0,104,252.0,1.0,0.003968253968253968,0.13236453201970447,False,0.006622516556291391,0.0,0.0,,,40,bicycle,0.1,0.5,region_crc,mask2former_swinb_cityscapes,acdc_night_targetcal100,26
,,,0.9999815498458082,789,True,0.0644459706959707,0.0644459706959707,0.28710171580314636,29.32512315270936,775.0,104,252.0,15.0,0.05952380952380952,0.07118226600985217,False,0.07947019867549669,0.0379746835443038,0.0,,,40,bicycle,0.1,0.5,heuristic,mask2former_swinb_cityscapes,acdc_night_targetcal100,26
,,,,-1,True,,0.8727449633699634,0.0006920664454810321,,,406,,,0.8492063492063492,,False,,,,,,40,bicycle,0.1,0.5,argmax,mask2former_swinb_cityscapes,acdc_night_targetcal100,26
,,,0.9999739384645,764,True,0.09924450549450549,0.0992445054945055,0.2428731620311737,29.43349753694581,750.0,104,252.0,22.0,0.0873015873015873,0.08783251231527095,False,0.11920529801324503,0.05063291139240506,0.0,,,40,bicycle,0.2,0.5,region_crc,mask2former_swinb_cityscapes,acdc_night_targetcal100,26
,,,0.9999450459126142,710,True,0.15853937728937728,0.15853937728937728,0.16474808752536774,27.391625615763548,700.0,104,252.0,31.0,0.12301587301587301,0.12724137931034485,False,0.17218543046357615,0.06329113924050633,0.0,,,40,bicycle,0.2,0.5,heuristic,mask2former_swinb_cityscapes,acdc_night_targetcal100,26
,,,,-1,True,,0.8727449633699634,0.0006920664454810321,,,406,,,0.8492063492063492,,False,,,,,,40,bicycle,0.2,0.5,argmax,mask2former_swinb_cityscapes,acdc_night_targetcal100,26
,,,0.9999871175044831,815,True,0.0014230704838439645,0.0014230704838439645,0.5258327722549438,21.221674876847292,800.0,181,636.0,2.0,0.0031446540880503146,0.06512315270935964,False,0.004761904761904762,0.0,0.0,,,41,person,0.05,0.1,region_crc,mask2former_swinb_cityscapes,acdc_night_targetcal100,66
,,,0.9999871175044831,815,True,0.0014230704838439645,0.0014230704838439645,0.5258327722549438,21.221674876847292,800.0,181,636.0,2.0,0.0031446540880503146,0.06512315270935964,False,0.004761904761904762,0.0,0.0,,,41,person,0.05,0.1,heuristic,mask2former_swinb_cityscapes,acdc_night_targetcal100,66
,,,,-1,True,,0.4809107252477418,0.005381649825721979,,,406,,,0.4669811320754717,,False,,,,,,41,person,0.05,0.1,argmax,mask2former_swinb_cityscapes,acdc_night_targetcal100,66
,,,0.9999402964713416,704,True,0.03319551075075936,0.03319551075075936,0.3032604157924652,28.588669950738915,700.0,181,636.0,22.0,0.03459119496855346,0.09004926108374389,False,0.047619047619047616,0.010416666666666666,0.0,,,41,person,0.1,0.1,region_crc,mask2former_swinb_cityscapes,acdc_night_targetcal100,66
,,,0.9999244907772334,687,True,0.036648549424792516,0.036648549424792516,0.27337488532066345,29.38423645320197,675.0,181,636.0,24.0,0.03773584905660377,0.09280788177339905,False,0.05,0.015625,0.0,,,41,person,0.1,0.1,heuristic,mask2former_swinb_cityscapes,acdc_night_targetcal100,66
,,,,-1,True,,0.4809107252477418,0.005381649825721979,,,406,,,0.4669811320754717,,False,,,,,,41,person,0.1,0.1,argmax,mask2former_swinb_cityscapes,acdc_night_targetcal100,66
,,,0.9993748273072243,534,True,0.11733724378752004,0.11733724378752004,0.09981678426265717,22.18472906403941,525.0,181,636.0,79.0,0.12421383647798742,0.10793103448275865,False,0.17857142857142858,0.020833333333333332,0.0,,,41,person,0.2,0.1,region_crc,mask2former_swinb_cityscapes,acdc_night_targetcal100,66
,,,0.9992414224249708,520,True,0.12485247257346704,0.12485247257346704,0.09011661261320114,19.876847290640395,500.0,181,636.0,83.0,0.13050314465408805,0.08822660098522173,False,0.1880952380952381,0.020833333333333332,0.0,,,41,person,0.2,0.1,heuristic,mask2former_swinb_cityscapes,acdc_night_targetcal100,66
,,,,-1,True,,0.4809107252477418,0.005381649825721979,,,406,,,0.4669811320754717,,False,,,,,,41,person,0.2,0.1,argmax,mask2former_swinb_cityscapes,acdc_night_targetcal100,66
,,,0.9999907530182606,839,True,0.00842780607973978,0.00842780607973978,0.5683169960975647,19.08374384236453,825.0,181,636.0,9.0,0.014150943396226415,0.08246305418719208,False,0.016666666666666666,0.010416666666666666,0.0,,,41,person,0.05,0.5,region_crc,mask2former_swinb_cityscapes,acdc_night_targetcal100,66
,,,0.9999899538420972,833,True,0.00842780607973978,0.00842780607973978,0.5574901700019836,19.08374384236453,825.0,181,636.0,9.0,0.014150943396226415,0.08029556650246306,False,0.016666666666666666,0.010416666666666666,0.0,,,41,person,0.05,0.5,heuristic,mask2former_swinb_cityscapes,acdc_night_targetcal100,66
,,,,-1,True,,0.568001443001443,0.005381649825721979,,,406,,,0.550314465408805,,False,,,,,,41,person,0.05,0.5,argmax,mask2former_swinb_cityscapes,acdc_night_targetcal100,66
,,,0.9999805015540024,785,True,0.01680717992872689,0.01680717992872689,0.4642408490180969,24.017241379310345,775.0,181,636.0,15.0,0.02358490566037736,0.05334975369458128,False,0.02857142857142857,0.015625,0.0,,,41,person,0.1,0.5,region_crc,mask2former_swinb_cityscapes,acdc_night_targetcal100,66
,,,0.9999735759124267,763,True,0.022007665446891964,0.022007665446891964,0.41375529766082764,26.036945812807883,750.0,181,636.0,19.0,0.029874213836477988,0.07556650246305419,False,0.03571428571428571,0.020833333333333332,0.0,,,41,person,0.1,0.5,heuristic,mask2former_swinb_cityscapes,acdc_night_targetcal100,66
,,,,-1,True,,0.568001443001443,0.005381649825721979,,,406,,,0.550314465408805,,False,,,,,,41,person,0.1,0.5,argmax,mask2former_swinb_cityscapes,acdc_night_targetcal100,66
,,,0.9997986275750138,616,True,0.10981978426729809,0.10981978426729809,0.16856268048286438,26.923645320197043,600.0,181,636.0,68.0,0.1069182389937107,0.07197044334975367,False,0.1523809523809524,0.020833333333333332,0.0,,,41,person,0.2,0.5,region_crc,mask2former_swinb_cityscapes,acdc_night_targetcal100,66
,,,0.9997453169747414,599,True,0.11092475664298869,0.11092475664298869,0.15110079944133759,25.307881773399014,575.0,181,636.0,69.0,0.10849056603773585,0.08369458128078819,False,0.15476190476190477,0.020833333333333332,0.0,,,41,person,0.2,0.5,heuristic,mask2former_swinb_cityscapes,acdc_night_targetcal100,66
,,,,-1,True,,0.568001443001443,0.005381649825721979,,,406,,,0.550314465408805,,False,,,,,,41,person,0.2,0.5,argmax,mask2former_swinb_cityscapes,acdc_night_targetcal100,66
,,,0.9999973331413354,929,True,0.0,0.0,0.6245240569114685,13.642857142857142,925.0,115,150.0,0.0,0.0,0.07354679802955655,False,0.0,0.0,0.0,,,41,rider,0.05,0.1,region_crc,mask2former_swinb_cityscapes,acdc_night_targetcal100,31
,,,0.9999827813142501,794,True,0.030434782608695653,0.030434782608695653,0.32367491722106934,27.236453201970445,775.0,115,150.0,4.0,0.02666666666666667,0.08167487684729063,False,0.034782608695652174,0.0,0.0,,,41,rider,0.05,0.1,heuristic,mask2former_swinb_cityscapes,acdc_night_targetcal100,31
,,,,-1,True,,0.8057971014492753,0.0003525982901919633,,,406,,,0.8066666666666666,,False,,,,,,41,rider,0.05,0.1,argmax,mask2former_swinb_cityscapes,acdc_night_targetcal100,31
,,,0.9999827813142501,794,True,0.030434782608695653,0.030434782608695653,0.32367491722106934,27.236453201970445,775.0,115,150.0,4.0,0.02666666666666667,0.08167487684729063,False,0.034782608695652174,0.0,0.0,,,41,rider,0.1,0.1,region_crc,mask2former_swinb_cityscapes,acdc_night_targetcal100,31
,,,0.9999696610881581,753,True,0.043478260869565216,0.043478260869565216,0.24838417768478394,27.561576354679804,750.0,115,150.0,6.0,0.04,0.07305418719211823,False,0.05217391304347826,0.0,0.0,,,41,rider,0.1,0.1,heuristic,mask2former_swinb_cityscapes,acdc_night_targetcal100,31
,,,,-1,True,,0.8057971014492753,0.0003525982901919633,,,406,,,0.8066666666666666,,False,,,,,,41,rider,0.1,0.1,argmax,mask2former_swinb_cityscapes,acdc_night_targetcal100,31
,,,0.9999045007413978,670,True,0.0782608695652174,0.0782608695652174,0.13898412883281708,23.177339901477833,650.0,115,150.0,11.0,0.07333333333333333,0.10788177339901475,False,0.09565217391304348,0.0,0.0,,,41,rider,0.2,0.1,region_crc,mask2former_swinb_cityscapes,acdc_night_targetcal100,31
,,,0.9999045007413978,670,True,0.0782608695652174,0.0782608695652174,0.13898412883281708,23.177339901477833,650.0,115,150.0,11.0,0.07333333333333333,0.10788177339901475,False,0.09565217391304348,0.0,0.0,,,41,rider,0.2,0.1,heuristic,mask2former_swinb_cityscapes,acdc_night_targetcal100,31
,,,,-1,True,,0.8057971014492753,0.0003525982901919633,,,406,,,0.8066666666666666,,False,,,,,,41,rider,0.2,0.1,argmax,mask2former_swinb_cityscapes,acdc_night_targetcal100,31
,,,0.9999984004419714,966,True,0.0,0.0,0.702219545841217,10.423645320197044,966.0,115,150.0,0.0,0.0,0.11689655172413793,False,0.0,0.0,0.0,,,41,rider,0.05,0.5,region_crc,mask2former_swinb_cityscapes,acdc_night_targetcal100,31
,,,0.9999890855966355,827,True,0.04782608695652174,0.04782608695652174,0.3978840410709381,24.091133004926107,825.0,115,150.0,7.0,0.04666666666666667,0.07147783251231532,False,0.05217391304347826,0.034482758620689655,0.0,,,41,rider,0.05,0.5,heuristic,mask2former_swinb_cityscapes,acdc_night_targetcal100,31
,,,,-1,True,,0.853623188405797,0.0003525982901919633,,,406,,,0.8533333333333334,,False,,,,,,41,rider,0.05,0.5,argmax,mask2former_swinb_cityscapes,acdc_night_targetcal100,31
,,,0.9999890855966355,827,True,0.04782608695652174,0.04782608695652174,0.3978840410709381,24.091133004926107,825.0,115,150.0,7.0,0.04666666666666667,0.07147783251231532,False,0.05217391304347826,0.034482758620689655,0.0,,,41,rider,0.1,0.5,region_crc,mask2former_swinb_cityscapes,acdc_night_targetcal100,31
,,,0.9999788163886475,779,True,0.07391304347826087,0.07391304347826087,0.29593542218208313,27.236453201970445,775.0,115,150.0,10.0,0.06666666666666667,0.07645320197044336,False,0.0782608695652174,0.034482758620689655,0.0,,,41,rider,0.1,0.5,heuristic,mask2former_swinb_cityscapes,acdc_night_targetcal100,31
,,,,-1,True,,0.853623188405797,0.0003525982901919633,,,406,,,0.8533333333333334,,False,,,,,,41,rider,0.1,0.5,argmax,mask2former_swinb_cityscapes,acdc_night_targetcal100,31
,,,0.9999234403393089,686,True,0.12608695652173912,0.12608695652173912,0.1545286327600479,23.970443349753694,675.0,115,150.0,17.0,0.11333333333333333,0.1122167487684729,False,0.1391304347826087,0.034482758620689655,0.0,,,41,rider,0.2,0.5,region_crc,mask2former_swinb_cityscapes,acdc_night_targetcal100,31
,,,0.999917964845567,681,True,0.13043478260869565,0.13043478260869565,0.14943110942840576,23.970443349753694,675.0,115,150.0,18.0,0.12,0.10817733990147793,False,0.14782608695652175,0.034482758620689655,0.0,,,41,rider,0.2,0.5,heuristic,mask2former_swinb_cityscapes,acdc_night_targetcal100,31
,,,,-1,True,,0.853623188405797,0.0003525982901919633,,,406,,,0.8533333333333334,,False,,,,,,41,rider,0.2,0.5,argmax,mask2former_swinb_cityscapes,acdc_night_targetcal100,31
,,,0.9999974414141131,932,True,0.009259259259259259,0.009259259259259259,0.6263425946235657,16.007389162561577,925.0,108,252.0,1.0,0.003968253968253968,0.054482758620689686,False,0.00684931506849315,0.0,0.0,,,41,bicycle,0.05,0.1,region_crc,mask2former_swinb_cityscapes,acdc_night_targetcal100,22
,,,0.9999898140861194,832,True,0.010582010582010581,0.010582010582010581,0.3764013946056366,26.620689655172413,825.0,108,252.0,2.0,0.007936507936507936,0.060492610837438454,False,0.0136986301369863,0.0,0.0,,,41,bicycle,0.05,0.1,heuristic,mask2former_swinb_cityscapes,acdc_night_targetcal100,22
,,,,-1,True,,0.8361294826572603,0.0006568215903826058,,,406,,,0.8055555555555556,,False,,,,,,41,bicycle,0.05,0.1,argmax,mask2former_swinb_cityscapes,acdc_night_targetcal100,22
,,,0.9999898140861194,832,True,0.010582010582010581,0.010582010582010581,0.3764013946056366,26.620689655172413,825.0,108,252.0,2.0,0.007936507936507936,0.060492610837438454,False,0.0136986301369863,0.0,0.0,,,41,bicycle,0.1,0.1,region_crc,mask2former_swinb_cityscapes,acdc_night_targetcal100,22
,,,0.9999720745615877,759,True,0.04409171075837742,0.04409171075837742,0.2337011694908142,29.554187192118228,750.0,108,252.0,10.0,0.03968253968253968,0.07152709359605913,False,0.06164383561643835,0.012195121951219513,0.0,,,41,bicycle,0.1,0.1,heuristic,mask2former_swinb_cityscapes,acdc_night_targetcal100,22
,,,,-1,True,,0.8361294826572603,0.0006568215903826058,,,406,,,0.8055555555555556,,False,,,,,,41,bicycle,0.1,0.1,argmax,mask2former_swinb_cityscapes,acdc_night_targetcal100,22
,,,0.9999605542697925,734,True,0.0701058201058201,0.0701058201058201,0.1971132606267929,29.110837438423644,725.0,108,252.0,16.0,0.06349206349206349,0.06502463054187196,False,0.08904109589041095,0.036585365853658534,0.0,,,41,bicycle,0.2,0.1,region_crc,mask2former_swinb_cityscapes,acdc_night_targetcal100,22
,,,0.9999547102420097,724,True,0.0716490299823633,0.07164902998236332,0.18310092389583588,27.692118226600986,700.0,108,252.0,17.0,0.06746031746031746,0.08152709359605903,False,0.08904109589041095,0.04878048780487805,0.0,,,41,bicycle,0.2,0.1,heuristic,mask2former_swinb_cityscapes,acdc_night_targetcal100,22
,,,,-1,True,,0.8361294826572603,0.0006568215903826058,,,406,,,0.8055555555555556,,False,,,,,,41,bicycle,0.2,0.1,argmax,mask2former_swinb_cityscapes,acdc_night_targetcal100,22
,,,0.9999986448105876,978,True,0.0,0.0,0.7556639313697815,9.35960591133005,978.0,108,252.0,0.0,0.0,0.0892610837438424,False,0.0,0.0,0.0,,,41,bicycle,0.05,0.5,region_crc,mask2former_swinb_cityscapes,acdc_night_targetcal100,22
,,,0.999991488619618,845,True,0.03582451499118166,0.03582451499118166,0.40739524364471436,26.620689655172413,825.0,108,252.0,8.0,0.031746031746031744,0.08571428571428569,False,0.04794520547945205,0.012195121951219513,0.0,,,41,bicycle,0.05,0.5,heuristic,mask2former_swinb_cityscapes,acdc_night_targetcal100,22
,,,,-1,True,,0.8820877425044092,0.0006568215903826058,,,406,,,0.8571428571428571,,False,,,,,,41,bicycle,0.05,0.5,argmax,mask2former_swinb_cityscapes,acdc_night_targetcal100,22
,,,0.999991488619618,845,True,0.03582451499118166,0.03582451499118166,0.40739524364471436,26.620689655172413,825.0,108,252.0,8.0,0.031746031746031744,0.08571428571428569,False,0.04794520547945205,0.012195121951219513,0.0,,,41,bicycle,0.1,0.5,region_crc,mask2former_swinb_cityscapes,acdc_night_targetcal100,22
,,,0.9999908798916064,840,True,0.03736772486772487,0.037367724867724876,0.39513537287712097,26.620689655172413,825.0,108,252.0,9.0,0.03571428571428571,0.0731034482758621,False,0.04794520547945205,0.024390243902439025,0.0,,,41,bicycle,0.1,0.5,heuristic,mask2former_swinb_cityscapes,acdc_night_targetcal100,22
,,,,-1,True,,0.8820877425044092,0.0006568215903826058,,,406,,,0.8571428571428571,,False,,,,,,41,bicycle,0.1,0.5,argmax,mask2former_swinb_cityscapes,acdc_night_targetcal100,22
,,,0.999963692194523,740,True,0.13723544973544974,0.13723544973544974,0.20586171746253967,29.110837438423644,725.0,108,252.0,26.0,0.10317460317460317,0.07807881773399017,False,0.136986301369863,0.07317073170731707,0.0,,,41,bicycle,0.2,0.5,region_crc,mask2former_swinb_cityscapes,acdc_night_targetcal100,22
,,,0.9999616292754507,736,True,0.13723544973544974,0.13723544973544974,0.20033743977546692,29.110837438423644,725.0,108,252.0,26.0,0.10317460317460317,0.07241379310344831,False,0.136986301369863,0.07317073170731707,0.0,,,41,bicycle,0.2,0.5,heuristic,mask2former_swinb_cityscapes,acdc_night_targetcal100,22
,,,,-1,True,,0.8820877425044092,0.0006568215903826058,,,406,,,0.8571428571428571,,False,,,,,,41,bicycle,0.2,0.5,argmax,mask2former_swinb_cityscapes,acdc_night_targetcal100,22
,,,0.9999265486131843,689,True,0.057256850594414044,0.057256850594414044,0.2754729390144348,29.47783251231527,675.0,197,649.0,32.0,0.04930662557781202,0.07019704433497531,False,0.06697459584295612,0.015873015873015872,0.0,,,42,person,0.05,0.1,region_crc,mask2former_swinb_cityscapes,acdc_night_targetcal100,50
,,,0.9999004594582649,667,True,0.07070478168193904,0.07070478168193904,0.23721572756767273,29.665024630541872,650.0,197,649.0,39.0,0.060092449922958396,0.09241379310344827,False,0.08314087759815242,0.015873015873015872,0.0,,,42,person,0.05,0.1,heuristic,mask2former_swinb_cityscapes,acdc_night_targetcal100,50
,,,,-1,True,,0.510721469731622,0.004988770000636578,,,406,,,0.4884437596302003,,False,,,,,,42,person,0.05,0.1,argmax,mask2former_swinb_cityscapes,acdc_night_targetcal100,50
,,,0.9996402506648443,574,True,0.10964137385457182,0.10964137385457182,0.12881971895694733,23.876847290640395,550.0,197,649.0,69.0,0.10631741140215717,0.08669950738916266,False,0.15011547344110854,0.021164021164021163,0.0,,,42,person,0.1,0.1,region_crc,mask2former_swinb_cityscapes,acdc_night_targetcal100,50
,,,0.9995322648587128,555,True,0.1219048717779682,0.12190487177796823,0.11388495564460754,23.876847290640395,550.0,197,649.0,79.0,0.12172573189522343,0.09177339901477832,False,0.17321016166281755,0.021164021164021163,0.0,,,42,person,0.1,0.1,heuristic,mask2former_swinb_cityscapes,acdc_night_targetcal100,50
,,,,-1,True,,0.510721469731622,0.004988770000636578,,,406,,,0.4884437596302003,,False,,,,,,42,person,0.1,0.1,argmax,mask2former_swinb_cityscapes,acdc_night_targetcal100,50
,,,0.9985478883824123,473,True,0.16890590374092912,0.16890590374092912,0.06619253009557724,16.039408866995075,450.0,197,649.0,104.0,0.16024653312788906,0.07054187192118228,False,0.22632794457274827,0.031746031746031744,0.0,,,42,person,0.2,0.1,region_crc,mask2former_swinb_cityscapes,acdc_night_targetcal100,50
,,,0.9976121887170868,437,True,0.18940353921318384,0.18940353921318387,0.05241437628865242,14.541871921182265,425.0,197,649.0,119.0,0.18335901386748846,0.07733990147783251,False,0.2586605080831409,0.037037037037037035,0.0,,,42,person,0.2,0.1,heuristic,mask2former_swinb_cityscapes,acdc_night_targetcal100,50
,,,,-1,True,,0.510721469731622,0.004988770000636578,,,406,,,0.4884437596302003,,False,,,,,,42,person,0.2,0.1,argmax,mask2former_swinb_cityscapes,acdc_night_targetcal100,50
,,,0.9999776127886143,775,True,0.04479915177884721,0.04479915177884721,0.44061556458473206,24.157635467980295,775.0,197,649.0,25.0,0.03852080123266564,0.05467980295566499,False,0.04849884526558892,0.021164021164021163,0.0,,,42,person,0.05,0.5,region_crc,mask2former_swinb_cityscapes,acdc_night_targetcal100,50
,,,0.9999465435640603,712,True,0.07768063155118993,0.07768063155118993,0.31384146213531494,28.613300492610836,700.0,197,649.0,46.0,0.07087827426810478,0.07162561576354687,False,0.09699769053117784,0.021164021164021163,0.0,,,42,person,0.05,0.5,heuristic,mask2former_swinb_cityscapes,acdc_night_targetcal100,50
,,,,-1,True,,0.5941685781787306,0.004988770000636578,,,406,,,0.5685670261941448,,False,,,,,,42,person,0.05,0.5,argmax,mask2former_swinb_cityscapes,acdc_night_targetcal100,50
,,,0.999901825205698,668,True,0.09635880194255828,0.09635880194255828,0.23866114020347595,29.665024630541872,650.0,197,649.0,59.0,0.09090909090909091,0.08748768472906404,False,0.12702078521939955,0.021164021164021163,0.0,,,42,person,0.1,0.5,region_crc,mask2former_swinb_cityscapes,acdc_night_targetcal100,50
,,,0.9998841222643845,656,True,0.09720482563122158,0.09720482563122157,0.22157332301139832,29.665024630541872,650.0,197,649.0,60.0,0.09244992295839753,0.09009852216748765,False,0.12933025404157045,0.021164021164021163,0.0,,,42,person,0.1,0.5,heuristic,mask2former_swinb_cityscapes,acdc_night_targetcal100,50
,,,,-1,True,,0.5941685781787306,0.004988770000636578,,,406,,,0.5685670261941448,,False,,,,,,42,person,0.1,0.5,argmax,mask2former_swinb_cityscapes,acdc_night_targetcal100,50
,,,0.9995512546100669,558,True,0.1644588561466734,0.1644588561466734,0.11600761115550995,23.876847290640395,550.0,197,649.0,103.0,0.15870570107858242,0.09206896551724131,False,0.22401847575057737,0.031746031746031744,0.0,,,42,person,0.2,0.5,region_crc,mask2former_swinb_cityscapes,acdc_night_targetcal100,50
,,,0.9991643969817687,513,True,0.1801298180105287,0.1801298180105287,0.08518897742033005,19.554187192118228,500.0,197,649.0,111.0,0.17103235747303544,0.07842364532019708,False,0.23787528868360278,0.042328042328042326,0.0,,,42,person,0.2,0.5,heuristic,mask2former_swinb_cityscapes,acdc_night_targetcal100,50
,,,,-1,True,,0.5941685781787306,0.004988770000636578,,,406,,,0.5685670261941448,,False,,,,,,42,person,0.2,0.5,argmax,mask2former_swinb_cityscapes,acdc_night_targetcal100,50
,,,0.9999973331413354,929,True,0.002898550724637681,0.002898550724637681,0.6226503252983093,13.551724137931034,925.0,115,153.0,1.0,0.006535947712418301,0.08684729064039409,False,0.008771929824561403,0.0,0.0,,,42,rider,0.05,0.1,region_crc,mask2former_swinb_cityscapes,acdc_night_targetcal100,31
,,,0.999988779815457,825,True,0.02028985507246377,0.020289855072463767,0.3942249119281769,23.805418719211822,825.0,115,153.0,3.0,0.0196078431372549,0.07118226600985222,False,0.02631578947368421,0.0,0.0,,,42,rider,0.05,0.1,heuristic,mask2former_swinb_cityscapes,acdc_night_targetcal100,31
,,,,-1,True,,0.7797101449275363,0.00037808166234754026,,,406,,,0.7843137254901961,,False,,,,,,42,rider,0.05,0.1,argmax,mask2former_swinb_cityscapes,acdc_night_targetcal100,31
,,,0.999988779815457,825,True,0.02028985507246377,0.020289855072463767,0.3942249119281769,23.805418719211822,825.0,115,153.0,3.0,0.0196078431372549,0.07118226600985222,False,0.02631578947368421,0.0,0.0,,,42,rider,0.1,0.1,region_crc,mask2former_swinb_cityscapes,acdc_night_targetcal100,31
,,,0.9999651662684964,743,True,0.05072463768115942,0.050724637681159424,0.2277458757162094,26.985221674876847,725.0,115,153.0,7.0,0.0457516339869281,0.04916256157635468,False,0.06140350877192982,0.0,0.0,,,42,rider,0.1,0.1,heuristic,mask2former_swinb_cityscapes,acdc_night_targetcal100,31
,,,,-1,True,,0.7797101449275363,0.00037808166234754026,,,406,,,0.7843137254901961,,False,,,,,,42,rider,0.1,0.1,argmax,mask2former_swinb_cityscapes,acdc_night_targetcal100,31
,,,0.999868780010098,647,True,0.13333333333333333,0.13333333333333333,0.11996977031230927,21.123152709359605,625.0,115,153.0,20.0,0.13071895424836602,0.10206896551724137,False,0.17543859649122806,0.0,0.0,,,42,rider,0.2,0.1,region_crc,mask2former_swinb_cityscapes,acdc_night_targetcal100,31
,,,0.9998171899783858,623,True,0.13768115942028986,0.13768115942028986,0.1009516790509224,19.354679802955665,600.0,115,153.0,21.0,0.13725490196078433,0.09975369458128078,False,0.17543859649122806,0.030303030303030304,0.0,,,42,rider,0.2,0.1,heuristic,mask2former_swinb_cityscapes,acdc_night_targetcal100,31
,,,,-1,True,,0.7797101449275363,0.00037808166234754026,,,406,,,0.7843137254901961,,False,,,,,,42,rider,0.2,0.1,argmax,mask2former_swinb_cityscapes,acdc_night_targetcal100,31
,,,0.9999984004419714,966,True,0.002898550724637681,0.002898550724637681,0.7086998224258423,10.02216748768473,966.0,115,153.0,1.0,0.006535947712418301,0.12039408866995072,False,0.008771929824561403,0.0,0.0,,,42,rider,0.05,0.5,region_crc,mask2former_swinb_cityscapes,acdc_night_targetcal100,31
,,,0.9999899538420972,833,True,0.03768115942028985,0.03768115942028985,0.41206905245780945,23.805418719211822,825.0,115,153.0,6.0,0.0392156862745098,0.06876847290640392,False,0.043859649122807015,0.030303030303030304,0.0,,,42,rider,0.05,0.5,heuristic,mask2former_swinb_cityscapes,acdc_night_targetcal100,31
,,,,-1,True,,0.8405797101449276,0.00037808166234754026,,,406,,,0.8431372549019608,,False,,,,,,42,rider,0.05,0.5,argmax,mask2former_swinb_cityscapes,acdc_night_targetcal100,31
,,,0.9999899538420972,833,True,0.03768115942028985,0.03768115942028985,0.41206905245780945,23.805418719211822,825.0,115,153.0,6.0,0.0392156862745098,0.06876847290640392,False,0.043859649122807015,0.030303030303030304,0.0,,,42,rider,0.1,0.5,region_crc,mask2former_swinb_cityscapes,acdc_night_targetcal100,31
,,,0.999985003151645,804,True,0.05507246376811594,0.05507246376811595,0.3449302613735199,26.214285714285715,800.0,115,153.0,8.0,0.05228758169934641,0.0730541871921182,False,0.06140350877192982,0.030303030303030304,0.0,,,42,rider,0.1,0.5,heuristic,mask2former_swinb_cityscapes,acdc_night_targetcal100,31
,,,,-1,True,,0.8405797101449276,0.00037808166234754026,,,406,,,0.8431372549019608,,False,,,,,,42,rider,0.1,0.5,argmax,mask2former_swinb_cityscapes,acdc_night_targetcal100,31
,,,0.999901825205698,668,True,0.14637681159420293,0.14637681159420293,0.13751079142093658,23.11576354679803,650.0,115,153.0,22.0,0.1437908496732026,0.09960591133004926,False,0.18421052631578946,0.030303030303030304,0.0,,,42,rider,0.2,0.5,region_crc,mask2former_swinb_cityscapes,acdc_night_targetcal100,31
,,,0.999882510244506,655,True,0.163768115942029,0.163768115942029,0.12703901529312134,23.11576354679803,650.0,115,153.0,24.0,0.1568627450980392,0.1068472906403941,False,0.20175438596491227,0.030303030303030304,0.0,,,42,rider,0.2,0.5,heuristic,mask2former_swinb_cityscapes,acdc_night_targetcal100,31
,,,,-1,True,,0.8405797101449276,0.00037808166234754026,,,406,,,0.8431372549019608,,False,,,,,,42,rider,0.2,0.5,argmax,mask2former_swinb_cityscapes,acdc_night_targetcal100,31
,,,0.9999974414141131,932,True,0.009433962264150943,0.009433962264150943,0.6256000995635986,15.761083743842365,925.0,106,245.0,1.0,0.004081632653061225,0.07295566502463055,False,0.006993006993006993,0.0,0.0,,,42,bicycle,0.05,0.1,region_crc,mask2former_swinb_cityscapes,acdc_night_targetcal100,24
,,,0.9999867565846481,813,True,0.02650494159928122,0.026504941599281222,0.3368352949619293,28.49014778325123,800.0,106,245.0,5.0,0.02040816326530612,0.09044334975369456,False,0.03496503496503497,0.0,0.0,,,42,bicycle,0.05,0.1,heuristic,mask2former_swinb_cityscapes,acdc_night_targetcal100,24
,,,,-1,True,,0.8138551961665169,0.000734532019123435,,,406,,,0.7918367346938775,,False,,,,,,42,bicycle,0.05,0.1,argmax,mask2former_swinb_cityscapes,acdc_night_targetcal100,24
,,,0.9999720745615877,759,True,0.049640610961365676,0.049640610961365676,0.2363172322511673,29.642857142857142,750.0,106,245.0,11.0,0.044897959183673466,0.09123152709359605,False,0.06993006993006994,0.013333333333333334,0.0,,,42,bicycle,0.1,0.1,region_crc,mask2former_swinb_cityscapes,acdc_night_targetcal100,24
,,,0.9998990747113923,666,True,0.13739892183288407,0.13739892183288407,0.11764195561408997,24.571428571428573,650.0,106,245.0,30.0,0.12244897959183673,0.10600985221674875,False,0.1888111888111888,0.04,0.0,,,42,bicycle,0.1,0.1,heuristic,mask2former_swinb_cityscapes,acdc_night_targetcal100,24
,,,,-1,True,,0.8138551961665169,0.000734532019123435,,,406,,,0.7918367346938775,,False,,,,,,42,bicycle,0.1,0.1,argmax,mask2former_swinb_cityscapes,acdc_night_targetcal100,24
,,,0.9998493392933814,637,True,0.16311769991015274,0.16311769991015274,0.09174808114767075,22.226600985221676,625.0,106,245.0,38.0,0.15510204081632653,0.1261576354679803,False,0.23776223776223776,0.05333333333333334,0.0,,,42,bicycle,0.2,0.1,region_crc,mask2former_swinb_cityscapes,acdc_night_targetcal100,24
,,,0.9997194566362049,592,True,0.22598831985624437,0.2259883198562444,0.062072865664958954,18.330049261083744,575.0,106,245.0,54.0,0.22040816326530613,0.10674876847290637,False,0.32867132867132864,0.08,0.037037037037037035,,,42,bicycle,0.2,0.1,heuristic,mask2former_swinb_cityscapes,acdc_night_targetcal100,24
,,,,-1,True,,0.8138551961665169,0.000734532019123435,,,406,,,0.7918367346938775,,False,,,,,,42,bicycle,0.2,0.1,argmax,mask2former_swinb_cityscapes,acdc_night_targetcal100,24
,,,0.9999986448105876,978,True,0.0,0.0,0.7503737211227417,9.428571428571429,978.0,106,245.0,0.0,0.0,0.05364532019704432,False,0.0,0.0,0.0,,,42,bicycle,0.05,0.5,region_crc,mask2former_swinb_cityscapes,acdc_night_targetcal100,24
,,,0.9999982860426925,961,True,0.009433962264150943,0.009433962264150943,0.7052552103996277,11.041871921182265,961.0,106,245.0,1.0,0.004081632653061225,0.06729064039408866,False,0.006993006993006993,0.0,0.0,,,42,bicycle,0.05,0.5,heuristic,mask2former_swinb_cityscapes,acdc_night_targetcal100,24
,,,,-1,True,,0.8691711590296497,0.000734532019123435,,,406,,,0.8489795918367347,,False,,,,,,42,bicycle,0.05,0.5,argmax,mask2former_swinb_cityscapes,acdc_night_targetcal100,24
,,,0.9999942983572772,874,True,0.023135669362084457,0.023135669362084457,0.47802087664604187,24.64039408866995,850.0,106,245.0,5.0,0.02040816326530612,0.0905911330049261,False,0.027972027972027972,0.013333333333333334,0.0,,,42,bicycle,0.1,0.5,region_crc,mask2former_swinb_cityscapes,acdc_night_targetcal100,24
,,,0.9999739384645,764,True,0.10995058400718778,0.10995058400718778,0.24390719830989838,29.642857142857142,750.0,106,245.0,23.0,0.09387755102040816,0.0892610837438424,False,0.1258741258741259,0.06666666666666667,0.0,,,42,bicycle,0.1,0.5,heuristic,mask2former_swinb_cityscapes,acdc_night_targetcal100,24
,,,,-1,True,,0.8691711590296497,0.000734532019123435,,,406,,,0.8489795918367347,,False,,,,,,42,bicycle,0.1,0.5,argmax,mask2former_swinb_cityscapes,acdc_night_targetcal100,24
,,,0.9999571451479603,728,True,0.15963611859838275,0.15963611859838275,0.1916409134864807,29.278325123152708,725.0,106,245.0,32.0,0.1306122448979592,0.08167487684729058,False,0.1888111888111888,0.06666666666666667,0.0,,,42,bicycle,0.2,0.5,region_crc,mask2former_swinb_cityscapes,acdc_night_targetcal100,24
,,,0.9999083779509877,673,True,0.17850404312668464,0.17850404312668464,0.12371908128261566,24.571428571428573,650.0,106,245.0,40.0,0.16326530612244897,0.12325123152709361,False,0.24475524475524477,0.06666666666666667,0.0,,,42,bicycle,0.2,0.5,heuristic,mask2former_swinb_cityscapes,acdc_night_targetcal100,24
,,,,-1,True,,0.8691711590296497,0.000734532019123435,,,406,,,0.8489795918367347,,False,,,,,,42,bicycle,0.2,0.5,argmax,mask2former_swinb_cityscapes,acdc_night_targetcal100,24
,,,0.9999377699714831,701,True,0.052439288353922496,0.052439288353922496,0.29081231355667114,28.7192118226601,700.0,205,680.0,32.0,0.047058823529411764,0.09280788177339905,False,0.06479481641468683,0.010309278350515464,0.0,,,43,person,0.05,0.1,region_crc,mask2former_swinb_cityscapes,acdc_night_targetcal100,42
,,,0.999781223837605,610,True,0.08889927146024706,0.08889927146024706,0.15669028460979462,27.108374384236452,600.0,205,680.0,58.0,0.08529411764705883,0.06655172413793098,False,0.11663066954643629,0.020618556701030927,0.0,,,43,person,0.05,0.1,heuristic,mask2former_swinb_cityscapes,acdc_night_targetcal100,42
,,,,-1,True,,0.5160089097893976,0.005054684821516275,,,406,,,0.4970588235294118,,False,,,,,,43,person,0.05,0.1,argmax,mask2former_swinb_cityscapes,acdc_night_targetcal100,42
,,,0.9996402506648443,574,True,0.10946098616830324,0.10946098616830324,0.12405102699995041,23.834975369458128,550.0,205,680.0,74.0,0.10882352941176471,0.07251231527093593,False,0.1511879049676026,0.020618556701030927,0.0,,,43,person,0.1,0.1,region_crc,mask2former_swinb_cityscapes,acdc_night_targetcal100,42
,,,0.9995450119398499,557,True,0.1159613557174533,0.11596135571745327,0.1101752296090126,23.834975369458128,550.0,205,680.0,82.0,0.12058823529411765,0.07320197044334975,False,0.16846652267818574,0.020618556701030927,0.0,,,43,person,0.1,0.1,heuristic,mask2former_swinb_cityscapes,acdc_night_targetcal100,42
,,,,-1,True,,0.5160089097893976,0.005054684821516275,,,406,,,0.4970588235294118,,False,,,,,,43,person,0.1,0.1,argmax,mask2former_swinb_cityscapes,acdc_night_targetcal100,42
,,,0.9972960416358911,428,True,0.20180892955283197,0.20180892955283197,0.04734031483530998,14.125615763546797,425.0,205,680.0,135.0,0.19852941176470587,0.07064039408866993,False,0.27213822894168466,0.04639175257731959,0.0,,,43,person,0.2,0.1,region_crc,mask2former_swinb_cityscapes,acdc_night_targetcal100,42
,,,0.9965326314954747,410,True,0.21439418982101907,0.21439418982101907,0.04175403341650963,12.433497536945813,400.0,205,680.0,144.0,0.21176470588235294,0.0751231527093596,False,0.2915766738660907,0.04639175257731959,0.0,,,43,person,0.2,0.1,heuristic,mask2former_swinb_cityscapes,acdc_night_targetcal100,42
,,,,-1,True,,0.5160089097893976,0.005054684821516275,,,406,,,0.4970588235294118,,False,,,,,,43,person,0.2,0.1,argmax,mask2former_swinb_cityscapes,acdc_night_targetcal100,42
,,,0.9999899538420972,833,True,0.020246014148453173,0.020246014148453173,0.5603718757629395,19.300492610837438,825.0,205,680.0,13.0,0.01911764705882353,0.05891625615763546,False,0.02591792656587473,0.005154639175257732,0.0,,,43,person,0.05,0.5,region_crc,mask2former_swinb_cityscapes,acdc_night_targetcal100,42
,,,0.9999621557415282,737,True,0.05883618414106218,0.05883618414106218,0.35753417015075684,28.17487684729064,725.0,205,680.0,39.0,0.057352941176470586,0.07600985221674872,False,0.07775377969762419,0.015463917525773196,0.0,,,43,person,0.05,0.5,heuristic,mask2former_swinb_cityscapes,acdc_night_targetcal100,42
,,,,-1,True,,0.6009999891707208,0.005054684821516275,,,406,,,0.5779411764705882,,False,,,,,,43,person,0.05,0.5,argmax,mask2former_swinb_cityscapes,acdc_night_targetcal100,42
,,,0.9999465435640603,712,True,0.07204387076338295,0.07204387076338295,0.3094528317451477,28.7192118226601,700.0,205,680.0,47.0,0.06911764705882353,0.0855665024630542,False,0.09287257019438445,0.020618556701030927,0.0,,,43,person,0.1,0.5,region_crc,mask2former_swinb_cityscapes,acdc_night_targetcal100,42
,,,0.9998723561191188,649,True,0.10007443775736459,0.10007443775736459,0.2050374150276184,28.69704433497537,625.0,205,680.0,68.0,0.1,0.08704433497536945,False,0.13822894168466524,0.020618556701030927,0.0,,,43,person,0.1,0.5,heuristic,mask2former_swinb_cityscapes,acdc_night_targetcal100,42
,,,,-1,True,,0.6009999891707208,0.005054684821516275,,,406,,,0.5779411764705882,,False,,,,,,43,person,0.1,0.5,argmax,mask2former_swinb_cityscapes,acdc_night_targetcal100,42
,,,0.9994629682036298,545,True,0.17901684359001432,0.17901684359001432,0.10178805887699127,21.76847290640394,525.0,205,680.0,121.0,0.17794117647058824,0.07812807881773398,False,0.24406047516198703,0.041237113402061855,0.0,,,43,person,0.2,0.5,region_crc,mask2former_swinb_cityscapes,acdc_night_targetcal100,42
,,,0.9992620957698709,522,True,0.1795046484680631,0.1795046484680631,0.08687567710876465,19.379310344827587,500.0,205,680.0,122.0,0.17941176470588235,0.07408866995073882,False,0.24622030237580994,0.041237113402061855,0.0,,,43,person,0.2,0.5,heuristic,mask2former_swinb_cityscapes,acdc_night_targetcal100,42
,,,,-1,True,,0.6009999891707208,0.005054684821516275,,,406,,,0.5779411764705882,,False,,,,,,43,person,0.2,0.5,argmax,mask2former_swinb_cityscapes,acdc_night_targetcal100,42
,,,0.9999651662684964,743,True,0.06811594202898551,0.06811594202898551,0.2237275242805481,27.472906403940886,725.0,115,155.0,9.0,0.05806451612903226,0.06729064039408861,False,0.07627118644067797,0.0,0.0,,,43,rider,0.05,0.1,region_crc,mask2former_swinb_cityscapes,acdc_night_targetcal100,31
,,,0.9999465435640603,712,True,0.07681159420289854,0.07681159420289854,0.17846912145614624,25.862068965517242,700.0,115,155.0,11.0,0.07096774193548387,0.07871921182266017,False,0.09322033898305085,0.0,0.0,,,43,rider,0.05,0.1,heuristic,mask2former_swinb_cityscapes,acdc_night_targetcal100,31
,,,,-1,True,,0.7739130434782608,0.0004032336291857064,,,406,,,0.7870967741935484,,False,,,,,,43,rider,0.05,0.1,argmax,mask2former_swinb_cityscapes,acdc_night_targetcal100,31
,,,0.999868780010098,647,True,0.15507246376811595,0.15507246376811595,0.11421366035938263,21.125615763546797,625.0,115,155.0,23.0,0.14838709677419354,0.07423645320197036,False,0.19491525423728814,0.0,0.0,,,43,rider,0.1,0.1,region_crc,mask2former_swinb_cityscapes,acdc_night_targetcal100,31
,,,0.9997986275750138,616,True,0.16811594202898553,0.16811594202898553,0.09008295834064484,19.307881773399014,600.0,115,155.0,25.0,0.16129032258064516,0.09802955665024629,False,0.2033898305084746,0.034482758620689655,0.0,,,43,rider,0.1,0.1,heuristic,mask2former_swinb_cityscapes,acdc_night_targetcal100,31
,,,,-1,True,,0.7739130434782608,0.0004032336291857064,,,406,,,0.7870967741935484,,False,,,,,,43,rider,0.1,0.1,argmax,mask2former_swinb_cityscapes,acdc_night_targetcal100,31
,,,0.9992201698894767,518,True,0.24637681159420288,0.2463768115942029,0.04416285455226898,12.206896551724139,500.0,115,155.0,36.0,0.23225806451612904,0.046009852216748776,False,0.2796610169491525,0.10344827586206896,0.0,,,43,rider,0.2,0.1,region_crc,mask2former_swinb_cityscapes,acdc_night_targetcal100,31
,,,0.9990795504282468,506,True,0.25362318840579706,0.2536231884057971,0.04005550220608711,12.206896551724139,500.0,115,155.0,38.0,0.24516129032258063,0.06719211822660098,False,0.2966101694915254,0.10344827586206896,0.0,,,43,rider,0.2,0.1,heuristic,mask2former_swinb_cityscapes,acdc_night_targetcal100,31
,,,,-1,True,,0.7739130434782608,0.0004032336291857064,,,406,,,0.7870967741935484,,False,,,,,,43,rider,0.2,0.1,argmax,mask2former_swinb_cityscapes,acdc_night_targetcal100,31
,,,0.999985003151645,804,True,0.07246376811594203,0.07246376811594202,0.3446137309074402,26.423645320197043,800.0,115,155.0,10.0,0.06451612903225806,0.09354679802955657,False,0.07627118644067797,0.034482758620689655,0.0,,,43,rider,0.05,0.5,region_crc,mask2former_swinb_cityscapes,acdc_night_targetcal100,31
,,,0.9999815498458082,789,True,0.07246376811594203,0.07246376811594202,0.31404024362564087,27.810344827586206,775.0,115,155.0,10.0,0.06451612903225806,0.08650246305418718,False,0.07627118644067797,0.034482758620689655,0.0,,,43,rider,0.05,0.5,heuristic,mask2former_swinb_cityscapes,acdc_night_targetcal100,31
,,,,-1,True,,0.8347826086956521,0.0004032336291857064,,,406,,,0.8451612903225807,,False,,,,,,43,rider,0.05,0.5,argmax,mask2former_swinb_cityscapes,acdc_night_targetcal100,31
,,,0.9999815498458082,789,True,0.07246376811594203,0.07246376811594202,0.31404024362564087,27.810344827586206,775.0,115,155.0,10.0,0.06451612903225806,0.08650246305418718,False,0.07627118644067797,0.034482758620689655,0.0,,,43,rider,0.1,0.5,region_crc,mask2former_swinb_cityscapes,acdc_night_targetcal100,31
,,,0.999882510244506,655,True,0.18550724637681162,0.18550724637681162,0.12124942988157272,23.2192118226601,650.0,115,155.0,27.0,0.17419354838709677,0.07004926108374382,False,0.22033898305084745,0.034482758620689655,0.0,,,43,rider,0.1,0.5,heuristic,mask2former_swinb_cityscapes,acdc_night_targetcal100,31
,,,,-1,True,,0.8347826086956521,0.0004032336291857064,,,406,,,0.8451612903225807,,False,,,,,,43,rider,0.1,0.5,argmax,mask2former_swinb_cityscapes,acdc_night_targetcal100,31
,,,0.9998514064357713,638,True,0.19420289855072465,0.19420289855072465,0.10697527229785919,21.125615763546797,625.0,115,155.0,28.0,0.18064516129032257,0.08034482758620692,False,0.2288135593220339,0.034482758620689655,0.0,,,43,rider,0.2,0.5,region_crc,mask2former_swinb_cityscapes,acdc_night_targetcal100,31
,,,0.9996778931208716,582,True,0.24492753623188407,0.24492753623188407,0.07025516778230667,17.45320197044335,575.0,115,155.0,35.0,0.22580645161290322,0.07108374384236452,False,0.2627118644067797,0.13793103448275862,0.0,,,43,rider,0.2,0.5,heuristic,mask2former_swinb_cityscapes,acdc_night_targetcal100,31
,,,,-1,True,,0.8347826086956521,0.0004032336291857064,,,406,,,0.8451612903225807,,False,,,,,,43,rider,0.2,0.5,argmax,mask2former_swinb_cityscapes,acdc_night_targetcal100,31
,,,0.9999896723859424,831,True,0.02650494159928122,0.02650494159928122,0.3802121877670288,27.147783251231527,825.0,106,242.0,5.0,0.02066115702479339,0.09226600985221678,False,0.03424657534246575,0.0,0.0,,,43,bicycle,0.05,0.1,region_crc,mask2former_swinb_cityscapes,acdc_night_targetcal100,24
,,,0.9999867565846481,813,True,0.02650494159928122,0.02650494159928122,0.3416023552417755,28.834975369458128,800.0,106,242.0,5.0,0.02066115702479339,0.11295566502463053,False,0.03424657534246575,0.0,0.0,,,43,bicycle,0.05,0.1,heuristic,mask2former_swinb_cityscapes,acdc_night_targetcal100,24
,,,,-1,True,,0.8289495357891583,0.0006802061689086258,,,406,,,0.8140495867768595,,False,,,,,,43,bicycle,0.05,0.1,argmax,mask2former_swinb_cityscapes,acdc_night_targetcal100,24
,,,0.9999547102420097,724,True,0.09752920035938904,0.09752920035938904,0.1785353720188141,27.93349753694581,700.0,106,242.0,23.0,0.09504132231404959,0.09576354679802951,False,0.13013698630136986,0.05714285714285714,0.0,,,43,bicycle,0.1,0.1,region_crc,mask2former_swinb_cityscapes,acdc_night_targetcal100,24
,,,0.9998493392933814,637,True,0.1717654986522911,0.1717654986522911,0.08594436943531036,22.05665024630542,625.0,106,242.0,40.0,0.1652892561983471,0.0752709359605912,False,0.23972602739726026,0.07142857142857142,0.0,,,43,bicycle,0.1,0.1,heuristic,mask2former_swinb_cityscapes,acdc_night_targetcal100,24
,,,,-1,True,,0.8289495357891583,0.0006802061689086258,,,406,,,0.8140495867768595,,False,,,,,,43,bicycle,0.1,0.1,argmax,mask2former_swinb_cityscapes,acdc_night_targetcal100,24
,,,0.9998451183381087,635,True,0.18254716981132077,0.18254716981132074,0.08447698503732681,22.05665024630542,625.0,106,242.0,42.0,0.17355371900826447,0.0752709359605912,False,0.2534246575342466,0.07142857142857142,0.0,,,43,bicycle,0.2,0.1,region_crc,mask2former_swinb_cityscapes,acdc_night_targetcal100,24
,,,0.999765577118468,605,True,0.19523809523809524,0.19523809523809524,0.06577925384044647,20.236453201970445,600.0,106,242.0,48.0,0.19834710743801653,0.07714285714285718,False,0.2945205479452055,0.07142857142857142,0.0,,,43,bicycle,0.2,0.1,heuristic,mask2former_swinb_cityscapes,acdc_night_targetcal100,24
,,,,-1,True,,0.8289495357891583,0.0006802061689086258,,,406,,,0.8140495867768595,,False,,,,,,43,bicycle,0.2,0.1,argmax,mask2former_swinb_cityscapes,acdc_night_targetcal100,24
,,,0.9999982860426925,961,True,0.014150943396226415,0.014150943396226415,0.7036460638046265,11.95320197044335,961.0,106,242.0,2.0,0.008264462809917356,0.10310344827586204,False,0.0136986301369863,0.0,0.0,,,43,bicycle,0.05,0.5,region_crc,mask2former_swinb_cityscapes,acdc_night_targetcal100,24
,,,0.9999952356901319,887,True,0.01549865229110512,0.01549865229110512,0.5218205451965332,22.123152709359605,875.0,106,242.0,3.0,0.012396694214876033,0.10891625615763545,False,0.02054794520547945,0.0,0.0,,,43,bicycle,0.05,0.5,heuristic,mask2former_swinb_cityscapes,acdc_night_targetcal100,24
,,,,-1,True,,0.8870956873315364,0.0006802061689086258,,,406,,,0.8760330578512396,,False,,,,,,43,bicycle,0.05,0.5,argmax,mask2former_swinb_cityscapes,acdc_night_targetcal100,24
,,,0.9999952356901319,887,True,0.01549865229110512,0.01549865229110512,0.5218205451965332,22.123152709359605,875.0,106,242.0,3.0,0.012396694214876033,0.10891625615763545,False,0.02054794520547945,0.0,0.0,,,43,bicycle,0.1,0.5,region_crc,mask2former_swinb_cityscapes,acdc_night_targetcal100,24
,,,0.999991488619618,845,True,0.024707996406109614,0.024707996406109614,0.41393232345581055,27.147783251231527,825.0,106,242.0,7.0,0.028925619834710745,0.08807881773399018,False,0.04794520547945205,0.0,0.0,,,43,bicycle,0.1,0.5,heuristic,mask2former_swinb_cityscapes,acdc_night_targetcal100,24
,,,,-1,True,,0.8870956873315364,0.0006802061689086258,,,406,,,0.8760330578512396,,False,,,,,,43,bicycle,0.1,0.5,argmax,mask2former_swinb_cityscapes,acdc_night_targetcal100,24
,,,0.9999571451479603,728,True,0.15884995507637018,0.15884995507637018,0.18564334511756897,29.701970443349754,725.0,106,242.0,32.0,0.1322314049586777,0.09083743842364528,False,0.18493150684931506,0.07142857142857142,0.0,,,43,bicycle,0.2,0.5,region_crc,mask2former_swinb_cityscapes,acdc_night_targetcal100,24
,,,0.9999045007413978,670,True,0.18535489667565136,0.18535489667565136,0.11505069583654404,24.376847290640395,650.0,106,242.0,43.0,0.17768595041322313,0.06586206896551727,False,0.2465753424657534,0.08571428571428572,0.038461538461538464,,,43,bicycle,0.2,0.5,heuristic,mask2former_swinb_cityscapes,acdc_night_targetcal100,24
,,,,-1,True,,0.8870956873315364,0.0006802061689086258,,,406,,,0.8760330578512396,,False,,,,,,43,bicycle,0.2,0.5,argmax,mask2former_swinb_cityscapes,acdc_night_targetcal100,24
,,,0.9999674912702614,748,True,0.02989812840559109,0.02989812840559109,0.3796673119068146,27.773399014778324,725.0,201,677.0,13.0,0.019202363367799114,0.11423645320197046,False,0.0262582056892779,0.005154639175257732,0.0,,,44,person,0.05,0.1,region_crc,mask2former_swinb_cityscapes,acdc_night_targetcal100,46
,,,0.999781223837605,610,True,0.08972023001873748,0.0897202300187375,0.16164299845695496,26.679802955665025,600.0,201,677.0,55.0,0.08124076809453472,0.0759113300492611,False,0.10940919037199125,0.02577319587628866,0.0,,,44,person,0.05,0.1,heuristic,mask2former_swinb_cityscapes,acdc_night_targetcal100,46
,,,,-1,True,,0.49813777985419777,0.005270539317280054,,,406,,,0.4667651403249631,,False,,,,,,44,person,0.05,0.1,argmax,mask2former_swinb_cityscapes,acdc_night_targetcal100,46
,,,0.9995574116276373,559,True,0.11683088884581422,0.11683088884581422,0.11757253110408783,23.571428571428573,550.0,201,677.0,76.0,0.11225997045790251,0.07985221674876847,False,0.15536105032822758,0.02577319587628866,0.0,,,44,person,0.1,0.1,region_crc,mask2former_swinb_cityscapes,acdc_night_targetcal100,46
,,,0.9994847713554182,548,True,0.130738622902802,0.130738622902802,0.11013814806938171,21.834975369458128,525.0,201,677.0,81.0,0.11964549483013294,0.07246305418719218,False,0.16630196936542668,0.02577319587628866,0.0,,,44,person,0.1,0.1,heuristic,mask2former_swinb_cityscapes,acdc_night_targetcal100,46
,,,,-1,True,,0.49813777985419777,0.005270539317280054,,,406,,,0.4667651403249631,,False,,,,,,44,person,0.1,0.1,argmax,mask2former_swinb_cityscapes,acdc_night_targetcal100,46
,,,0.9975111426817176,434,True,0.20035939047133078,0.20035939047133075,0.05327075347304344,14.588669950738916,425.0,201,677.0,128.0,0.18906942392909898,0.07743842364532019,False,0.26258205689277897,0.041237113402061855,0.0,,,44,person,0.2,0.1,region_crc,mask2former_swinb_cityscapes,acdc_night_targetcal100,46
,,,0.9961805572915995,403,True,0.2153648107006316,0.2153648107006316,0.042984411120414734,12.83743842364532,400.0,201,677.0,140.0,0.206794682422452,0.07399014778325125,False,0.2888402625820569,0.041237113402061855,0.0,,,44,person,0.2,0.1,heuristic,mask2former_swinb_cityscapes,acdc_night_targetcal100,46
,,,,-1,True,,0.49813777985419777,0.005270539317280054,,,406,,,0.4667651403249631,,False,,,,,,44,person,0.2,0.1,argmax,mask2former_swinb_cityscapes,acdc_night_targetcal100,46
,,,0.9999837070396737,798,True,0.03251006870409855,0.03251006870409855,0.4907163381576538,23.82758620689655,775.0,201,677.0,17.0,0.025110782865583457,0.0851231527093596,False,0.030634573304157548,0.015463917525773196,0.0,,,44,person,0.05,0.5,region_crc,mask2former_swinb_cityscapes,acdc_night_targetcal100,46
,,,0.9999507960464319,718,True,0.07241094311989833,0.07241094311989833,0.3218201994895935,28.24384236453202,700.0,201,677.0,46.0,0.06794682422451995,0.12798029556650242,False,0.08971553610503283,0.02577319587628866,0.0,,,44,person,0.05,0.5,heuristic,mask2former_swinb_cityscapes,acdc_night_targetcal100,46
,,,,-1,True,,0.588214328512836,0.005270539317280054,,,406,,,0.5553914327917282,,False,,,,,,44,person,0.05,0.5,argmax,mask2former_swinb_cityscapes,acdc_night_targetcal100,46
,,,0.9998120683183197,621,True,0.13006019685124162,0.13006019685124165,0.17335784435272217,26.679802955665025,600.0,201,677.0,79.0,0.11669128508124077,0.07970443349753692,False,0.16192560175054704,0.02577319587628866,0.0,,,44,person,0.1,0.5,region_crc,mask2former_swinb_cityscapes,acdc_night_targetcal100,46
,,,0.9998120683183197,621,True,0.13006019685124162,0.13006019685124165,0.17335784435272217,26.679802955665025,600.0,201,677.0,79.0,0.11669128508124077,0.07970443349753692,False,0.16192560175054704,0.02577319587628866,0.0,,,44,person,0.1,0.5,heuristic,mask2former_swinb_cityscapes,acdc_night_targetcal100,46
,,,,-1,True,,0.588214328512836,0.005270539317280054,,,406,,,0.5553914327917282,,False,,,,,,44,person,0.1,0.5,argmax,mask2former_swinb_cityscapes,acdc_night_targetcal100,46
,,,0.9990405993684841,503,True,0.1967981369100772,0.19679813691007722,0.08113636821508408,19.463054187192117,500.0,201,677.0,124.0,0.1831610044313146,0.06349753694581281,False,0.2538293216630197,0.041237113402061855,0.0,,,44,person,0.2,0.5,region_crc,mask2former_swinb_cityscapes,acdc_night_targetcal100,46
,,,0.9988518463785031,490,True,0.20510550118759077,0.20510550118759074,0.07480393350124359,17.428571428571427,475.0,201,677.0,132.0,0.19497784342688332,0.07266009852216748,False,0.2713347921225383,0.041237113402061855,0.0,,,44,person,0.2,0.5,heuristic,mask2former_swinb_cityscapes,acdc_night_targetcal100,46
,,,,-1,True,,0.588214328512836,0.005270539317280054,,,406,,,0.5553914327917282,,False,,,,,,44,person,0.2,0.5,argmax,mask2former_swinb_cityscapes,acdc_night_targetcal100,46
,,,0.9999973331413354,929,True,0.002754820936639118,0.002754820936639118,0.6253272891044617,13.903940886699507,925.0,121,159.0,1.0,0.006289308176100629,0.07167487684729068,False,0.008403361344537815,0.0,0.0,,,44,rider,0.05,0.1,region_crc,mask2former_swinb_cityscapes,acdc_night_targetcal100,25
,,,0.9999605542697925,734,True,0.06887052341597795,0.06887052341597795,0.21279855072498322,26.47536945812808,725.0,121,159.0,10.0,0.06289308176100629,0.08536945812807883,False,0.08403361344537816,0.0,0.0,,,44,rider,0.05,0.1,heuristic,mask2former_swinb_cityscapes,acdc_night_targetcal100,25
,,,,-1,True,,0.7947658402203855,0.00041079052607528865,,,406,,,0.7987421383647799,,False,,,,,,44,rider,0.05,0.1,argmax,mask2former_swinb_cityscapes,acdc_night_targetcal100,25
,,,0.9999323917024608,695,True,0.08953168044077134,0.08953168044077134,0.16025803983211517,23.74384236453202,675.0,121,159.0,14.0,0.0880503144654088,0.07009852216748769,False,0.11764705882352941,0.0,0.0,,,44,rider,0.1,0.1,region_crc,mask2former_swinb_cityscapes,acdc_night_targetcal100,25
,,,0.9998990747113923,666,True,0.10606060606060606,0.10606060606060606,0.1340496987104416,23.07881773399015,650.0,121,159.0,16.0,0.10062893081761007,0.058128078817734,False,0.13445378151260504,0.0,0.0,,,44,rider,0.1,0.1,heuristic,mask2former_swinb_cityscapes,acdc_night_targetcal100,25
,,,,-1,True,,0.7947658402203855,0.00041079052607528865,,,406,,,0.7987421383647799,,False,,,,,,44,rider,0.1,0.1,argmax,mask2former_swinb_cityscapes,acdc_night_targetcal100,25
,,,0.9994776038110009,547,True,0.22176308539944903,0.22176308539944903,0.05747959017753601,14.219211822660098,525.0,121,159.0,32.0,0.20125786163522014,0.11182266009852221,False,0.24369747899159663,0.09375,0.0,,,44,rider,0.2,0.1,region_crc,mask2former_swinb_cityscapes,acdc_night_targetcal100,25
,,,0.9993918649987212,536,True,0.22176308539944903,0.22176308539944903,0.05280352383852005,14.219211822660098,525.0,121,159.0,32.0,0.20125786163522014,0.0947290640394089,False,0.24369747899159663,0.09375,0.0,,,44,rider,0.2,0.1,heuristic,mask2former_swinb_cityscapes,acdc_night_targetcal100,25
,,,,-1,True,,0.7947658402203855,0.00041079052607528865,,,406,,,0.7987421383647799,,False,,,,,,44,rider,0.2,0.1,argmax,mask2former_swinb_cityscapes,acdc_night_targetcal100,25
,,,0.9999984004419714,966,True,0.002754820936639118,0.002754820936639118,0.7049405574798584,10.741379310344827,966.0,121,159.0,1.0,0.006289308176100629,0.08965517241379317,False,0.008403361344537815,0.0,0.0,,,44,rider,0.05,0.5,region_crc,mask2former_swinb_cityscapes,acdc_night_targetcal100,25
,,,0.999971686080042,758,True,0.08953168044077134,0.08953168044077134,0.2528805732727051,27.450738916256157,750.0,121,159.0,13.0,0.08176100628930817,0.1011822660098522,False,0.10084033613445378,0.03125,0.0,,,44,rider,0.05,0.5,heuristic,mask2former_swinb_cityscapes,acdc_night_targetcal100,25
,,,,-1,True,,0.8402203856749311,0.00041079052607528865,,,406,,,0.8427672955974843,,False,,,,,,44,rider,0.05,0.5,argmax,mask2former_swinb_cityscapes,acdc_night_targetcal100,25
,,,0.9999507960464319,718,True,0.11019283746556473,0.11019283746556474,0.19004569947719574,25.47536945812808,700.0,121,159.0,17.0,0.1069182389937107,0.07990147783251234,False,0.13445378151260504,0.03125,0.0,,,44,rider,0.1,0.5,region_crc,mask2former_swinb_cityscapes,acdc_night_targetcal100,25
,,,0.9999314511773547,694,True,0.12672176308539945,0.12672176308539945,0.1592828333377838,23.74384236453202,675.0,121,159.0,19.0,0.11949685534591195,0.07009852216748769,False,0.15126050420168066,0.03125,0.0,,,44,rider,0.1,0.5,heuristic,mask2former_swinb_cityscapes,acdc_night_targetcal100,25
,,,,-1,True,,0.8402203856749311,0.00041079052607528865,,,406,,,0.8427672955974843,,False,,,,,,44,rider,0.1,0.5,argmax,mask2former_swinb_cityscapes,acdc_night_targetcal100,25
,,,0.999738181699178,597,True,0.23415977961432505,0.23415977961432505,0.08216602355241776,17.724137931034484,575.0,121,159.0,34.0,0.2138364779874214,0.06226600985221675,False,0.24369747899159663,0.15625,0.0,,,44,rider,0.2,0.5,region_crc,mask2former_swinb_cityscapes,acdc_night_targetcal100,25
,,,0.9996734121678277,581,True,0.2548209366391184,0.2548209366391184,0.07305579632520676,17.724137931034484,575.0,121,159.0,37.0,0.23270440251572327,0.07921182266009852,False,0.25210084033613445,0.21875,0.0,,,44,rider,0.2,0.5,heuristic,mask2former_swinb_cityscapes,acdc_night_targetcal100,25
,,,,-1,True,,0.8402203856749311,0.00041079052607528865,,,406,,,0.8427672955974843,,False,,,,,,44,rider,0.2,0.5,argmax,mask2former_swinb_cityscapes,acdc_night_targetcal100,25
,,,0.9999934536382593,864,True,0.009900990099009901,0.009900990099009901,0.45846468210220337,24.379310344827587,850.0,101,208.0,1.0,0.004807692307692308,0.05650246305418716,False,0.008,0.0,0.0,,,44,bicycle,0.05,0.1,region_crc,mask2former_swinb_cityscapes,acdc_night_targetcal100,29
,,,0.9999898140861194,832,True,0.009900990099009901,0.009900990099009901,0.38212788105010986,26.285714285714285,825.0,101,208.0,1.0,0.004807692307692308,0.11699507389162556,False,0.008,0.0,0.0,,,44,bicycle,0.05,0.1,heuristic,mask2former_swinb_cityscapes,acdc_night_targetcal100,29
,,,,-1,True,,0.8304887631620305,0.0005024910788051784,,,406,,,0.8269230769230769,,False,,,,,,44,bicycle,0.05,0.1,argmax,mask2former_swinb_cityscapes,acdc_night_targetcal100,29
,,,0.9999830175634754,795,True,0.02805280528052805,0.02805280528052805,0.3040497601032257,29.586206896551722,775.0,101,208.0,5.0,0.02403846153846154,0.14467980295566507,False,0.04,0.0,0.0,,,44,bicycle,0.1,0.1,region_crc,mask2former_swinb_cityscapes,acdc_night_targetcal100,29
,,,0.9999708928288193,756,True,0.04431871758604432,0.04431871758604432,0.23213207721710205,29.857142857142858,750.0,101,208.0,8.0,0.038461538461538464,0.10733990147783257,False,0.056,0.014492753623188406,0.0,,,44,bicycle,0.1,0.1,heuristic,mask2former_swinb_cityscapes,acdc_night_targetcal100,29
,,,,-1,True,,0.8304887631620305,0.0005024910788051784,,,406,,,0.8269230769230769,,False,,,,,,44,bicycle,0.1,0.1,argmax,mask2former_swinb_cityscapes,acdc_night_targetcal100,29
,,,0.9998472433941762,636,True,0.17303158887317302,0.17303158887317302,0.09026490151882172,22.2192118226601,625.0,101,208.0,30.0,0.14423076923076922,0.07083743842364532,False,0.208,0.057971014492753624,0.0,,,44,bicycle,0.2,0.1,region_crc,mask2former_swinb_cityscapes,acdc_night_targetcal100,29
,,,0.9997075847622157,589,True,0.23194247996228193,0.23194247996228196,0.06014632806181908,18.027093596059114,575.0,101,208.0,41.0,0.1971153846153846,0.07610837438423644,False,0.272,0.10144927536231885,0.0,,,44,bicycle,0.2,0.1,heuristic,mask2former_swinb_cityscapes,acdc_night_targetcal100,29
,,,,-1,True,,0.8304887631620305,0.0005024910788051784,,,406,,,0.8269230769230769,,False,,,,,,44,bicycle,0.2,0.1,argmax,mask2former_swinb_cityscapes,acdc_night_targetcal100,29
,,,0.9999960189282945,900,True,0.019801980198019802,0.019801980198019802,0.5492370128631592,18.357142857142858,900.0,101,208.0,2.0,0.009615384615384616,0.0785221674876847,False,0.016,0.0,0.0,,,44,bicycle,0.05,0.5,region_crc,mask2former_swinb_cityscapes,acdc_night_targetcal100,29
,,,0.9999942983572772,874,True,0.0297029702970297,0.0297029702970297,0.48135480284690857,24.379310344827587,850.0,101,208.0,3.0,0.014423076923076924,0.05650246305418716,False,0.016,0.014492753623188406,0.0,,,44,bicycle,0.05,0.5,heuristic,mask2former_swinb_cityscapes,acdc_night_targetcal100,29
,,,,-1,True,,0.885054219707685,0.0005024910788051784,,,406,,,0.875,,False,,,,,,44,bicycle,0.05,0.5,argmax,mask2former_swinb_cityscapes,acdc_night_targetcal100,29
,,,0.9999908798916064,840,True,0.04042904290429043,0.040429042904290426,0.3996366262435913,26.285714285714285,825.0,101,208.0,7.0,0.03365384615384615,0.10379310344827586,False,0.04,0.028985507246376812,0.0,,,44,bicycle,0.1,0.5,region_crc,mask2former_swinb_cityscapes,acdc_night_targetcal100,29
,,,0.9999871175044831,815,True,0.048679867986798686,0.04867986798679867,0.3458554148674011,28.233990147783253,800.0,101,208.0,10.0,0.04807692307692308,0.1540886699507389,False,0.056,0.043478260869565216,0.0,,,44,bicycle,0.1,0.5,heuristic,mask2former_swinb_cityscapes,acdc_night_targetcal100,29
,,,,-1,True,,0.885054219707685,0.0005024910788051784,,,406,,,0.875,,False,,,,,,44,bicycle,0.1,0.5,argmax,mask2former_swinb_cityscapes,acdc_night_targetcal100,29
,,,0.9999083779509877,673,True,0.1821074964639321,0.18210749646393215,0.12179494649171829,24.41625615763547,650.0,101,208.0,32.0,0.15384615384615385,0.07866995073891625,False,0.2,0.10144927536231885,0.0,,,44,bicycle,0.2,0.5,region_crc,mask2former_swinb_cityscapes,acdc_night_targetcal100,29
,,,0.9998758347692408,651,True,0.22864214992927864,0.22864214992927867,0.10267938673496246,24.41625615763547,650.0,101,208.0,41.0,0.1971153846153846,0.06822660098522171,False,0.272,0.10144927536231885,0.0,,,44,bicycle,0.2,0.5,heuristic,mask2former_swinb_cityscapes,acdc_night_targetcal100,29
,,,,-1,True,,0.885054219707685,0.0005024910788051784,,,406,,,0.875,,False,,,,,,44,bicycle,0.2,0.5,argmax,mask2former_swinb_cityscapes,acdc_night_targetcal100,29
,,,0.9999674912702614,748,True,0.029603565564156695,0.029603565564156695,0.38045910000801086,27.620689655172413,725.0,203,681.0,13.0,0.01908957415565345,0.08482758620689657,False,0.02591792656587473,0.005235602094240838,0.0,,,45,person,0.05,0.1,region_crc,mask2former_swinb_cityscapes,acdc_night_targetcal100,44
,,,0.9999411156344644,705,True,0.044503177446527195,0.044503177446527195,0.29895973205566406,28.38423645320197,700.0,203,681.0,24.0,0.03524229074889868,0.07364532019704428,False,0.04967602591792657,0.005235602094240838,0.0,,,45,person,0.05,0.1,heuristic,mask2former_swinb_cityscapes,acdc_night_targetcal100,44
,,,,-1,True,,0.5235138561493241,0.005224473308771849,,,406,,,0.4977973568281938,,False,,,,,,45,person,0.05,0.1,argmax,mask2former_swinb_cityscapes,acdc_night_targetcal100,44
,,,0.9996500548329716,576,True,0.10337043908472479,0.10337043908472479,0.1279286891222,25.24384236453202,575.0,203,681.0,68.0,0.09985315712187959,0.07379310344827583,False,0.13822894168466524,0.020942408376963352,0.0,,,45,person,0.1,0.1,region_crc,mask2former_swinb_cityscapes,acdc_night_targetcal100,44
,,,0.9995450119398499,557,True,0.1171224916298808,0.11712249162988078,0.11386626213788986,23.785714285714285,550.0,203,681.0,77.0,0.1130690161527166,0.08985221674876848,False,0.15766738660907129,0.020942408376963352,0.0,,,45,person,0.1,0.1,heuristic,mask2former_swinb_cityscapes,acdc_night_targetcal100,44
,,,,-1,True,,0.5235138561493241,0.005224473308771849,,,406,,,0.4977973568281938,,False,,,,,,45,person,0.1,0.1,argmax,mask2former_swinb_cityscapes,acdc_night_targetcal100,44
,,,0.9928878648634667,358,True,0.24697645676709717,0.24697645676709717,0.031146876513957977,10.219211822660098,350.0,203,681.0,160.0,0.23494860499265785,0.07586206896551723,False,0.32181425485961124,0.05759162303664921,0.0,,,45,person,0.2,0.1,region_crc,mask2former_swinb_cityscapes,acdc_night_targetcal100,44
,,,0.9911284398796204,342,True,0.26187793459960945,0.26187793459960945,0.02729552611708641,8.89655172413793,325.0,203,681.0,169.0,0.24816446402349487,0.07600985221674877,False,0.3412526997840173,0.05759162303664921,0.0,,,45,person,0.2,0.1,heuristic,mask2former_swinb_cityscapes,acdc_night_targetcal100,44
,,,,-1,True,,0.5235138561493241,0.005224473308771849,,,406,,,0.4977973568281938,,False,,,,,,45,person,0.2,0.1,argmax,mask2former_swinb_cityscapes,acdc_night_targetcal100,44
,,,0.9999837070396737,798,True,0.03136875439831105,0.03136875439831105,0.49478450417518616,23.588669950738915,775.0,203,681.0,16.0,0.023494860499265784,0.05443349753694582,False,0.03023758099352052,0.010471204188481676,0.0,,,45,person,0.05,0.5,region_crc,mask2former_swinb_cityscapes,acdc_night_targetcal100,44
,,,0.999958313061653,730,True,0.06340525238308489,0.06340525238308489,0.3420335054397583,27.620689655172413,725.0,203,681.0,40.0,0.05873715124816446,0.07014778325123155,False,0.07991360691144708,0.015706806282722512,0.0,,,45,person,0.05,0.5,heuristic,mask2former_swinb_cityscapes,acdc_night_targetcal100,44
,,,,-1,True,,0.6176407883304436,0.005224473308771849,,,406,,,0.5903083700440529,,False,,,,,,45,person,0.05,0.5,argmax,mask2former_swinb_cityscapes,acdc_night_targetcal100,44
,,,0.9998723561191188,649,True,0.10349732369436804,0.10349732369436802,0.20649121701717377,28.502463054187192,625.0,203,681.0,66.0,0.09691629955947137,0.10463054187192117,False,0.13390928725701945,0.020942408376963352,0.0,,,45,person,0.1,0.5,region_crc,mask2former_swinb_cityscapes,acdc_night_targetcal100,44
,,,0.9998514064357713,638,True,0.11417055850553387,0.11417055850553387,0.19163690507411957,28.502463054187192,625.0,203,681.0,71.0,0.10425844346549193,0.10477832512315266,False,0.1447084233261339,0.020942408376963352,0.0,,,45,person,0.1,0.5,heuristic,mask2former_swinb_cityscapes,acdc_night_targetcal100,44
,,,,-1,True,,0.6176407883304436,0.005224473308771849,,,406,,,0.5903083700440529,,False,,,,,,45,person,0.1,0.5,argmax,mask2former_swinb_cityscapes,acdc_night_targetcal100,44
,,,0.9991409864784946,511,True,0.1911987779598617,0.19119877795986168,0.08422333747148514,19.726600985221676,500.0,203,681.0,122.0,0.17914831130690162,0.09182266009852216,False,0.24622030237580994,0.041884816753926704,0.0,,,45,person,0.2,0.5,region_crc,mask2former_swinb_cityscapes,acdc_night_targetcal100,44
,,,0.9990137205143688,501,True,0.19705613898963653,0.19705613898963653,0.07848136126995087,19.726600985221676,500.0,203,681.0,128.0,0.18795888399412627,0.09399014778325121,False,0.2591792656587473,0.041884816753926704,0.0,,,45,person,0.2,0.5,heuristic,mask2former_swinb_cityscapes,acdc_night_targetcal100,44
,,,,-1,True,,0.6176407883304436,0.005224473308771849,,,406,,,0.5903083700440529,,False,,,,,,45,person,0.2,0.5,argmax,mask2former_swinb_cityscapes,acdc_night_targetcal100,44
,,,0.9999973331413354,929,True,0.0,0.0,0.6304725408554077,13.64039408866995,925.0,112,149.0,0.0,0.0,0.0820689655172413,False,0.0,0.0,0.0,,,45,rider,0.05,0.1,region_crc,mask2former_swinb_cityscapes,acdc_night_targetcal100,34
,,,0.9999735759124267,763,True,0.049107142857142856,0.049107142857142856,0.26193591952323914,27.573891625615765,750.0,112,149.0,6.0,0.040268456375838924,0.06453201970443351,False,0.05504587155963303,0.0,0.0,,,45,rider,0.05,0.1,heuristic,mask2former_swinb_cityscapes,acdc_night_targetcal100,34
,,,,-1,True,,0.7767857142857143,0.0003689402365125716,,,406,,,0.785234899328859,,False,,,,,,45,rider,0.05,0.1,argmax,mask2former_swinb_cityscapes,acdc_night_targetcal100,34
,,,0.9999333193230786,696,True,0.08482142857142858,0.08482142857142858,0.16068889200687408,23.92118226600985,675.0,112,149.0,11.0,0.0738255033557047,0.0550246305418719,False,0.10091743119266056,0.0,0.0,,,45,rider,0.1,0.1,region_crc,mask2former_swinb_cityscapes,acdc_night_targetcal100,34
,,,0.9999202005312732,683,True,0.08928571428571429,0.08928571428571429,0.1469346433877945,23.92118226600985,675.0,112,149.0,12.0,0.08053691275167785,0.04911330049261087,False,0.11009174311926606,0.0,0.0,,,45,rider,0.1,0.1,heuristic,mask2former_swinb_cityscapes,acdc_night_targetcal100,34
,,,,-1,True,,0.7767857142857143,0.0003689402365125716,,,406,,,0.785234899328859,,False,,,,,,45,rider,0.1,0.1,argmax,mask2former_swinb_cityscapes,acdc_night_targetcal100,34
,,,0.9995386824254396,556,True,0.20089285714285715,0.20089285714285715,0.06208999454975128,15.578817733990148,550.0,112,149.0,26.0,0.174496644295302,0.07443349753694584,False,0.21100917431192662,0.09375,0.0,,,45,rider,0.2,0.1,region_crc,mask2former_swinb_cityscapes,acdc_night_targetcal100,34
,,,0.9995386824254396,556,True,0.20089285714285715,0.20089285714285715,0.06208999454975128,15.578817733990148,550.0,112,149.0,26.0,0.174496644295302,0.07443349753694584,False,0.21100917431192662,0.09375,0.0,,,45,rider,0.2,0.1,heuristic,mask2former_swinb_cityscapes,acdc_night_targetcal100,34
,,,,-1,True,,0.7767857142857143,0.0003689402365125716,,,406,,,0.785234899328859,,False,,,,,,45,rider,0.2,0.1,argmax,mask2former_swinb_cityscapes,acdc_night_targetcal100,34
,,,0.9999984004419714,966,True,0.0,0.0,0.7071772217750549,10.214285714285714,966.0,112,149.0,0.0,0.0,0.10221674876847289,False,0.0,0.0,0.0,,,45,rider,0.05,0.5,region_crc,mask2former_swinb_cityscapes,acdc_night_targetcal100,34
,,,0.9999978021401272,943,True,0.0,0.0,0.6585843563079834,13.64039408866995,925.0,112,149.0,0.0,0.0,0.070935960591133,False,0.0,0.0,0.0,,,45,rider,0.05,0.5,heuristic,mask2former_swinb_cityscapes,acdc_night_targetcal100,34
,,,,-1,True,,0.8303571428571429,0.0003689402365125716,,,406,,,0.8389261744966443,,False,,,,,,45,rider,0.05,0.5,argmax,mask2former_swinb_cityscapes,acdc_night_targetcal100,34
,,,0.9999571451479603,728,True,0.10714285714285714,0.10714285714285714,0.2025277316570282,26.573891625615765,725.0,112,149.0,14.0,0.09395973154362416,0.08704433497536945,False,0.11926605504587157,0.03125,0.0,,,45,rider,0.1,0.5,region_crc,mask2former_swinb_cityscapes,acdc_night_targetcal100,34
,,,0.999950111551254,717,True,0.11160714285714286,0.11160714285714286,0.18724094331264496,25.527093596059114,700.0,112,149.0,15.0,0.10067114093959731,0.06935960591133006,False,0.12844036697247707,0.03125,0.0,,,45,rider,0.1,0.5,heuristic,mask2former_swinb_cityscapes,acdc_night_targetcal100,34
,,,,-1,True,,0.8303571428571429,0.0003689402365125716,,,406,,,0.8389261744966443,,False,,,,,,45,rider,0.1,0.5,argmax,mask2former_swinb_cityscapes,acdc_night_targetcal100,34
,,,0.999859395247587,642,True,0.17410714285714285,0.17410714285714285,0.11145420372486115,21.25615763546798,625.0,112,149.0,23.0,0.15436241610738255,0.07798029556650243,False,0.1926605504587156,0.0625,0.0,,,45,rider,0.2,0.5,region_crc,mask2former_swinb_cityscapes,acdc_night_targetcal100,34
,,,0.999859395247587,642,True,0.17410714285714285,0.17410714285714285,0.11145420372486115,21.25615763546798,625.0,112,149.0,23.0,0.15436241610738255,0.07798029556650243,False,0.1926605504587156,0.0625,0.0,,,45,rider,0.2,0.5,heuristic,mask2former_swinb_cityscapes,acdc_night_targetcal100,34
,,,,-1,True,,0.8303571428571429,0.0003689402365125716,,,406,,,0.8389261744966443,,False,,,,,,45,rider,0.2,0.5,argmax,mask2former_swinb_cityscapes,acdc_night_targetcal100,34
,,,0.9999898140861194,832,True,0.011544011544011544,0.011544011544011544,0.3772852122783661,26.625615763546797,825.0,99,217.0,2.0,0.009216589861751152,0.06901477832512315,False,0.01652892561983471,0.0,0.0,,,45,bicycle,0.05,0.1,region_crc,mask2former_swinb_cityscapes,acdc_night_targetcal100,31
,,,0.9999898140861194,832,True,0.011544011544011544,0.011544011544011544,0.3772852122783661,26.625615763546797,825.0,99,217.0,2.0,0.009216589861751152,0.06901477832512315,False,0.01652892561983471,0.0,0.0,,,45,bicycle,0.05,0.1,heuristic,mask2former_swinb_cityscapes,acdc_night_targetcal100,31
,,,,-1,True,,0.8131633798300465,0.0005036112270317972,,,406,,,0.7926267281105991,,False,,,,,,45,bicycle,0.05,0.1,argmax,mask2former_swinb_cityscapes,acdc_night_targetcal100,31
,,,0.9999720745615877,759,True,0.04834054834054834,0.04834054834054834,0.23121872544288635,29.576354679802957,750.0,99,217.0,8.0,0.03686635944700461,0.06783251231527093,False,0.05785123966942149,0.013888888888888888,0.0,,,45,bicycle,0.1,0.1,region_crc,mask2former_swinb_cityscapes,acdc_night_targetcal100,31
,,,0.9999621557415282,737,True,0.06931216931216931,0.06931216931216931,0.19915981590747833,29.05665024630542,725.0,99,217.0,15.0,0.06912442396313365,0.05778325123152711,False,0.09917355371900827,0.041666666666666664,0.0,,,45,bicycle,0.1,0.1,heuristic,mask2former_swinb_cityscapes,acdc_night_targetcal100,31
,,,,-1,True,,0.8131633798300465,0.0005036112270317972,,,406,,,0.7926267281105991,,False,,,,,,45,bicycle,0.1,0.1,argmax,mask2former_swinb_cityscapes,acdc_night_targetcal100,31
,,,0.9998120683183197,621,True,0.19184704184704185,0.19184704184704185,0.07803897559642792,20.295566502463053,600.0,99,217.0,38.0,0.17511520737327188,0.07123152709359606,False,0.2727272727272727,0.06944444444444445,0.0,,,45,bicycle,0.2,0.1,region_crc,mask2former_swinb_cityscapes,acdc_night_targetcal100,31
,,,0.9997842255590847,611,True,0.1932900432900433,0.19329004329004332,0.07160806655883789,20.295566502463053,600.0,99,217.0,39.0,0.17972350230414746,0.07078817733990145,False,0.2809917355371901,0.06944444444444445,0.0,,,45,bicycle,0.2,0.1,heuristic,mask2former_swinb_cityscapes,acdc_night_targetcal100,31
,,,,-1,True,,0.8131633798300465,0.0005036112270317972,,,406,,,0.7926267281105991,,False,,,,,,45,bicycle,0.2,0.1,argmax,mask2former_swinb_cityscapes,acdc_night_targetcal100,31
,,,0.9999942983572772,874,True,0.034872534872534874,0.03487253487253487,0.48081842064857483,24.47783251231527,850.0,99,217.0,6.0,0.027649769585253458,0.0813793103448276,False,0.04132231404958678,0.013888888888888888,0.0,,,45,bicycle,0.05,0.5,region_crc,mask2former_swinb_cityscapes,acdc_night_targetcal100,31
,,,0.9999908798916064,840,True,0.044131794131794126,0.044131794131794126,0.3958304226398468,26.625615763546797,825.0,99,217.0,9.0,0.041474654377880185,0.05931034482758618,False,0.05785123966942149,0.027777777777777776,0.0,,,45,bicycle,0.05,0.5,heuristic,mask2former_swinb_cityscapes,acdc_night_targetcal100,31
,,,,-1,True,,0.8656565656565657,0.0005036112270317972,,,406,,,0.8571428571428571,,False,,,,,,45,bicycle,0.05,0.5,argmax,mask2former_swinb_cityscapes,acdc_night_targetcal100,31
,,,0.999989383044428,829,True,0.044131794131794126,0.044131794131794126,0.3700602054595947,26.625615763546797,825.0,99,217.0,9.0,0.041474654377880185,0.06625615763546794,False,0.05785123966942149,0.027777777777777776,0.0,,,45,bicycle,0.1,0.5,region_crc,mask2former_swinb_cityscapes,acdc_night_targetcal100,31
,,,0.9999815498458082,789,True,0.06433381433381433,0.06433381433381433,0.28666019439697266,29.45320197044335,775.0,99,217.0,12.0,0.055299539170506916,0.06078817733990147,False,0.0743801652892562,0.041666666666666664,0.0,,,45,bicycle,0.1,0.5,heuristic,mask2former_swinb_cityscapes,acdc_night_targetcal100,31
,,,,-1,True,,0.8656565656565657,0.0005036112270317972,,,406,,,0.8571428571428571,,False,,,,,,45,bicycle,0.1,0.5,argmax,mask2former_swinb_cityscapes,acdc_night_targetcal100,31
,,,0.9999323917024608,695,True,0.1762145262145262,0.1762145262145262,0.1427854597568512,25.982758620689655,675.0,99,217.0,32.0,0.14746543778801843,0.07054187192118228,False,0.21487603305785125,0.08333333333333333,0.0,,,45,bicycle,0.2,0.5,region_crc,mask2former_swinb_cityscapes,acdc_night_targetcal100,31
,,,0.9999031722143739,669,True,0.19449254449254447,0.19449254449254452,0.11573261767625809,24.34729064039409,650.0,99,217.0,36.0,0.16589861751152074,0.05650246305418716,False,0.23140495867768596,0.09722222222222222,0.041666666666666664,,,45,bicycle,0.2,0.5,heuristic,mask2former_swinb_cityscapes,acdc_night_targetcal100,31
,,,,-1,True,,0.8656565656565657,0.0005036112270317972,,,406,,,0.8571428571428571,,False,,,,,,45,bicycle,0.2,0.5,argmax,mask2former_swinb_cityscapes,acdc_night_targetcal100,31
,,,0.9999810329407879,787,True,0.02260940379752261,0.02260940379752261,0.4779559373855591,23.73152709359606,775.0,202,647.0,12.0,0.01854714064914992,0.1283743842364532,False,0.028169014084507043,0.0,0.0,,,46,person,0.05,0.1,region_crc,mask2former_swinb_cityscapes,acdc_night_targetcal100,45
,,,0.9999342342162645,697,True,0.04961022888003086,0.04961022888003086,0.29404401779174805,28.92118226600985,675.0,202,647.0,31.0,0.04791344667697063,0.11995073891625618,False,0.06807511737089202,0.010416666666666666,0.0,,,46,person,0.05,0.1,heuristic,mask2former_swinb_cityscapes,acdc_night_targetcal100,45
,,,,-1,True,,0.49690241002122193,0.005466462578624487,,,406,,,0.4899536321483771,,False,,,,,,46,person,0.05,0.1,argmax,mask2former_swinb_cityscapes,acdc_night_targetcal100,45
,,,0.9997719657927999,607,True,0.08407644335862158,0.08407644335862156,0.1612643003463745,26.778325123152708,600.0,202,647.0,57.0,0.08809891808346214,0.14748768472906404,False,0.12441314553990611,0.020833333333333332,0.0,,,46,person,0.1,0.1,region_crc,mask2former_swinb_cityscapes,acdc_night_targetcal100,45
,,,0.9997194566362049,592,True,0.09294608032231795,0.09294608032231794,0.14637303352355957,25.002463054187192,575.0,202,647.0,63.0,0.0973724884080371,0.14024630541871919,False,0.13849765258215962,0.020833333333333332,0.0,,,46,person,0.1,0.1,heuristic,mask2former_swinb_cityscapes,acdc_night_targetcal100,45
,,,,-1,True,,0.49690241002122193,0.005466462578624487,,,406,,,0.4899536321483771,,False,,,,,,46,person,0.1,0.1,argmax,mask2former_swinb_cityscapes,acdc_night_targetcal100,45
,,,0.9984223887303006,467,True,0.17569276845266943,0.17569276845266946,0.06502588093280792,16.039408866995075,450.0,202,647.0,114.0,0.17619783616692428,0.13246305418719212,False,0.2511737089201878,0.036458333333333336,0.0,,,46,person,0.2,0.1,region_crc,mask2former_swinb_cityscapes,acdc_night_targetcal100,45
,,,0.996980048279598,420,True,0.19967093550014342,0.19967093550014345,0.04774300381541252,12.866995073891626,400.0,202,647.0,129.0,0.19938176197836166,0.11408866995073885,False,0.284037558685446,0.041666666666666664,0.0,,,46,person,0.2,0.1,heuristic,mask2former_swinb_cityscapes,acdc_night_targetcal100,45
,,,,-1,True,,0.49690241002122193,0.005466462578624487,,,406,,,0.4899536321483771,,False,,,,,,46,person,0.2,0.1,argmax,mask2former_swinb_cityscapes,acdc_night_targetcal100,45
,,,0.9999907530182606,839,True,0.013533496206763532,0.013533496206763532,0.5786983966827393,18.83743842364532,825.0,202,647.0,12.0,0.01854714064914992,0.1251231527093597,False,0.025821596244131457,0.005208333333333333,0.0,,,46,person,0.05,0.5,region_crc,mask2former_swinb_cityscapes,acdc_night_targetcal100,45
,,,0.9999735759124267,763,True,0.04123564142128499,0.04123564142128499,0.42124810814857483,25.748768472906406,750.0,202,647.0,29.0,0.04482225656877898,0.12201970443349752,False,0.06103286384976526,0.015625,0.0,,,46,person,0.05,0.5,heuristic,mask2former_swinb_cityscapes,acdc_night_targetcal100,45
,,,,-1,True,,0.5865048180642239,0.005466462578624487,,,406,,,0.5749613601236476,,False,,,,,,46,person,0.05,0.5,argmax,mask2former_swinb_cityscapes,acdc_night_targetcal100,45
,,,0.9999190904100822,682,True,0.08993452916720243,0.08993452916720242,0.26837944984436035,28.92118226600985,675.0,202,647.0,57.0,0.08809891808346214,0.1502463054187192,False,0.12441314553990611,0.020833333333333332,0.0,,,46,person,0.1,0.5,region_crc,mask2former_swinb_cityscapes,acdc_night_targetcal100,45
,,,0.9998651037117409,645,True,0.10965025073935966,0.10965025073935962,0.20746706426143646,28.330049261083744,625.0,202,647.0,69.0,0.10664605873261206,0.11650246305418721,False,0.15258215962441316,0.020833333333333332,0.0,,,46,person,0.1,0.5,heuristic,mask2former_swinb_cityscapes,acdc_night_targetcal100,45
,,,,-1,True,,0.5865048180642239,0.005466462578624487,,,406,,,0.5749613601236476,,False,,,,,,46,person,0.1,0.5,argmax,mask2former_swinb_cityscapes,acdc_night_targetcal100,45
,,,0.9990921794698218,507,True,0.1930745066264868,0.19307450662648684,0.08390015363693237,19.857142857142858,500.0,202,647.0,122.0,0.18856259659969088,0.1447783251231527,False,0.2676056338028169,0.041666666666666664,0.0,,,46,person,0.2,0.5,region_crc,mask2former_swinb_cityscapes,acdc_night_targetcal100,45
,,,0.9989576825706067,497,True,0.19898336674326775,0.19898336674326775,0.0784500315785408,17.55665024630542,475.0,202,647.0,127.0,0.19629057187017002,0.13187192118226598,False,0.2793427230046948,0.041666666666666664,0.0,,,46,person,0.2,0.5,heuristic,mask2former_swinb_cityscapes,acdc_night_targetcal100,45
,,,,-1,True,,0.5865048180642239,0.005466462578624487,,,406,,,0.5749613601236476,,False,,,,,,46,person,0.2,0.5,argmax,mask2former_swinb_cityscapes,acdc_night_targetcal100,45
,,,0.999989383044428,829,True,0.02401129943502825,0.024011299435028246,0.4062255024909973,23.785714285714285,825.0,118,159.0,4.0,0.025157232704402517,0.08758620689655172,False,0.03418803418803419,0.0,0.0,,,46,rider,0.05,0.1,region_crc,mask2former_swinb_cityscapes,acdc_night_targetcal100,28
,,,0.999988779815457,825,True,0.02401129943502825,0.024011299435028246,0.39739787578582764,23.785714285714285,825.0,118,159.0,4.0,0.025157232704402517,0.08773399014778327,False,0.03418803418803419,0.0,0.0,,,46,rider,0.05,0.1,heuristic,mask2former_swinb_cityscapes,acdc_night_targetcal100,28
,,,,-1,True,,0.7923728813559322,0.0003818767436314374,,,406,,,0.7987421383647799,,False,,,,,,46,rider,0.05,0.1,argmax,mask2former_swinb_cityscapes,acdc_night_targetcal100,28
,,,0.999988779815457,825,True,0.02401129943502825,0.024011299435028246,0.39739787578582764,23.785714285714285,825.0,118,159.0,4.0,0.025157232704402517,0.08773399014778327,False,0.03418803418803419,0.0,0.0,,,46,rider,0.1,0.1,region_crc,mask2former_swinb_cityscapes,acdc_night_targetcal100,28
,,,0.9999696610881581,753,True,0.04519774011299435,0.04519774011299435,0.25108423829078674,27.504926108374384,750.0,118,159.0,7.0,0.0440251572327044,0.12236453201970446,False,0.05982905982905983,0.0,0.0,,,46,rider,0.1,0.1,heuristic,mask2former_swinb_cityscapes,acdc_night_targetcal100,28
,,,,-1,True,,0.7923728813559322,0.0003818767436314374,,,406,,,0.7987421383647799,,False,,,,,,46,rider,0.1,0.1,argmax,mask2former_swinb_cityscapes,acdc_night_targetcal100,28
,,,0.9998872802543824,658,True,0.11299435028248586,0.11299435028248586,0.12918876111507416,23.088669950738915,650.0,118,159.0,19.0,0.11949685534591195,0.1366009852216749,False,0.1623931623931624,0.0,0.0,,,46,rider,0.2,0.1,region_crc,mask2former_swinb_cityscapes,acdc_night_targetcal100,28
,,,0.999868780010098,647,True,0.12570621468926552,0.12570621468926552,0.11922826617956161,21.30295566502463,625.0,118,159.0,21.0,0.1320754716981132,0.1444334975369458,False,0.1794871794871795,0.0,0.0,,,46,rider,0.2,0.1,heuristic,mask2former_swinb_cityscapes,acdc_night_targetcal100,28
,,,,-1,True,,0.7923728813559322,0.0003818767436314374,,,406,,,0.7987421383647799,,False,,,,,,46,rider,0.2,0.1,argmax,mask2former_swinb_cityscapes,acdc_night_targetcal100,28
,,,0.9999949649939122,883,True,0.024011299435028246,0.024011299435028246,0.5330689549446106,19.300492610837438,875.0,118,159.0,4.0,0.025157232704402517,0.119064039408867,False,0.03418803418803419,0.0,0.0,,,46,rider,0.05,0.5,region_crc,mask2former_swinb_cityscapes,acdc_night_targetcal100,28
,,,0.9999899538420972,833,True,0.04096045197740113,0.04096045197740113,0.4151434004306793,23.785714285714285,825.0,118,159.0,7.0,0.0440251572327044,0.09773399014778328,False,0.05128205128205128,0.030303030303030304,0.0,,,46,rider,0.05,0.5,heuristic,mask2former_swinb_cityscapes,acdc_night_targetcal100,28
,,,,-1,True,,0.8389830508474576,0.0003818767436314374,,,406,,,0.8490566037735849,,False,,,,,,46,rider,0.05,0.5,argmax,mask2former_swinb_cityscapes,acdc_night_targetcal100,28
,,,0.9999899538420972,833,True,0.04096045197740113,0.04096045197740113,0.4151434004306793,23.785714285714285,825.0,118,159.0,7.0,0.0440251572327044,0.09773399014778328,False,0.05128205128205128,0.030303030303030304,0.0,,,46,rider,0.1,0.5,region_crc,mask2former_swinb_cityscapes,acdc_night_targetcal100,28
,,,0.999985003151645,804,True,0.05790960451977401,0.05790960451977401,0.34793850779533386,25.79064039408867,800.0,118,159.0,9.0,0.05660377358490566,0.07266009852216748,False,0.06837606837606838,0.030303030303030304,0.0,,,46,rider,0.1,0.5,heuristic,mask2former_swinb_cityscapes,acdc_night_targetcal100,28
,,,,-1,True,,0.8389830508474576,0.0003818767436314374,,,406,,,0.8490566037735849,,False,,,,,,46,rider,0.1,0.5,argmax,mask2former_swinb_cityscapes,acdc_night_targetcal100,28
,,,0.9999472770138578,713,True,0.10451977401129943,0.10451977401129943,0.18846802413463593,25.65024630541872,700.0,118,159.0,17.0,0.1069182389937107,0.14541871921182267,False,0.13675213675213677,0.030303030303030304,0.0,,,46,rider,0.2,0.5,region_crc,mask2former_swinb_cityscapes,acdc_night_targetcal100,28
,,,0.9998948038126176,663,True,0.14689265536723162,0.14689265536723162,0.13396482169628143,23.088669950738915,650.0,118,159.0,24.0,0.1509433962264151,0.13152709359605913,False,0.19658119658119658,0.030303030303030304,0.0,,,46,rider,0.2,0.5,heuristic,mask2former_swinb_cityscapes,acdc_night_targetcal100,28
,,,,-1,True,,0.8389830508474576,0.0003818767436314374,,,406,,,0.8490566037735849,,False,,,,,,46,rider,0.2,0.5,argmax,mask2former_swinb_cityscapes,acdc_night_targetcal100,28
,,,0.9999898140861194,832,True,0.0159500693481276,0.0159500693481276,0.3826376497745514,27.027093596059114,825.0,103,239.0,3.0,0.012552301255230125,0.08310344827586214,False,0.020833333333333332,0.0,0.0,,,46,bicycle,0.05,0.1,region_crc,mask2former_swinb_cityscapes,acdc_night_targetcal100,27
,,,0.9999867565846481,813,True,0.022422561257512713,0.022422561257512713,0.33905479311943054,28.495073891625616,800.0,103,239.0,5.0,0.02092050209205021,0.08615763546798039,False,0.034722222222222224,0.0,0.0,,,46,bicycle,0.05,0.1,heuristic,mask2former_swinb_cityscapes,acdc_night_targetcal100,27
,,,,-1,True,,0.8298851903220833,0.0006609528209082782,,,406,,,0.8200836820083682,,False,,,,,,46,bicycle,0.05,0.1,argmax,mask2former_swinb_cityscapes,acdc_night_targetcal100,27
,,,0.9999867565846481,813,True,0.022422561257512713,0.022422561257512713,0.33905479311943054,28.495073891625616,800.0,103,239.0,5.0,0.02092050209205021,0.08615763546798039,False,0.034722222222222224,0.0,0.0,,,46,bicycle,0.1,0.1,region_crc,mask2former_swinb_cityscapes,acdc_night_targetcal100,27
,,,0.9999223752883372,685,True,0.1256819232547388,0.1256819232547388,0.1348496973514557,25.647783251231527,675.0,103,239.0,27.0,0.11297071129707113,0.13354679802955666,False,0.1597222222222222,0.05714285714285714,0.0,,,46,bicycle,0.1,0.1,heuristic,mask2former_swinb_cityscapes,acdc_night_targetcal100,27
,,,,-1,True,,0.8298851903220833,0.0006609528209082782,,,406,,,0.8200836820083682,,False,,,,,,46,bicycle,0.1,0.1,argmax,mask2former_swinb_cityscapes,acdc_night_targetcal100,27
,,,0.9998493392933814,637,True,0.16324549237170596,0.163245492371706,0.0906033143401146,21.91625615763547,625.0,103,239.0,38.0,0.1589958158995816,0.14748768472906404,False,0.2361111111111111,0.05714285714285714,0.0,,,46,bicycle,0.2,0.1,region_crc,mask2former_swinb_cityscapes,acdc_night_targetcal100,27
,,,0.999738181699178,597,True,0.20876098012020344,0.20876098012020344,0.06459534913301468,18.029556650246306,575.0,103,239.0,50.0,0.20920502092050208,0.14128078817733997,False,0.3055555555555556,0.08571428571428572,0.0,,,46,bicycle,0.2,0.1,heuristic,mask2former_swinb_cityscapes,acdc_night_targetcal100,27
,,,,-1,True,,0.8298851903220833,0.0006609528209082782,,,406,,,0.8200836820083682,,False,,,,,,46,bicycle,0.2,0.1,argmax,mask2former_swinb_cityscapes,acdc_night_targetcal100,27
,,,0.9999982860426925,961,True,0.014563106796116505,0.014563106796116505,0.7088947892189026,11.650246305418719,961.0,103,239.0,2.0,0.008368200836820083,0.10083743842364529,False,0.013888888888888888,0.0,0.0,,,46,bicycle,0.05,0.5,region_crc,mask2former_swinb_cityscapes,acdc_night_targetcal100,27
,,,0.9999908798916064,840,True,0.042417938049006,0.04241793804900602,0.4022626578807831,27.027093596059114,825.0,103,239.0,10.0,0.04184100418410042,0.09310344827586214,False,0.05555555555555555,0.02857142857142857,0.0,,,46,bicycle,0.05,0.5,heuristic,mask2former_swinb_cityscapes,acdc_night_targetcal100,27
,,,,-1,True,,0.8945792880258899,0.0006609528209082782,,,406,,,0.8870292887029289,,False,,,,,,46,bicycle,0.05,0.5,argmax,mask2former_swinb_cityscapes,acdc_night_targetcal100,27
,,,0.9999908798916064,840,True,0.042417938049006,0.04241793804900602,0.4022626578807831,27.027093596059114,825.0,103,239.0,10.0,0.04184100418410042,0.09310344827586214,False,0.05555555555555555,0.02857142857142857,0.0,,,46,bicycle,0.1,0.5,region_crc,mask2former_swinb_cityscapes,acdc_night_targetcal100,27
,,,0.9999739384645,764,True,0.10852981969486825,0.10852981969486825,0.24362385272979736,29.541871921182267,750.0,103,239.0,22.0,0.09205020920502092,0.0851231527093596,False,0.11805555555555555,0.07142857142857142,0.0,,,46,bicycle,0.1,0.5,heuristic,mask2former_swinb_cityscapes,acdc_night_targetcal100,27
,,,,-1,True,,0.8945792880258899,0.0006609528209082782,,,406,,,0.8870292887029289,,False,,,,,,46,bicycle,0.1,0.5,argmax,mask2former_swinb_cityscapes,acdc_night_targetcal100,27
,,,0.9999683772233983,750,True,0.12212205270457699,0.12212205270457699,0.22180894017219543,29.541871921182267,750.0,103,239.0,25.0,0.10460251046025104,0.09280788177339905,False,0.1388888888888889,0.07142857142857142,0.0,,,46,bicycle,0.2,0.5,region_crc,mask2former_swinb_cityscapes,acdc_night_targetcal100,27
,,,0.999901825205698,668,True,0.20312066574202495,0.20312066574202495,0.11884596198797226,24.11576354679803,650.0,103,239.0,45.0,0.18828451882845187,0.14344827586206899,False,0.2569444444444444,0.1,0.04,,,46,bicycle,0.2,0.5,heuristic,mask2former_swinb_cityscapes,acdc_night_targetcal100,27
,,,,-1,True,,0.8945792880258899,0.0006609528209082782,,,406,,,0.8870292887029289,,False,,,,,,46,bicycle,0.2,0.5,argmax,mask2former_swinb_cityscapes,acdc_night_targetcal100,27
,,,0.9999812931785963,788,True,0.019213955174546306,0.019213955174546306,0.47421324253082275,23.879310344827587,775.0,203,698.0,10.0,0.014326647564469915,0.10674876847290643,False,0.021231422505307854,0.0,0.0,,,47,person,0.05,0.1,region_crc,mask2former_swinb_cityscapes,acdc_night_targetcal100,44
,,,0.9999465435640603,712,True,0.04166693323097264,0.04166693323097264,0.3134918510913849,28.22906403940887,700.0,203,698.0,26.0,0.03724928366762178,0.09009852216748765,False,0.050955414012738856,0.009900990099009901,0.0,,,47,person,0.05,0.1,heuristic,mask2former_swinb_cityscapes,acdc_night_targetcal100,44
,,,,-1,True,,0.4867940898729076,0.0051523600704967976,,,406,,,0.47564469914040114,,False,,,,,,47,person,0.05,0.1,argmax,mask2former_swinb_cityscapes,acdc_night_targetcal100,44
,,,0.9999304975682412,693,True,0.04408893651504489,0.04408893651504489,0.2815527617931366,28.854679802955665,675.0,203,698.0,29.0,0.04154727793696275,0.11837438423645319,False,0.05732484076433121,0.009900990099009901,0.0,,,47,person,0.1,0.1,region_crc,mask2former_swinb_cityscapes,acdc_night_targetcal100,44
,,,0.9998554560229254,640,True,0.06683140340775809,0.06683140340775809,0.19702133536338806,27.97783251231527,625.0,203,698.0,46.0,0.0659025787965616,0.11128078817733994,False,0.08917197452229299,0.019801980198019802,0.0,,,47,person,0.1,0.1,heuristic,mask2former_swinb_cityscapes,acdc_night_targetcal100,44
,,,,-1,True,,0.4867940898729076,0.0051523600704967976,,,406,,,0.47564469914040114,,False,,,,,,47,person,0.1,0.1,argmax,mask2former_swinb_cityscapes,acdc_night_targetcal100,44
,,,0.9993393065519924,530,True,0.13380808436227154,0.13380808436227157,0.09793458133935928,21.721674876847292,525.0,203,698.0,91.0,0.1303724928366762,0.15000000000000002,False,0.18471337579617833,0.019801980198019802,0.0,,,47,person,0.2,0.1,region_crc,mask2former_swinb_cityscapes,acdc_night_targetcal100,44
,,,0.9986817432614435,480,True,0.15463610691443203,0.15463610691443203,0.07065905630588531,17.613300492610836,475.0,203,698.0,106.0,0.1518624641833811,0.14783251231527095,False,0.21443736730360935,0.024752475247524754,0.0,,,47,person,0.2,0.1,heuristic,mask2former_swinb_cityscapes,acdc_night_targetcal100,44
,,,,-1,True,,0.4867940898729076,0.0051523600704967976,,,406,,,0.47564469914040114,,False,,,,,,47,person,0.2,0.1,argmax,mask2former_swinb_cityscapes,acdc_night_targetcal100,44
,,,0.9999899538420972,833,True,0.016750900987354187,0.01675090098735419,0.5592872500419617,19.216748768472907,825.0,203,698.0,11.0,0.015759312320916905,0.1087684729064039,False,0.021231422505307854,0.0049504950495049506,0.0,,,47,person,0.05,0.5,region_crc,mask2former_swinb_cityscapes,acdc_night_targetcal100,44
,,,0.9999791070386914,780,True,0.03382807668521954,0.03382807668521954,0.455800861120224,23.879310344827587,775.0,203,698.0,21.0,0.03008595988538682,0.10211822660098524,False,0.040339702760084924,0.009900990099009901,0.0,,,47,person,0.05,0.5,heuristic,mask2former_swinb_cityscapes,acdc_night_targetcal100,44
,,,,-1,True,,0.5782900323540717,0.0051523600704967976,,,406,,,0.5630372492836676,,False,,,,,,47,person,0.05,0.5,argmax,mask2former_swinb_cityscapes,acdc_night_targetcal100,44
,,,0.9999665804959974,746,True,0.045197310899281334,0.04519731089928134,0.37873172760009766,27.817733990147783,725.0,203,698.0,30.0,0.04297994269340974,0.10591133004926107,False,0.05732484076433121,0.01485148514851485,0.0,,,47,person,0.1,0.5,region_crc,mask2former_swinb_cityscapes,acdc_night_targetcal100,44
,,,0.999958313061653,730,True,0.05079516132471797,0.05079516132471797,0.34535834193229675,27.817733990147783,725.0,203,698.0,37.0,0.05300859598853868,0.11098522167487684,False,0.07218683651804671,0.01485148514851485,0.0,,,47,person,0.1,0.5,heuristic,mask2former_swinb_cityscapes,acdc_night_targetcal100,44
,,,,-1,True,,0.5782900323540717,0.0051523600704967976,,,406,,,0.5630372492836676,,False,,,,,,47,person,0.1,0.5,argmax,mask2former_swinb_cityscapes,acdc_night_targetcal100,44
,,,0.999819698225914,624,True,0.10315398886827458,0.10315398886827458,0.17626817524433136,26.657635467980295,600.0,203,698.0,71.0,0.1017191977077364,0.10142857142857142,False,0.14225053078556263,0.019801980198019802,0.0,,,47,person,0.2,0.5,region_crc,mask2former_swinb_cityscapes,acdc_night_targetcal100,44
,,,0.9997958262055331,615,True,0.11897724607084213,0.11897724607084213,0.16540098190307617,26.657635467980295,600.0,203,698.0,78.0,0.11174785100286533,0.1067980295566503,False,0.15711252653927812,0.019801980198019802,0.0,,,47,person,0.2,0.5,heuristic,mask2former_swinb_cityscapes,acdc_night_targetcal100,44
,,,,-1,True,,0.5782900323540717,0.0051523600704967976,,,406,,,0.5630372492836676,,False,,,,,,47,person,0.2,0.5,argmax,mask2former_swinb_cityscapes,acdc_night_targetcal100,44
,,,0.9999952356901319,887,True,0.010666666666666666,0.010666666666666666,0.5380233526229858,19.352216748768473,875.0,125,170.0,2.0,0.011764705882352941,0.09344827586206894,False,0.016129032258064516,0.0,0.0,,,47,rider,0.05,0.1,region_crc,mask2former_swinb_cityscapes,acdc_night_targetcal100,21
,,,0.999989383044428,829,True,0.014666666666666666,0.014666666666666666,0.4030217230319977,23.778325123152708,825.0,125,170.0,3.0,0.01764705882352941,0.09399014778325121,False,0.024193548387096774,0.0,0.0,,,47,rider,0.05,0.1,heuristic,mask2former_swinb_cityscapes,acdc_night_targetcal100,21
,,,,-1,True,,0.7533333333333333,0.00041767270886339247,,,406,,,0.7705882352941177,,False,,,,,,47,rider,0.05,0.1,argmax,mask2former_swinb_cityscapes,acdc_night_targetcal100,21
,,,0.999989383044428,829,True,0.014666666666666666,0.014666666666666666,0.4030217230319977,23.778325123152708,825.0,125,170.0,3.0,0.01764705882352941,0.09399014778325121,False,0.024193548387096774,0.0,0.0,,,47,rider,0.1,0.1,region_crc,mask2former_swinb_cityscapes,acdc_night_targetcal100,21
,,,0.9999735759124267,763,True,0.03866666666666666,0.03866666666666666,0.26885607838630676,27.795566502463053,750.0,125,170.0,6.0,0.03529411764705882,0.1197536945812808,False,0.04838709677419355,0.0,0.0,,,47,rider,0.1,0.1,heuristic,mask2former_swinb_cityscapes,acdc_night_targetcal100,21
,,,,-1,True,,0.7533333333333333,0.00041767270886339247,,,406,,,0.7705882352941177,,False,,,,,,47,rider,0.1,0.1,argmax,mask2former_swinb_cityscapes,acdc_night_targetcal100,21
,,,0.9999202005312732,683,True,0.07866666666666666,0.07866666666666666,0.14737170934677124,24.32512315270936,675.0,125,170.0,13.0,0.07647058823529412,0.09763546798029554,False,0.10483870967741936,0.0,0.0,,,47,rider,0.2,0.1,region_crc,mask2former_swinb_cityscapes,acdc_night_targetcal100,21
,,,0.9998903521803857,660,True,0.09866666666666665,0.09866666666666665,0.12670141458511353,23.42118226600985,650.0,125,170.0,17.0,0.1,0.10995073891625617,False,0.13709677419354838,0.0,0.0,,,47,rider,0.2,0.1,heuristic,mask2former_swinb_cityscapes,acdc_night_targetcal100,21
,,,,-1,True,,0.7533333333333333,0.00041767270886339247,,,406,,,0.7705882352941177,,False,,,,,,47,rider,0.2,0.1,argmax,mask2former_swinb_cityscapes,acdc_night_targetcal100,21
,,,0.9999978021401272,943,True,0.010666666666666666,0.010666666666666666,0.6534485220909119,13.591133004926109,925.0,125,170.0,2.0,0.011764705882352941,0.07980295566502471,False,0.016129032258064516,0.0,0.0,,,47,rider,0.05,0.5,region_crc,mask2former_swinb_cityscapes,acdc_night_targetcal100,21
,,,0.9999964843955947,909,True,0.010666666666666666,0.010666666666666666,0.5863447785377502,16.157635467980295,900.0,125,170.0,2.0,0.011764705882352941,0.08364532019704433,False,0.016129032258064516,0.0,0.0,,,47,rider,0.05,0.5,heuristic,mask2former_swinb_cityscapes,acdc_night_targetcal100,21
,,,,-1,True,,0.8133333333333332,0.00041767270886339247,,,406,,,0.8294117647058824,,False,,,,,,47,rider,0.05,0.5,argmax,mask2former_swinb_cityscapes,acdc_night_targetcal100,21
,,,0.9999964843955947,909,True,0.010666666666666666,0.010666666666666666,0.5863447785377502,16.157635467980295,900.0,125,170.0,2.0,0.011764705882352941,0.08364532019704433,False,0.016129032258064516,0.0,0.0,,,47,rider,0.1,0.5,region_crc,mask2former_swinb_cityscapes,acdc_night_targetcal100,21
,,,0.9999949649939122,883,True,0.010666666666666666,0.010666666666666666,0.5287591814994812,19.352216748768473,875.0,125,170.0,2.0,0.011764705882352941,0.09379310344827585,False,0.016129032258064516,0.0,0.0,,,47,rider,0.1,0.5,heuristic,mask2former_swinb_cityscapes,acdc_night_targetcal100,21
,,,,-1,True,,0.8133333333333332,0.00041767270886339247,,,406,,,0.8294117647058824,,False,,,,,,47,rider,0.1,0.5,argmax,mask2former_swinb_cityscapes,acdc_night_targetcal100,21
,,,0.999950111551254,717,True,0.09866666666666665,0.09866666666666667,0.19002677500247955,26.05665024630542,700.0,125,170.0,16.0,0.09411764705882353,0.13251231527093596,False,0.12096774193548387,0.02631578947368421,0.0,,,47,rider,0.2,0.5,region_crc,mask2former_swinb_cityscapes,acdc_night_targetcal100,21
,,,0.9999314511773547,694,True,0.10666666666666666,0.10666666666666667,0.1593380570411682,24.32512315270936,675.0,125,170.0,17.0,0.1,0.11206896551724138,False,0.12903225806451613,0.02631578947368421,0.0,,,47,rider,0.2,0.5,heuristic,mask2former_swinb_cityscapes,acdc_night_targetcal100,21
,,,,-1,True,,0.8133333333333332,0.00041767270886339247,,,406,,,0.8294117647058824,,False,,,,,,47,rider,0.2,0.5,argmax,mask2former_swinb_cityscapes,acdc_night_targetcal100,21
,,,0.9999983327527875,963,True,0.0,0.0,0.7171327471733093,10.679802955665025,963.0,110,260.0,0.0,0.0,0.08280788177339904,False,0.0,0.0,0.0,,,47,bicycle,0.05,0.1,region_crc,mask2former_swinb_cityscapes,acdc_night_targetcal100,20
,,,0.9999285503673925,691,True,0.12049783549783549,0.12049783549783549,0.1407080441713333,25.864532019704434,675.0,110,260.0,29.0,0.11153846153846154,0.07571428571428573,False,0.1736111111111111,0.045454545454545456,0.0,,,47,bicycle,0.05,0.1,heuristic,mask2former_swinb_cityscapes,acdc_night_targetcal100,20
,,,,-1,True,,0.8042604617604616,0.0006202083313837647,,,406,,,0.7884615384615384,,False,,,,,,47,bicycle,0.05,0.1,argmax,mask2former_swinb_cityscapes,acdc_night_targetcal100,20
,,,0.9999285503673925,691,True,0.12049783549783549,0.12049783549783549,0.1407080441713333,25.864532019704434,675.0,110,260.0,29.0,0.11153846153846154,0.07571428571428573,False,0.1736111111111111,0.045454545454545456,0.0,,,47,bicycle,0.1,0.1,region_crc,mask2former_swinb_cityscapes,acdc_night_targetcal100,20
,,,0.9999223752883372,685,True,0.12049783549783549,0.12049783549783549,0.13272075355052948,25.864532019704434,675.0,110,260.0,29.0,0.11153846153846154,0.0947290640394089,False,0.1736111111111111,0.045454545454545456,0.0,,,47,bicycle,0.1,0.1,heuristic,mask2former_swinb_cityscapes,acdc_night_targetcal100,20
,,,,-1,True,,0.8042604617604616,0.0006202083313837647,,,406,,,0.7884615384615384,,False,,,,,,47,bicycle,0.1,0.1,argmax,mask2former_swinb_cityscapes,acdc_night_targetcal100,20
,,,0.9998903521803857,660,True,0.13694805194805193,0.13694805194805193,0.11028510332107544,24.199507389162562,650.0,110,260.0,34.0,0.13076923076923078,0.09709359605911339,False,0.2013888888888889,0.056818181818181816,0.0,,,47,bicycle,0.2,0.1,region_crc,mask2former_swinb_cityscapes,acdc_night_targetcal100,20
,,,0.9998146468376585,622,True,0.18305194805194805,0.18305194805194802,0.08030258119106293,20.47536945812808,600.0,110,260.0,43.0,0.16538461538461538,0.11147783251231524,False,0.2569444444444444,0.06818181818181818,0.0,,,47,bicycle,0.2,0.1,heuristic,mask2former_swinb_cityscapes,acdc_night_targetcal100,20
,,,,-1,True,,0.8042604617604616,0.0006202083313837647,,,406,,,0.7884615384615384,,False,,,,,,47,bicycle,0.2,0.1,argmax,mask2former_swinb_cityscapes,acdc_night_targetcal100,20
,,,0.9999984004419714,966,True,0.004545454545454545,0.004545454545454545,0.7247287631034851,10.349753694581281,966.0,110,260.0,1.0,0.0038461538461538464,0.07773399014778326,False,0.006944444444444444,0.0,0.0,,,47,bicycle,0.05,0.5,region_crc,mask2former_swinb_cityscapes,acdc_night_targetcal100,20
,,,0.9999779199526698,776,True,0.10162337662337663,0.10162337662337662,0.26527443528175354,29.842364532019705,775.0,110,260.0,23.0,0.08846153846153847,0.09881773399014782,False,0.11805555555555555,0.06818181818181818,0.0,,,47,bicycle,0.05,0.5,heuristic,mask2former_swinb_cityscapes,acdc_night_targetcal100,20
,,,,-1,True,,0.8648376623376623,0.0006202083313837647,,,406,,,0.85,,False,,,,,,47,bicycle,0.05,0.5,argmax,mask2former_swinb_cityscapes,acdc_night_targetcal100,20
,,,0.9999779199526698,776,True,0.10162337662337663,0.10162337662337662,0.26527443528175354,29.842364532019705,775.0,110,260.0,23.0,0.08846153846153847,0.09881773399014782,False,0.11805555555555555,0.06818181818181818,0.0,,,47,bicycle,0.1,0.5,region_crc,mask2former_swinb_cityscapes,acdc_night_targetcal100,20
,,,0.9999683772233983,750,True,0.12928571428571428,0.12928571428571428,0.22269631922245026,30.051724137931036,750.0,110,260.0,29.0,0.11153846153846154,0.09773399014778328,False,0.1597222222222222,0.06818181818181818,0.0,,,47,bicycle,0.1,0.5,heuristic,mask2former_swinb_cityscapes,acdc_night_targetcal100,20
,,,,-1,True,,0.8648376623376623,0.0006202083313837647,,,406,,,0.85,,False,,,,,,47,bicycle,0.1,0.5,argmax,mask2former_swinb_cityscapes,acdc_night_targetcal100,20
,,,0.9999411156344644,705,True,0.17352813852813853,0.17352813852813853,0.1568758189678192,27.830049261083744,700.0,110,260.0,38.0,0.14615384615384616,0.08123152709359607,False,0.2152777777777778,0.07954545454545454,0.0,,,47,bicycle,0.2,0.5,region_crc,mask2former_swinb_cityscapes,acdc_night_targetcal100,20
,,,0.9999083779509877,673,True,0.17504329004329006,0.17504329004329006,0.1206539198756218,24.199507389162562,650.0,110,260.0,39.0,0.15,0.0884729064039409,False,0.2152777777777778,0.09090909090909091,0.0,,,47,bicycle,0.2,0.5,heuristic,mask2former_swinb_cityscapes,acdc_night_targetcal100,20
,,,,-1,True,,0.8648376623376623,0.0006202083313837647,,,406,,,0.85,,False,,,,,,47,bicycle,0.2,0.5,argmax,mask2former_swinb_cityscapes,acdc_night_targetcal100,20
,,,0.9999480004003467,714,True,0.04547404794866724,0.04547404794866724,0.31792595982551575,28.12807881773399,700.0,197,672.0,25.0,0.03720238095238095,0.11137931034482756,False,0.05066079295154185,0.01020408163265306,0.0,,,48,person,0.05,0.1,region_crc,mask2former_swinb_cityscapes,acdc_night_targetcal100,50
,,,0.9999058110403477,671,True,0.06596320346320346,0.06596320346320346,0.24001897871494293,28.864532019704434,650.0,197,672.0,39.0,0.05803571428571429,0.0904926108374384,False,0.07929515418502203,0.015306122448979591,0.0,,,48,person,0.05,0.1,heuristic,mask2former_swinb_cityscapes,acdc_night_targetcal100,50
,,,,-1,True,,0.49405645116305014,0.005001034587621689,,,406,,,0.4955357142857143,,False,,,,,,48,person,0.05,0.1,argmax,mask2former_swinb_cityscapes,acdc_night_targetcal100,50
,,,0.9997453169747414,599,True,0.09111345507284593,0.09111345507284593,0.14646559953689575,24.58374384236453,575.0,197,672.0,60.0,0.08928571428571429,0.07802955665024636,False,0.12334801762114538,0.02040816326530612,0.0,,,48,person,0.1,0.1,region_crc,mask2former_swinb_cityscapes,acdc_night_targetcal100,50
,,,0.9996688688785174,580,True,0.09690102621574703,0.09690102621574703,0.12996125221252441,24.58374384236453,575.0,197,672.0,67.0,0.09970238095238096,0.08630541871921182,False,0.13876651982378854,0.02040816326530612,0.0,,,48,person,0.1,0.1,heuristic,mask2former_swinb_cityscapes,acdc_night_targetcal100,50
,,,,-1,True,,0.49405645116305014,0.005001034587621689,,,406,,,0.4955357142857143,,False,,,,,,48,person,0.1,0.1,argmax,mask2former_swinb_cityscapes,acdc_night_targetcal100,50
,,,0.9950340767854966,384,True,0.23533535697241278,0.23533535697241284,0.03555137291550636,11.253694581280788,375.0,197,672.0,155.0,0.23065476190476192,0.06862068965517243,False,0.32158590308370044,0.04591836734693878,0.0,,,48,person,0.2,0.1,region_crc,mask2former_swinb_cityscapes,acdc_night_targetcal100,50
,,,0.9918341762864141,348,True,0.2570840820206302,0.25708408202063027,0.026827778667211533,8.770935960591133,325.0,197,672.0,166.0,0.24702380952380953,0.06226600985221675,False,0.3458149779735683,0.04591836734693878,0.0,,,48,person,0.2,0.1,heuristic,mask2former_swinb_cityscapes,acdc_night_targetcal100,50
,,,,-1,True,,0.49405645116305014,0.005001034587621689,,,406,,,0.4955357142857143,,False,,,,,,48,person,0.2,0.1,argmax,mask2former_swinb_cityscapes,acdc_night_targetcal100,50
,,,0.9999712921941798,757,True,0.04801211901465709,0.04801211901465709,0.4037840962409973,25.374384236453203,750.0,197,672.0,31.0,0.046130952380952384,0.11162561576354679,False,0.06167400881057269,0.015306122448979591,0.0,,,48,person,0.05,0.5,region_crc,mask2former_swinb_cityscapes,acdc_night_targetcal100,50
,,,0.9999435063025188,708,True,0.08404311424615993,0.08404311424615993,0.30711641907691956,28.12807881773399,700.0,197,672.0,52.0,0.07738095238095238,0.11093596059113303,False,0.10572687224669604,0.02040816326530612,0.0,,,48,person,0.05,0.5,heuristic,mask2former_swinb_cityscapes,acdc_night_targetcal100,50
,,,,-1,True,,0.5882826705161731,0.005001034587621689,,,406,,,0.5848214285714286,,False,,,,,,48,person,0.05,0.5,argmax,mask2former_swinb_cityscapes,acdc_night_targetcal100,50
,,,0.9998723561191188,649,True,0.10464598852923725,0.10464598852923725,0.2071409970521927,27.928571428571427,625.0,197,672.0,68.0,0.10119047619047619,0.0936945812807882,False,0.14096916299559473,0.02040816326530612,0.0,,,48,person,0.1,0.5,region_crc,mask2former_swinb_cityscapes,acdc_night_targetcal100,50
,,,0.9998246119498159,626,True,0.11708253675258752,0.1170825367525875,0.17661544680595398,27.928571428571427,625.0,197,672.0,75.0,0.11160714285714286,0.10266009852216751,False,0.15638766519823788,0.02040816326530612,0.0,,,48,person,0.1,0.5,heuristic,mask2former_swinb_cityscapes,acdc_night_targetcal100,50
,,,,-1,True,,0.5882826705161731,0.005001034587621689,,,406,,,0.5848214285714286,,False,,,,,,48,person,0.1,0.5,argmax,mask2former_swinb_cityscapes,acdc_night_targetcal100,50
,,,0.9985678121007264,474,True,0.22045865161347392,0.22045865161347392,0.0641687884926796,15.768472906403941,450.0,197,672.0,145.0,0.21577380952380953,0.06512315270935964,False,0.30176211453744495,0.04081632653061224,0.0,,,48,person,0.2,0.5,region_crc,mask2former_swinb_cityscapes,acdc_night_targetcal100,50
,,,0.9982860426924915,461,True,0.23270169621692466,0.23270169621692463,0.059451762586832047,15.768472906403941,450.0,197,672.0,155.0,0.23065476190476192,0.050197044334975405,False,0.32158590308370044,0.04591836734693878,0.0,,,48,person,0.2,0.5,heuristic,mask2former_swinb_cityscapes,acdc_night_targetcal100,50
,,,,-1,True,,0.5882826705161731,0.005001034587621689,,,406,,,0.5848214285714286,,False,,,,,,48,person,0.2,0.5,argmax,mask2former_swinb_cityscapes,acdc_night_targetcal100,50
,,,0.9999973331413354,929,True,0.00273224043715847,0.00273224043715847,0.6315594911575317,13.591133004926109,925.0,122,161.0,1.0,0.006211180124223602,0.08684729064039409,False,0.008264462809917356,0.0,0.0,,,48,rider,0.05,0.1,region_crc,mask2former_swinb_cityscapes,acdc_night_targetcal100,24
,,,0.999991946215588,849,True,0.01092896174863388,0.01092896174863388,0.4518430233001709,23.426108374384235,825.0,122,161.0,2.0,0.012422360248447204,0.12950738916256166,False,0.01652892561983471,0.0,0.0,,,48,rider,0.05,0.1,heuristic,mask2former_swinb_cityscapes,acdc_night_targetcal100,24
,,,,-1,True,,0.7964480874316939,0.00035183929139748216,,,406,,,0.8074534161490683,,False,,,,,,48,rider,0.05,0.1,argmax,mask2former_swinb_cityscapes,acdc_night_targetcal100,24
,,,0.9999045007413978,670,True,0.10519125683060108,0.10519125683060108,0.1365504115819931,23.054187192118228,650.0,122,161.0,17.0,0.10559006211180125,0.09197044334975368,False,0.14049586776859505,0.0,0.0,,,48,rider,0.1,0.1,region_crc,mask2former_swinb_cityscapes,acdc_night_targetcal100,24
,,,0.9999045007413978,670,True,0.10519125683060108,0.10519125683060108,0.1365504115819931,23.054187192118228,650.0,122,161.0,17.0,0.10559006211180125,0.09197044334975368,False,0.14049586776859505,0.0,0.0,,,48,rider,0.1,0.1,heuristic,mask2former_swinb_cityscapes,acdc_night_targetcal100,24
,,,,-1,True,,0.7964480874316939,0.00035183929139748216,,,406,,,0.8074534161490683,,False,,,,,,48,rider,0.1,0.1,argmax,mask2former_swinb_cityscapes,acdc_night_targetcal100,24
,,,0.9997271022217192,594,True,0.17076502732240437,0.17076502732240437,0.0778273344039917,17.31527093596059,575.0,122,161.0,27.0,0.16770186335403728,0.06467980295566503,False,0.21487603305785125,0.029411764705882353,0.0,,,48,rider,0.2,0.1,region_crc,mask2former_swinb_cityscapes,acdc_night_targetcal100,24
,,,0.9994847713554182,548,True,0.2117486338797814,0.2117486338797814,0.05662945285439491,13.990147783251231,525.0,122,161.0,32.0,0.19875776397515527,0.08413793103448275,False,0.24793388429752067,0.058823529411764705,0.0,,,48,rider,0.2,0.1,heuristic,mask2former_swinb_cityscapes,acdc_night_targetcal100,24
,,,,-1,True,,0.7964480874316939,0.00035183929139748216,,,406,,,0.8074534161490683,,False,,,,,,48,rider,0.2,0.1,argmax,mask2former_swinb_cityscapes,acdc_night_targetcal100,24
,,,0.9999984004419714,966,True,0.00273224043715847,0.00273224043715847,0.7116760611534119,10.312807881773399,966.0,122,161.0,1.0,0.006211180124223602,0.08310344827586205,False,0.008264462809917356,0.0,0.0,,,48,rider,0.05,0.5,region_crc,mask2former_swinb_cityscapes,acdc_night_targetcal100,24
,,,0.9999931766130585,861,True,0.031420765027322405,0.031420765027322405,0.48118501901626587,21.91625615763547,850.0,122,161.0,5.0,0.031055900621118012,0.11788177339901484,False,0.04132231404958678,0.0,0.0,,,48,rider,0.05,0.5,heuristic,mask2former_swinb_cityscapes,acdc_night_targetcal100,24
,,,,-1,True,,0.8333333333333333,0.00035183929139748216,,,406,,,0.8509316770186336,,False,,,,,,48,rider,0.05,0.5,argmax,mask2former_swinb_cityscapes,acdc_night_targetcal100,24
,,,0.9999234403393089,686,True,0.14617486338797814,0.14617486338797814,0.1517285257577896,24.01231527093596,675.0,122,161.0,22.0,0.13664596273291926,0.08458128078817734,False,0.17355371900826447,0.029411764705882353,0.0,,,48,rider,0.1,0.5,region_crc,mask2former_swinb_cityscapes,acdc_night_targetcal100,24
,,,0.9999234403393089,686,True,0.14617486338797814,0.14617486338797814,0.1517285257577896,24.01231527093596,675.0,122,161.0,22.0,0.13664596273291926,0.08458128078817734,False,0.17355371900826447,0.029411764705882353,0.0,,,48,rider,0.1,0.5,heuristic,mask2former_swinb_cityscapes,acdc_night_targetcal100,24
,,,,-1,True,,0.8333333333333333,0.00035183929139748216,,,406,,,0.8509316770186336,,False,,,,,,48,rider,0.1,0.5,argmax,mask2former_swinb_cityscapes,acdc_night_targetcal100,24
,,,0.999882510244506,655,True,0.17076502732240437,0.17076502732240437,0.12382791936397552,23.054187192118228,650.0,122,161.0,27.0,0.16770186335403728,0.0787192118226601,False,0.21487603305785125,0.029411764705882353,0.0,,,48,rider,0.2,0.5,region_crc,mask2former_swinb_cityscapes,acdc_night_targetcal100,24
,,,0.9997590094571314,603,True,0.22404371584699453,0.22404371584699453,0.08343272656202316,19.177339901477833,600.0,122,161.0,34.0,0.2111801242236025,0.07206896551724137,False,0.256198347107438,0.08823529411764706,0.0,,,48,rider,0.2,0.5,heuristic,mask2former_swinb_cityscapes,acdc_night_targetcal100,24
,,,,-1,True,,0.8333333333333333,0.00035183929139748216,,,406,,,0.8509316770186336,,False,,,,,,48,rider,0.2,0.5,argmax,mask2former_swinb_cityscapes,acdc_night_targetcal100,24
,,,0.9999974414141131,932,True,0.009615384615384616,0.009615384615384616,0.6283209919929504,15.9064039408867,925.0,104,227.0,1.0,0.004405286343612335,0.07172413793103449,False,0.007194244604316547,0.0,0.0,,,48,bicycle,0.05,0.1,region_crc,mask2former_swinb_cityscapes,acdc_night_targetcal100,26
,,,0.9999720745615877,759,True,0.05563186813186813,0.05563186813186813,0.23893298208713531,28.901477832512317,750.0,104,227.0,9.0,0.039647577092511016,0.09285714285714286,False,0.05755395683453238,0.014705882352941176,0.0,,,48,bicycle,0.05,0.1,heuristic,mask2former_swinb_cityscapes,acdc_night_targetcal100,26
,,,,-1,True,,0.8258585164835164,0.0005662055336870253,,,406,,,0.7973568281938326,,False,,,,,,48,bicycle,0.05,0.1,argmax,mask2former_swinb_cityscapes,acdc_night_targetcal100,26
,,,0.9999704879077334,755,True,0.05700549450549451,0.05700549450549451,0.2319435477256775,28.901477832512317,750.0,104,227.0,10.0,0.04405286343612335,0.08320197044334976,False,0.05755395683453238,0.029411764705882353,0.0,,,48,bicycle,0.1,0.1,region_crc,mask2former_swinb_cityscapes,acdc_night_targetcal100,26
,,,0.9999610954855006,735,True,0.0755952380952381,0.0755952380952381,0.20054373145103455,28.647783251231527,725.0,104,227.0,16.0,0.07048458149779736,0.08665024630541873,False,0.09352517985611511,0.04411764705882353,0.0,,,48,bicycle,0.1,0.1,heuristic,mask2former_swinb_cityscapes,acdc_night_targetcal100,26
,,,,-1,True,,0.8258585164835164,0.0005662055336870253,,,406,,,0.7973568281938326,,False,,,,,,48,bicycle,0.1,0.1,argmax,mask2former_swinb_cityscapes,acdc_night_targetcal100,26
,,,0.9993661302887431,533,True,0.3288919413919414,0.3288919413919414,0.03595335781574249,14.032019704433498,525.0,104,227.0,73.0,0.32158590308370044,0.14906403940886698,False,0.4460431654676259,0.1323529411764706,0.1,,,48,bicycle,0.2,0.1,region_crc,mask2former_swinb_cityscapes,acdc_night_targetcal100,26
,,,0.9993207963673828,528,True,0.3288919413919414,0.3288919413919414,0.033990226686000824,14.032019704433498,525.0,104,227.0,73.0,0.32158590308370044,0.1484729064039409,False,0.4460431654676259,0.1323529411764706,0.1,,,48,bicycle,0.2,0.1,heuristic,mask2former_swinb_cityscapes,acdc_night_targetcal100,26
,,,,-1,True,,0.8258585164835164,0.0005662055336870253,,,406,,,0.7973568281938326,,False,,,,,,48,bicycle,0.2,0.1,argmax,mask2former_swinb_cityscapes,acdc_night_targetcal100,26
,,,0.9999986448105876,978,True,0.0,0.0,0.7559898495674133,9.793103448275861,978.0,104,227.0,0.0,0.0,0.07123152709359615,False,0.0,0.0,0.0,,,48,bicycle,0.05,0.5,region_crc,mask2former_swinb_cityscapes,acdc_night_targetcal100,26
,,,0.999989383044428,829,True,0.05162545787545787,0.05162545787545787,0.3779778778553009,26.145320197044335,825.0,104,227.0,10.0,0.04405286343612335,0.10832512315270937,False,0.05755395683453238,0.029411764705882353,0.0,,,48,bicycle,0.05,0.5,heuristic,mask2former_swinb_cityscapes,acdc_night_targetcal100,26
,,,,-1,True,,0.8744391025641025,0.0005662055336870253,,,406,,,0.8502202643171806,,False,,,,,,48,bicycle,0.05,0.5,argmax,mask2former_swinb_cityscapes,acdc_night_targetcal100,26
,,,0.9999796764298906,782,True,0.09008699633699634,0.09008699633699635,0.2798764705657959,29.002463054187192,775.0,104,227.0,15.0,0.06607929515418502,0.0727093596059113,False,0.08633093525179857,0.04411764705882353,0.0,,,48,bicycle,0.1,0.5,region_crc,mask2former_swinb_cityscapes,acdc_night_targetcal100,26
,,,0.999971686080042,758,True,0.12543498168498168,0.12543498168498168,0.23722071945667267,28.901477832512317,750.0,104,227.0,22.0,0.09691629955947137,0.09285714285714286,False,0.1223021582733813,0.07352941176470588,0.0,,,48,bicycle,0.1,0.5,heuristic,mask2former_swinb_cityscapes,acdc_night_targetcal100,26
,,,,-1,True,,0.8744391025641025,0.0005662055336870253,,,406,,,0.8502202643171806,,False,,,,,,48,bicycle,0.1,0.5,argmax,mask2former_swinb_cityscapes,acdc_night_targetcal100,26
,,,0.9998472433941762,636,True,0.25551739926739925,0.25551739926739925,0.08846667408943176,21.82512315270936,625.0,104,227.0,53.0,0.23348017621145375,0.08556650246305417,False,0.3237410071942446,0.10294117647058823,0.05,,,48,bicycle,0.2,0.5,region_crc,mask2former_swinb_cityscapes,acdc_night_targetcal100,26
,,,0.9997417739809366,598,True,0.30565476190476193,0.30565476190476193,0.06348954141139984,17.963054187192117,575.0,104,227.0,69.0,0.3039647577092511,0.10980295566502463,False,0.41007194244604317,0.14705882352941177,0.1,,,48,bicycle,0.2,0.5,heuristic,mask2former_swinb_cityscapes,acdc_night_targetcal100,26
,,,,-1,True,,0.8744391025641025,0.0005662055336870253,,,406,,,0.8502202643171806,,False,,,,,,48,bicycle,0.2,0.5,argmax,mask2former_swinb_cityscapes,acdc_night_targetcal100,26
,,,0.9999369042655519,700,True,0.0539392846211028,0.0539392846211028,0.29390159249305725,28.783251231527093,700.0,198,660.0,29.0,0.04393939393939394,0.07226600985221676,False,0.060810810810810814,0.010582010582010581,0.0,,,49,person,0.05,0.1,region_crc,mask2former_swinb_cityscapes,acdc_night_targetcal100,49
,,,0.9999168236228897,680,True,0.05915813983995802,0.05915813983995802,0.25883978605270386,29.064039408866996,675.0,198,660.0,32.0,0.048484848484848485,0.07778325123152718,False,0.06756756756756757,0.010582010582010581,0.0,,,49,person,0.05,0.1,heuristic,mask2former_swinb_cityscapes,acdc_night_targetcal100,49
,,,,-1,True,,0.5010496798375587,0.005185925401747227,,,406,,,0.4712121212121212,,False,,,,,,49,person,0.05,0.1,argmax,mask2former_swinb_cityscapes,acdc_night_targetcal100,49
,,,0.9997719657927999,607,True,0.08321526957890595,0.08321526957890595,0.15786714851856232,26.123152709359605,600.0,198,660.0,48.0,0.07272727272727272,0.12103448275862072,False,0.1036036036036036,0.010582010582010581,0.0,,,49,person,0.1,0.1,region_crc,mask2former_swinb_cityscapes,acdc_night_targetcal100,49
,,,0.9997233058354589,593,True,0.0908101578556124,0.0908101578556124,0.14546838402748108,24.298029556650246,575.0,198,660.0,54.0,0.08181818181818182,0.11423645320197046,False,0.11711711711711711,0.010582010582010581,0.0,,,49,person,0.1,0.1,heuristic,mask2former_swinb_cityscapes,acdc_night_targetcal100,49
,,,,-1,True,,0.5010496798375587,0.005185925401747227,,,406,,,0.4712121212121212,,False,,,,,,49,person,0.1,0.1,argmax,mask2former_swinb_cityscapes,acdc_night_targetcal100,49
,,,0.9993748273072243,534,True,0.12447472561108924,0.12447472561108923,0.10074596107006073,21.123152709359605,525.0,198,660.0,78.0,0.11818181818181818,0.1439408866995074,False,0.17117117117117117,0.010582010582010581,0.0,,,49,person,0.2,0.1,region_crc,mask2former_swinb_cityscapes,acdc_night_targetcal100,49
,,,0.9993393065519924,530,True,0.12548482662119026,0.12548482662119026,0.09811150282621384,21.123152709359605,525.0,198,660.0,79.0,0.11969696969696969,0.14162561576354682,False,0.17342342342342343,0.010582010582010581,0.0,,,49,person,0.2,0.1,heuristic,mask2former_swinb_cityscapes,acdc_night_targetcal100,49
,,,,-1,True,,0.5010496798375587,0.005185925401747227,,,406,,,0.4712121212121212,,False,,,,,,49,person,0.2,0.1,argmax,mask2former_swinb_cityscapes,acdc_night_targetcal100,49
,,,0.9999782229022764,777,True,0.03961038961038961,0.0396103896103896,0.4476749002933502,23.788177339901477,775.0,198,660.0,22.0,0.03333333333333333,0.08995073891625616,False,0.0472972972972973,0.005291005291005291,0.0,,,49,person,0.05,0.5,region_crc,mask2former_swinb_cityscapes,acdc_night_targetcal100,49
,,,0.9999665804959974,746,True,0.05246622064803883,0.05246622064803883,0.3777521550655365,27.839901477832512,725.0,198,660.0,30.0,0.045454545454545456,0.0592118226600985,False,0.06306306306306306,0.010582010582010581,0.0,,,49,person,0.05,0.5,heuristic,mask2former_swinb_cityscapes,acdc_night_targetcal100,49
,,,,-1,True,,0.5975535547505244,0.005185925401747227,,,406,,,0.5681818181818182,,False,,,,,,49,person,0.05,0.5,argmax,mask2former_swinb_cityscapes,acdc_night_targetcal100,49
,,,0.9999369042655519,700,True,0.07933720320083956,0.07933720320083956,0.29390159249305725,28.783251231527093,700.0,198,660.0,44.0,0.06666666666666667,0.07226600985221676,False,0.0945945945945946,0.010582010582010581,0.0,,,49,person,0.1,0.5,region_crc,mask2former_swinb_cityscapes,acdc_night_targetcal100,49
,,,0.9999190904100822,682,True,0.08658227294590931,0.08658227294590931,0.26242780685424805,29.064039408866996,675.0,198,660.0,49.0,0.07424242424242425,0.08024630541871924,False,0.10585585585585586,0.010582010582010581,0.0,,,49,person,0.1,0.5,heuristic,mask2former_swinb_cityscapes,acdc_night_targetcal100,49
,,,,-1,True,,0.5975535547505244,0.005185925401747227,,,406,,,0.5681818181818182,,False,,,,,,49,person,0.1,0.5,argmax,mask2former_swinb_cityscapes,acdc_night_targetcal100,49
,,,0.9996909704567486,585,True,0.1319207588146982,0.1319207588146982,0.1386406421661377,24.298029556650246,575.0,198,660.0,81.0,0.12272727272727273,0.10743842364532016,False,0.17567567567567569,0.015873015873015872,0.0,,,49,person,0.2,0.5,region_crc,mask2former_swinb_cityscapes,acdc_night_targetcal100,49
,,,0.9996688688785174,580,True,0.13545611235005175,0.13545611235005173,0.13477478921413422,24.298029556650246,575.0,198,660.0,83.0,0.12575757575757576,0.10916256157635468,False,0.18018018018018017,0.015873015873015872,0.0,,,49,person,0.2,0.5,heuristic,mask2former_swinb_cityscapes,acdc_night_targetcal100,49
,,,,-1,True,,0.5975535547505244,0.005185925401747227,,,406,,,0.5681818181818182,,False,,,,,,49,person,0.2,0.5,argmax,mask2former_swinb_cityscapes,acdc_night_targetcal100,49
,,,0.9999952356901319,887,True,0.012345679012345678,0.012345679012345678,0.5344532132148743,19.549261083743843,875.0,108,145.0,2.0,0.013793103448275862,0.0788177339901478,False,0.018691588785046728,0.0,0.0,,,49,rider,0.05,0.1,region_crc,mask2former_swinb_cityscapes,acdc_night_targetcal100,38
,,,0.9999696610881581,753,True,0.05864197530864198,0.05864197530864197,0.24732553958892822,26.798029556650246,750.0,108,145.0,8.0,0.05517241379310345,0.08684729064039409,False,0.07476635514018691,0.0,0.0,,,49,rider,0.05,0.1,heuristic,mask2former_swinb_cityscapes,acdc_night_targetcal100,38
,,,,-1,True,,0.8009259259259259,0.00039585851482115686,,,406,,,0.8137931034482758,,False,,,,,,49,rider,0.05,0.1,argmax,mask2former_swinb_cityscapes,acdc_night_targetcal100,38
,,,0.9999202005312732,683,True,0.10030864197530863,0.10030864197530863,0.15298953652381897,23.300492610837438,675.0,108,145.0,15.0,0.10344827586206896,0.10684729064039411,False,0.14018691588785046,0.0,0.0,,,49,rider,0.1,0.1,region_crc,mask2former_swinb_cityscapes,acdc_night_targetcal100,38
,,,0.9997453169747414,599,True,0.18827160493827158,0.18827160493827164,0.08490709960460663,17.20689655172414,575.0,108,145.0,27.0,0.18620689655172415,0.05876847290640397,False,0.2336448598130841,0.0625,0.0,,,49,rider,0.1,0.1,heuristic,mask2former_swinb_cityscapes,acdc_night_targetcal100,38
,,,,-1,True,,0.8009259259259259,0.00039585851482115686,,,406,,,0.8137931034482758,,False,,,,,,49,rider,0.1,0.1,argmax,mask2former_swinb_cityscapes,acdc_night_targetcal100,38
,,,0.9990795504282468,506,True,0.2700617283950617,0.2700617283950617,0.042760614305734634,12.293103448275861,500.0,108,145.0,40.0,0.27586206896551724,0.07660098522167488,False,0.32710280373831774,0.15625,0.0,,,49,rider,0.2,0.1,region_crc,mask2former_swinb_cityscapes,acdc_night_targetcal100,38
,,,0.9989860886142633,499,True,0.27469135802469136,0.27469135802469136,0.04064066708087921,10.761083743842365,475.0,108,145.0,41.0,0.2827586206896552,0.06428571428571431,False,0.3364485981308411,0.15625,0.0,,,49,rider,0.2,0.1,heuristic,mask2former_swinb_cityscapes,acdc_night_targetcal100,38
,,,,-1,True,,0.8009259259259259,0.00039585851482115686,,,406,,,0.8137931034482758,,False,,,,,,49,rider,0.2,0.1,argmax,mask2former_swinb_cityscapes,acdc_night_targetcal100,38
,,,0.9999964843955947,909,True,0.016975308641975308,0.016975308641975308,0.5817617177963257,16.68472906403941,900.0,108,145.0,3.0,0.020689655172413793,0.11502463054187184,False,0.028037383177570093,0.0,0.0,,,49,rider,0.05,0.5,region_crc,mask2former_swinb_cityscapes,acdc_night_targetcal100,38
,,,0.9999788163886475,779,True,0.09104938271604938,0.09104938271604937,0.29603782296180725,26.497536945812808,775.0,108,145.0,12.0,0.08275862068965517,0.0881773399014778,False,0.102803738317757,0.03125,0.0,,,49,rider,0.05,0.5,heuristic,mask2former_swinb_cityscapes,acdc_night_targetcal100,38
,,,,-1,True,,0.8518518518518519,0.00039585851482115686,,,406,,,0.8620689655172413,,False,,,,,,49,rider,0.05,0.5,argmax,mask2former_swinb_cityscapes,acdc_night_targetcal100,38
,,,0.9999670390287823,747,True,0.09567901234567902,0.09567901234567901,0.2370396852493286,26.246305418719214,725.0,108,145.0,13.0,0.0896551724137931,0.08699507389162553,False,0.11214953271028037,0.03125,0.0,,,49,rider,0.1,0.5,region_crc,mask2former_swinb_cityscapes,acdc_night_targetcal100,38
,,,0.999950111551254,717,True,0.11419753086419752,0.11419753086419752,0.1933048665523529,25.06650246305419,700.0,108,145.0,17.0,0.11724137931034483,0.10886699507389164,False,0.14953271028037382,0.03125,0.0,,,49,rider,0.1,0.5,heuristic,mask2former_swinb_cityscapes,acdc_night_targetcal100,38
,,,,-1,True,,0.8518518518518519,0.00039585851482115686,,,406,,,0.8620689655172413,,False,,,,,,49,rider,0.1,0.5,argmax,mask2former_swinb_cityscapes,acdc_night_targetcal100,38
,,,0.9998246119498159,626,True,0.22993827160493827,0.22993827160493827,0.10379218310117722,20.6871921182266,625.0,108,145.0,32.0,0.2206896551724138,0.08733990147783255,False,0.27102803738317754,0.09375,0.0,,,49,rider,0.2,0.5,region_crc,mask2former_swinb_cityscapes,acdc_night_targetcal100,38
,,,0.9994165548957262,539,True,0.29166666666666663,0.29166666666666663,0.05563037842512131,14.03448275862069,525.0,108,145.0,42.0,0.2896551724137931,0.07472906403940886,False,0.3177570093457944,0.25,0.0,,,49,rider,0.2,0.5,heuristic,mask2former_swinb_cityscapes,acdc_night_targetcal100,38
,,,,-1,True,,0.8518518518518519,0.00039585851482115686,,,406,,,0.8620689655172413,,False,,,,,,49,rider,0.2,0.5,argmax,mask2former_swinb_cityscapes,acdc_night_targetcal100,38
,,,0.9999983327527875,963,True,0.0,0.0,0.7123653888702393,11.233990147783251,963.0,102,238.0,0.0,0.0,0.09339901477832513,False,0.0,0.0,0.0,,,49,bicycle,0.05,0.1,region_crc,mask2former_swinb_cityscapes,acdc_night_targetcal100,28
,,,0.9998962471584182,664,True,0.15912698412698412,0.15912698412698412,0.11681541800498962,24.233990147783253,650.0,102,238.0,34.0,0.14285714285714285,0.10310344827586215,False,0.2158273381294964,0.05263157894736842,0.0,,,49,bicycle,0.05,0.1,heuristic,mask2former_swinb_cityscapes,acdc_night_targetcal100,28
,,,,-1,True,,0.8188920012449423,0.0006726243300363421,,,406,,,0.8067226890756303,,False,,,,,,49,bicycle,0.05,0.1,argmax,mask2former_swinb_cityscapes,acdc_night_targetcal100,28
,,,0.9998669545582022,646,True,0.17873482726423903,0.17873482726423903,0.09974092245101929,21.864532019704434,625.0,102,238.0,39.0,0.1638655462184874,0.09940886699507384,False,0.2517985611510791,0.05263157894736842,0.0,,,49,bicycle,0.1,0.1,region_crc,mask2former_swinb_cityscapes,acdc_night_targetcal100,28
,,,0.9998493392933814,637,True,0.18013538748832866,0.1801353874883287,0.09167774766683578,21.864532019704434,625.0,102,238.0,40.0,0.16806722689075632,0.10142857142857137,False,0.2589928057553957,0.05263157894736842,0.0,,,49,bicycle,0.1,0.1,heuristic,mask2former_swinb_cityscapes,acdc_night_targetcal100,28
,,,,-1,True,,0.8188920012449423,0.0006726243300363421,,,406,,,0.8067226890756303,,False,,,,,,49,bicycle,0.1,0.1,argmax,mask2former_swinb_cityscapes,acdc_night_targetcal100,28
,,,0.9996866714275684,584,True,0.27056489262371614,0.27056489262371614,0.05796349048614502,17.753694581280786,575.0,102,238.0,58.0,0.24369747899159663,0.08068965517241378,False,0.35251798561151076,0.09210526315789473,0.08695652173913043,,,49,bicycle,0.2,0.1,region_crc,mask2former_swinb_cityscapes,acdc_night_targetcal100,28
,,,0.9996451866107664,575,True,0.2774276377217554,0.2774276377217554,0.05397273227572441,17.753694581280786,575.0,102,238.0,60.0,0.25210084033613445,0.07719211822660099,False,0.3669064748201439,0.09210526315789473,0.08695652173913043,,,49,bicycle,0.2,0.1,heuristic,mask2former_swinb_cityscapes,acdc_night_targetcal100,28
,,,,-1,True,,0.8188920012449423,0.0006726243300363421,,,406,,,0.8067226890756303,,False,,,,,,49,bicycle,0.2,0.1,argmax,mask2former_swinb_cityscapes,acdc_night_targetcal100,28
,,,0.9999984004419714,966,True,0.004901960784313725,0.004901960784313725,0.7199670672416687,10.928571428571429,966.0,102,238.0,1.0,0.004201680672268907,0.08354679802955656,False,0.007194244604316547,0.0,0.0,,,49,bicycle,0.05,0.5,region_crc,mask2former_swinb_cityscapes,acdc_night_targetcal100,28
,,,0.9999952356901319,887,True,0.01610644257703081,0.01610644257703081,0.5142024159431458,21.689655172413794,875.0,102,238.0,3.0,0.012605042016806723,0.08113300492610837,False,0.02158273381294964,0.0,0.0,,,49,bicycle,0.05,0.5,heuristic,mask2former_swinb_cityscapes,acdc_night_targetcal100,28
,,,,-1,True,,0.8796451914098973,0.0006726243300363421,,,406,,,0.8697478991596639,,False,,,,,,49,bicycle,0.05,0.5,argmax,mask2former_swinb_cityscapes,acdc_night_targetcal100,28
,,,0.9999952356901319,887,True,0.01610644257703081,0.01610644257703081,0.5142024159431458,21.689655172413794,875.0,102,238.0,3.0,0.012605042016806723,0.08113300492610837,False,0.02158273381294964,0.0,0.0,,,49,bicycle,0.1,0.5,region_crc,mask2former_swinb_cityscapes,acdc_night_targetcal100,28
,,,0.9999791070386914,780,True,0.08531746031746032,0.08531746031746032,0.2741982638835907,29.113300492610836,775.0,102,238.0,18.0,0.07563025210084033,0.09827586206896555,False,0.1079136690647482,0.039473684210526314,0.0,,,49,bicycle,0.1,0.5,heuristic,mask2former_swinb_cityscapes,acdc_night_targetcal100,28
,,,,-1,True,,0.8796451914098973,0.0006726243300363421,,,406,,,0.8697478991596639,,False,,,,,,49,bicycle,0.1,0.5,argmax,mask2former_swinb_cityscapes,acdc_night_targetcal100,28
,,,0.999901825205698,668,True,0.2130485527544351,0.2130485527544351,0.11993592977523804,24.233990147783253,650.0,102,238.0,45.0,0.18907563025210083,0.08950738916256162,False,0.2733812949640288,0.07894736842105263,0.043478260869565216,,,49,bicycle,0.2,0.5,region_crc,mask2former_swinb_cityscapes,acdc_night_targetcal100,28
,,,0.9998385641443174,632,True,0.26449579831932774,0.26449579831932774,0.08743791282176971,21.864532019704434,625.0,102,238.0,59.0,0.24789915966386555,0.10389162561576354,False,0.35251798561151076,0.11842105263157894,0.043478260869565216,,,49,bicycle,0.2,0.5,heuristic,mask2former_swinb_cityscapes,acdc_night_targetcal100,28
,,,,-1,True,,0.8796451914098973,0.0006726243300363421,,,406,,,0.8697478991596639,,False,,,,,,49,bicycle,0.2,0.5,argmax,mask2former_swinb_cityscapes,acdc_night_targetcal100,28
,,,0.9999788163886475,779,True,0.02355107578988176,0.02355107578988176,0.4484128952026367,24.051724137931036,775.0,201,679.0,12.0,0.017673048600883652,0.08241379310344832,False,0.026143790849673203,0.0,0.0,,,50,person,0.05,0.1,region_crc,mask2former_swinb_cityscapes,acdc_night_targetcal100,46
,,,0.9999058110403477,671,True,0.0629921281040684,0.0629921281040684,0.23562787473201752,29.56896551724138,650.0,201,679.0,42.0,0.061855670103092786,0.14009852216748764,False,0.08278867102396514,0.020942408376963352,0.0,,,50,person,0.05,0.1,heuristic,mask2former_swinb_cityscapes,acdc_night_targetcal100,46
,,,,-1,True,,0.4969359965628622,0.005100192502140999,,,406,,,0.4889543446244477,,False,,,,,,50,person,0.05,0.1,argmax,mask2former_swinb_cityscapes,acdc_night_targetcal100,46
,,,0.999897670700772,665,True,0.06755265878400206,0.06755265878400207,0.22582079470157623,29.56896551724138,650.0,201,679.0,45.0,0.0662739322533137,0.12024630541871917,False,0.08932461873638345,0.020942408376963352,0.0,,,50,person,0.1,0.1,region_crc,mask2former_swinb_cityscapes,acdc_night_targetcal100,46
,,,0.999765577118468,605,True,0.08340709870560616,0.08340709870560616,0.14968541264533997,26.928571428571427,600.0,201,679.0,58.0,0.08541973490427099,0.09049261083743843,False,0.11546840958605664,0.02617801047120419,0.0,,,50,person,0.1,0.1,heuristic,mask2former_swinb_cityscapes,acdc_night_targetcal100,46
,,,,-1,True,,0.4969359965628622,0.005100192502140999,,,406,,,0.4889543446244477,,False,,,,,,50,person,0.1,0.1,argmax,mask2former_swinb_cityscapes,acdc_night_targetcal100,46
,,,0.9976121887170868,437,True,0.19437631881661732,0.1943763188166173,0.050473425537347794,14.39655172413793,425.0,201,679.0,135.0,0.19882179675994108,0.06059113300492608,False,0.2788671023965142,0.03664921465968586,0.0,,,50,person,0.2,0.1,region_crc,mask2former_swinb_cityscapes,acdc_night_targetcal100,46
,,,0.9956146930222501,393,True,0.22489711090457357,0.22489711090457357,0.03797530010342598,11.411330049261084,375.0,201,679.0,155.0,0.22827687776141384,0.06886699507389171,False,0.3159041394335512,0.05235602094240838,0.0,,,50,person,0.2,0.1,heuristic,mask2former_swinb_cityscapes,acdc_night_targetcal100,46
,,,,-1,True,,0.4969359965628622,0.005100192502140999,,,406,,,0.4889543446244477,,False,,,,,,50,person,0.2,0.1,argmax,mask2former_swinb_cityscapes,acdc_night_targetcal100,46
,,,0.9999886237271418,824,True,0.02666052852620017,0.026660528526200166,0.541987955570221,21.554187192118228,800.0,201,679.0,16.0,0.023564064801178203,0.062216748768472885,False,0.030501089324618737,0.010471204188481676,0.0,,,50,person,0.05,0.5,region_crc,mask2former_swinb_cityscapes,acdc_night_targetcal100,46
,,,0.9999435063025188,708,True,0.08299250500743036,0.08299250500743036,0.30158838629722595,28.753694581280786,700.0,201,679.0,55.0,0.08100147275405008,0.10763546798029555,False,0.10893246187363835,0.02617801047120419,0.0,,,50,person,0.05,0.5,heuristic,mask2former_swinb_cityscapes,acdc_night_targetcal100,46
,,,,-1,True,,0.5804695028575626,0.005100192502140999,,,406,,,0.5670103092783505,,False,,,,,,50,person,0.05,0.5,argmax,mask2former_swinb_cityscapes,acdc_night_targetcal100,46
,,,0.9999244907772334,687,True,0.08713844198918826,0.08713844198918826,0.26487311720848083,29.317733990147783,675.0,201,679.0,57.0,0.08394698085419734,0.12039408866995072,False,0.11328976034858387,0.02617801047120419,0.0,,,50,person,0.1,0.5,region_crc,mask2former_swinb_cityscapes,acdc_night_targetcal100,46
,,,0.9998363183478572,631,True,0.11532704443152204,0.11532704443152204,0.17870387434959412,28.357142857142858,625.0,201,679.0,75.0,0.11045655375552282,0.11660098522167495,False,0.15250544662309368,0.02617801047120419,0.0,,,50,person,0.1,0.5,heuristic,mask2former_swinb_cityscapes,acdc_night_targetcal100,46
,,,,-1,True,,0.5804695028575626,0.005100192502140999,,,406,,,0.5670103092783505,,False,,,,,,50,person,0.1,0.5,argmax,mask2former_swinb_cityscapes,acdc_night_targetcal100,46
,,,0.9994629682036298,545,True,0.18091507028074194,0.18091507028074194,0.10086186230182648,21.647783251231527,525.0,201,679.0,123.0,0.18114874815905743,0.08788177339901482,False,0.25272331154684097,0.03664921465968586,0.0,,,50,person,0.2,0.5,region_crc,mask2former_swinb_cityscapes,acdc_night_targetcal100,46
,,,0.9988032594686928,487,True,0.20559009122441957,0.20559009122441957,0.0686156377196312,17.458128078817733,475.0,201,679.0,143.0,0.2106038291605302,0.0807881773399014,False,0.29411764705882354,0.041884816753926704,0.0,,,50,person,0.2,0.5,heuristic,mask2former_swinb_cityscapes,acdc_night_targetcal100,46
,,,,-1,True,,0.5804695028575626,0.005100192502140999,,,406,,,0.5670103092783505,,False,,,,,,50,person,0.2,0.5,argmax,mask2former_swinb_cityscapes,acdc_night_targetcal100,46
,,,0.9999973331413354,929,True,0.0028735632183908046,0.0028735632183908046,0.6237787008285522,13.633004926108374,925.0,116,152.0,1.0,0.006578947368421052,0.07743842364532016,False,0.00909090909090909,0.0,0.0,,,50,rider,0.05,0.1,region_crc,mask2former_swinb_cityscapes,acdc_night_targetcal100,30
,,,0.9999952356901319,887,True,0.0028735632183908046,0.0028735632183908046,0.5351024866104126,19.87192118226601,875.0,116,152.0,1.0,0.006578947368421052,0.08733990147783255,False,0.00909090909090909,0.0,0.0,,,50,rider,0.05,0.1,heuristic,mask2former_swinb_cityscapes,acdc_night_targetcal100,30
,,,,-1,True,,0.7643678160919539,0.00040490375249646604,,,406,,,0.7763157894736842,,False,,,,,,50,rider,0.05,0.1,argmax,mask2former_swinb_cityscapes,acdc_night_targetcal100,30
,,,0.9999735759124267,763,True,0.041666666666666664,0.041666666666666664,0.2594701051712036,27.56650246305419,750.0,116,152.0,6.0,0.039473684210526314,0.13748768472906403,False,0.05454545454545454,0.0,0.0,,,50,rider,0.1,0.1,region_crc,mask2former_swinb_cityscapes,acdc_night_targetcal100,30
,,,0.9999323917024608,695,True,0.08045977011494251,0.08045977011494253,0.15512210130691528,23.995073891625616,675.0,116,152.0,12.0,0.07894736842105263,0.10807881773399008,False,0.10909090909090909,0.0,0.0,,,50,rider,0.1,0.1,heuristic,mask2former_swinb_cityscapes,acdc_night_targetcal100,30
,,,,-1,True,,0.7643678160919539,0.00040490375249646604,,,406,,,0.7763157894736842,,False,,,,,,50,rider,0.1,0.1,argmax,mask2former_swinb_cityscapes,acdc_night_targetcal100,30
,,,0.9998872802543824,658,True,0.10632183908045977,0.10632183908045977,0.12006144225597382,22.926108374384235,650.0,116,152.0,15.0,0.09868421052631579,0.10802955665024627,False,0.13636363636363635,0.0,0.0,,,50,rider,0.2,0.1,region_crc,mask2former_swinb_cityscapes,acdc_night_targetcal100,30
,,,0.9997271022217192,594,True,0.16235632183908044,0.16235632183908044,0.07403115183115005,17.236453201970445,575.0,116,152.0,22.0,0.14473684210526316,0.1158128078817734,False,0.18181818181818182,0.058823529411764705,0.0,,,50,rider,0.2,0.1,heuristic,mask2former_swinb_cityscapes,acdc_night_targetcal100,30
,,,,-1,True,,0.7643678160919539,0.00040490375249646604,,,406,,,0.7763157894736842,,False,,,,,,50,rider,0.2,0.1,argmax,mask2former_swinb_cityscapes,acdc_night_targetcal100,30
,,,0.9999984004419714,966,True,0.0028735632183908046,0.0028735632183908046,0.7056735754013062,10.509852216748769,966.0,116,152.0,1.0,0.006578947368421052,0.03906403940886699,False,0.00909090909090909,0.0,0.0,,,50,rider,0.05,0.5,region_crc,mask2former_swinb_cityscapes,acdc_night_targetcal100,30
,,,0.9999964843955947,909,True,0.0028735632183908046,0.0028735632183908046,0.5859538912773132,16.657635467980295,900.0,116,152.0,1.0,0.006578947368421052,0.04403940886699509,False,0.00909090909090909,0.0,0.0,,,50,rider,0.05,0.5,heuristic,mask2former_swinb_cityscapes,acdc_night_targetcal100,30
,,,,-1,True,,0.8031609195402298,0.00040490375249646604,,,406,,,0.8157894736842105,,False,,,,,,50,rider,0.05,0.5,argmax,mask2former_swinb_cityscapes,acdc_night_targetcal100,30
,,,0.9999964843955947,909,True,0.0028735632183908046,0.0028735632183908046,0.5859538912773132,16.657635467980295,900.0,116,152.0,1.0,0.006578947368421052,0.04403940886699509,False,0.00909090909090909,0.0,0.0,,,50,rider,0.1,0.5,region_crc,mask2former_swinb_cityscapes,acdc_night_targetcal100,30
,,,0.9999507960464319,718,True,0.10201149425287355,0.10201149425287355,0.18498718738555908,25.679802955665025,700.0,116,152.0,15.0,0.09868421052631579,0.12068965517241381,False,0.12727272727272726,0.029411764705882353,0.0,,,50,rider,0.1,0.5,heuristic,mask2former_swinb_cityscapes,acdc_night_targetcal100,30
,,,,-1,True,,0.8031609195402298,0.00040490375249646604,,,406,,,0.8157894736842105,,False,,,,,,50,rider,0.1,0.5,argmax,mask2former_swinb_cityscapes,acdc_night_targetcal100,30
,,,0.999901825205698,668,True,0.14511494252873564,0.14511494252873564,0.12885724008083344,22.926108374384235,650.0,116,152.0,20.0,0.13157894736842105,0.10995073891625606,False,0.17272727272727273,0.029411764705882353,0.0,,,50,rider,0.2,0.5,region_crc,mask2former_swinb_cityscapes,acdc_night_targetcal100,30
,,,0.999893340387877,662,True,0.15373563218390804,0.15373563218390804,0.12377501279115677,22.926108374384235,650.0,116,152.0,21.0,0.13815789473684212,0.10571428571428565,False,0.18181818181818182,0.029411764705882353,0.0,,,50,rider,0.2,0.5,heuristic,mask2former_swinb_cityscapes,acdc_night_targetcal100,30
,,,,-1,True,,0.8031609195402298,0.00040490375249646604,,,406,,,0.8157894736842105,,False,,,,,,50,rider,0.2,0.5,argmax,mask2former_swinb_cityscapes,acdc_night_targetcal100,30
,,,0.9999983327527875,963,True,0.0,0.0,0.7159769535064697,11.344827586206897,963.0,102,229.0,0.0,0.0,0.087192118226601,False,0.0,0.0,0.0,,,50,bicycle,0.05,0.1,region_crc,mask2former_swinb_cityscapes,acdc_night_targetcal100,28
,,,0.9999974414141131,932,True,0.0,0.0,0.6260402798652649,16.165024630541872,925.0,102,229.0,0.0,0.0,0.08438423645320198,False,0.0,0.0,0.0,,,50,bicycle,0.05,0.1,heuristic,mask2former_swinb_cityscapes,acdc_night_targetcal100,28
,,,,-1,True,,0.8066487706193587,0.0005283319624140859,,,406,,,0.7729257641921398,,False,,,,,,50,bicycle,0.05,0.1,argmax,mask2former_swinb_cityscapes,acdc_night_targetcal100,28
,,,0.9999830175634754,795,True,0.02591036414565826,0.02591036414565826,0.29806140065193176,29.374384236453203,775.0,102,229.0,4.0,0.017467248908296942,0.07093596059113294,False,0.03225806451612903,0.0,0.0,,,50,bicycle,0.1,0.1,region_crc,mask2former_swinb_cityscapes,acdc_night_targetcal100,28
,,,0.9999720745615877,759,True,0.04201680672268907,0.04201680672268907,0.2308366447687149,29.529556650246306,750.0,102,229.0,7.0,0.03056768558951965,0.1158620689655172,False,0.04838709677419355,0.012195121951219513,0.0,,,50,bicycle,0.1,0.1,heuristic,mask2former_swinb_cityscapes,acdc_night_targetcal100,28
,,,,-1,True,,0.8066487706193587,0.0005283319624140859,,,406,,,0.7729257641921398,,False,,,,,,50,bicycle,0.1,0.1,argmax,mask2former_swinb_cityscapes,acdc_night_targetcal100,28
,,,0.9998903521803857,660,True,0.1330532212885154,0.1330532212885154,0.1060594916343689,23.889162561576356,650.0,102,229.0,24.0,0.10480349344978165,0.10738916256157638,False,0.16129032258064516,0.04878048780487805,0.0,,,50,bicycle,0.2,0.1,region_crc,mask2former_swinb_cityscapes,acdc_night_targetcal100,28
,,,0.9998493392933814,637,True,0.15161064425770307,0.15161064425770307,0.08602134883403778,21.753694581280786,625.0,102,229.0,28.0,0.1222707423580786,0.11049261083743833,False,0.1935483870967742,0.04878048780487805,0.0,,,50,bicycle,0.2,0.1,heuristic,mask2former_swinb_cityscapes,acdc_night_targetcal100,28
,,,,-1,True,,0.8066487706193587,0.0005283319624140859,,,406,,,0.7729257641921398,,False,,,,,,50,bicycle,0.2,0.1,argmax,mask2former_swinb_cityscapes,acdc_night_targetcal100,28
,,,0.9999986448105876,978,True,0.0,0.0,0.7531064748764038,9.731527093596059,978.0,102,229.0,0.0,0.0,0.06699507389162562,False,0.0,0.0,0.0,,,50,bicycle,0.05,0.5,region_crc,mask2former_swinb_cityscapes,acdc_night_targetcal100,28
,,,0.9999984004419714,966,True,0.0,0.0,0.7220429182052612,11.061576354679802,966.0,102,229.0,0.0,0.0,0.09472906403940884,False,0.0,0.0,0.0,,,50,bicycle,0.05,0.5,heuristic,mask2former_swinb_cityscapes,acdc_night_targetcal100,28
,,,,-1,True,,0.8487745098039214,0.0005283319624140859,,,406,,,0.8253275109170306,,False,,,,,,50,bicycle,0.05,0.5,argmax,mask2former_swinb_cityscapes,acdc_night_targetcal100,28
,,,0.9999942983572772,874,True,0.02404295051353875,0.02404295051353875,0.48179498314857483,24.517241379310345,850.0,102,229.0,5.0,0.021834061135371178,0.053448275862068906,False,0.03225806451612903,0.012195121951219513,0.0,,,50,bicycle,0.1,0.5,region_crc,mask2former_swinb_cityscapes,acdc_night_targetcal100,28
,,,0.9999881423125183,821,True,0.040382819794584496,0.040382819794584496,0.353972852230072,28.4064039408867,800.0,102,229.0,8.0,0.034934497816593885,0.08980295566502472,False,0.04838709677419355,0.024390243902439025,0.0,,,50,bicycle,0.1,0.5,heuristic,mask2former_swinb_cityscapes,acdc_night_targetcal100,28
,,,,-1,True,,0.8487745098039214,0.0005283319624140859,,,406,,,0.8253275109170306,,False,,,,,,50,bicycle,0.1,0.5,argmax,mask2former_swinb_cityscapes,acdc_night_targetcal100,28
,,,0.9999411156344644,705,True,0.17250233426704015,0.17250233426704015,0.15152080357074738,27.536945812807883,700.0,102,229.0,28.0,0.1222707423580786,0.0971428571428572,False,0.1774193548387097,0.07317073170731707,0.0,,,50,bicycle,0.2,0.5,region_crc,mask2former_swinb_cityscapes,acdc_night_targetcal100,28
,,,0.9999031722143739,669,True,0.19514472455648926,0.19514472455648926,0.11309034377336502,23.889162561576356,650.0,102,229.0,34.0,0.14847161572052403,0.10354679802955657,False,0.20967741935483872,0.08536585365853659,0.043478260869565216,,,50,bicycle,0.2,0.5,heuristic,mask2former_swinb_cityscapes,acdc_night_targetcal100,28
,,,,-1,True,,0.8487745098039214,0.0005283319624140859,,,406,,,0.8253275109170306,,False,,,,,,50,bicycle,0.2,0.5,argmax,mask2former_swinb_cityscapes,acdc_night_targetcal100,28
,,,0.9999812931785963,788,True,0.016620284477427333,0.016620284477427333,0.4738931953907013,23.886699507389164,775.0,196,682.0,9.0,0.013196480938416423,0.10285714285714287,False,0.019438444924406047,0.0,0.0,,,51,person,0.05,0.1,region_crc,mask2former_swinb_cityscapes,acdc_night_targetcal100,51
,,,0.9999487138616009,715,True,0.039386209029066165,0.03938620902906618,0.3180678188800812,28.72906403940887,700.0,196,682.0,23.0,0.03372434017595308,0.06753694581280789,False,0.047516198704103674,0.005235602094240838,0.0,,,51,person,0.05,0.1,heuristic,mask2former_swinb_cityscapes,acdc_night_targetcal100,51
,,,,-1,True,,0.48973595848595847,0.005367128644138575,,,406,,,0.48240469208211145,,False,,,,,,51,person,0.05,0.1,argmax,mask2former_swinb_cityscapes,acdc_night_targetcal100,51
,,,0.9999265486131843,689,True,0.044828385899814464,0.04482838589981447,0.27266964316368103,29.47783251231527,675.0,196,682.0,29.0,0.04252199413489736,0.0978325123152709,False,0.058315334773218146,0.010471204188481676,0.0,,,51,person,0.1,0.1,region_crc,mask2former_swinb_cityscapes,acdc_night_targetcal100,51
,,,0.9998948038126176,663,True,0.06367888064316636,0.06367888064316636,0.23032665252685547,29.926108374384235,650.0,196,682.0,41.0,0.060117302052785926,0.12103448275862072,False,0.08423326133909287,0.010471204188481676,0.0,,,51,person,0.1,0.1,heuristic,mask2former_swinb_cityscapes,acdc_night_targetcal100,51
,,,,-1,True,,0.48973595848595847,0.005367128644138575,,,406,,,0.48240469208211145,,False,,,,,,51,person,0.1,0.1,argmax,mask2former_swinb_cityscapes,acdc_night_targetcal100,51
,,,0.9995450119398499,557,True,0.09827833730894955,0.09827833730894955,0.11408589780330658,24.103448275862068,550.0,196,682.0,75.0,0.10997067448680352,0.06586206896551727,False,0.15550755939524838,0.015706806282722512,0.0,,,51,person,0.2,0.1,region_crc,mask2former_swinb_cityscapes,acdc_night_targetcal100,51
,,,0.9991046352344504,508,True,0.13412446397140274,0.13412446397140274,0.08178506791591644,19.726600985221676,500.0,196,682.0,96.0,0.14076246334310852,0.0955665024630542,False,0.20086393088552915,0.015706806282722512,0.0,,,51,person,0.2,0.1,heuristic,mask2former_swinb_cityscapes,acdc_night_targetcal100,51
,,,,-1,True,,0.48973595848595847,0.005367128644138575,,,406,,,0.48240469208211145,,False,,,,,,51,person,0.2,0.1,argmax,mask2former_swinb_cityscapes,acdc_night_targetcal100,51
,,,0.9999895287145195,830,True,0.019383889919604207,0.019383889919604203,0.5562945604324341,19.182266009852217,825.0,196,682.0,12.0,0.017595307917888565,0.09536945812807884,False,0.023758099352051837,0.005235602094240838,0.0,,,51,person,0.05,0.5,region_crc,mask2former_swinb_cityscapes,acdc_night_targetcal100,51
,,,0.9999895287145195,830,True,0.019383889919604207,0.019383889919604203,0.5562945604324341,19.182266009852217,825.0,196,682.0,12.0,0.017595307917888565,0.09536945812807884,False,0.023758099352051837,0.005235602094240838,0.0,,,51,person,0.05,0.5,heuristic,mask2former_swinb_cityscapes,acdc_night_targetcal100,51
,,,,-1,True,,0.5886602060071447,0.005367128644138575,,,406,,,0.5747800586510264,,False,,,,,,51,person,0.05,0.5,argmax,mask2former_swinb_cityscapes,acdc_night_targetcal100,51
,,,0.999958313061653,730,True,0.05543058132343846,0.05543058132343846,0.345773845911026,27.832512315270936,725.0,196,682.0,37.0,0.054252199413489736,0.0727586206896551,False,0.0734341252699784,0.015706806282722512,0.0,,,51,person,0.1,0.5,region_crc,mask2former_swinb_cityscapes,acdc_night_targetcal100,51
,,,0.9999527936958736,721,True,0.05543058132343846,0.05543058132343846,0.3292538523674011,28.72906403940887,700.0,196,682.0,37.0,0.054252199413489736,0.07246305418719218,False,0.0734341252699784,0.015706806282722512,0.0,,,51,person,0.1,0.5,heuristic,mask2former_swinb_cityscapes,acdc_night_targetcal100,51
,,,,-1,True,,0.5886602060071447,0.005367128644138575,,,406,,,0.5747800586510264,,False,,,,,,51,person,0.1,0.5,argmax,mask2former_swinb_cityscapes,acdc_night_targetcal100,51
,,,0.9998669545582022,646,True,0.08506327855817651,0.08506327855817651,0.20600029826164246,28.92118226600985,625.0,196,682.0,58.0,0.08504398826979472,0.10783251231527091,False,0.11879049676025918,0.015706806282722512,0.0,,,51,person,0.2,0.5,region_crc,mask2former_swinb_cityscapes,acdc_night_targetcal100,51
,,,0.9995812064348821,563,True,0.15245751980445857,0.15245751980445857,0.11894538253545761,24.103448275862068,550.0,196,682.0,105.0,0.15395894428152493,0.0633990147783251,False,0.21382289416846653,0.031413612565445025,0.0,,,51,person,0.2,0.5,heuristic,mask2former_swinb_cityscapes,acdc_night_targetcal100,51
,,,,-1,True,,0.5886602060071447,0.005367128644138575,,,406,,,0.5747800586510264,,False,,,,,,51,person,0.2,0.5,argmax,mask2former_swinb_cityscapes,acdc_night_targetcal100,51
,,,0.999989383044428,829,True,0.024853801169590645,0.024853801169590642,0.39869362115859985,23.807881773399014,825.0,114,149.0,4.0,0.026845637583892617,0.09177339901477832,False,0.03636363636363636,0.0,0.0,,,51,rider,0.05,0.1,region_crc,mask2former_swinb_cityscapes,acdc_night_targetcal100,32
,,,0.9999651662684964,743,True,0.06432748538011697,0.06432748538011696,0.22473786771297455,27.064039408866996,725.0,114,149.0,9.0,0.06040268456375839,0.06167487684729067,False,0.08181818181818182,0.0,0.0,,,51,rider,0.05,0.1,heuristic,mask2former_swinb_cityscapes,acdc_night_targetcal100,32
,,,,-1,True,,0.8040935672514621,0.0003571856068447232,,,406,,,0.8053691275167785,,False,,,,,,51,rider,0.05,0.1,argmax,mask2former_swinb_cityscapes,acdc_night_targetcal100,32
,,,0.9999605542697925,734,True,0.06432748538011697,0.06432748538011696,0.21107809245586395,27.064039408866996,725.0,114,149.0,9.0,0.06040268456375839,0.05280788177339901,False,0.08181818181818182,0.0,0.0,,,51,rider,0.1,0.1,region_crc,mask2former_swinb_cityscapes,acdc_night_targetcal100,32
,,,0.9999465435640603,712,True,0.06432748538011697,0.06432748538011696,0.17962270975112915,25.807881773399014,700.0,114,149.0,9.0,0.06040268456375839,0.0666009852216749,False,0.08181818181818182,0.0,0.0,,,51,rider,0.1,0.1,heuristic,mask2former_swinb_cityscapes,acdc_night_targetcal100,32
,,,,-1,True,,0.8040935672514621,0.0003571856068447232,,,406,,,0.8053691275167785,,False,,,,,,51,rider,0.1,0.1,argmax,mask2former_swinb_cityscapes,acdc_night_targetcal100,32
,,,0.9997271022217192,594,True,0.16520467836257308,0.16520467836257313,0.07854177802801132,17.48768472906404,575.0,114,149.0,24.0,0.1610738255033557,0.06369458128078817,False,0.2,0.0625,0.0,,,51,rider,0.2,0.1,region_crc,mask2former_swinb_cityscapes,acdc_night_targetcal100,32
,,,0.9997271022217192,594,True,0.16520467836257308,0.16520467836257313,0.07854177802801132,17.48768472906404,575.0,114,149.0,24.0,0.1610738255033557,0.06369458128078817,False,0.2,0.0625,0.0,,,51,rider,0.2,0.1,heuristic,mask2former_swinb_cityscapes,acdc_night_targetcal100,32
,,,,-1,True,,0.8040935672514621,0.0003571856068447232,,,406,,,0.8053691275167785,,False,,,,,,51,rider,0.2,0.1,argmax,mask2former_swinb_cityscapes,acdc_night_targetcal100,32
,,,0.9999949649939122,883,True,0.024853801169590642,0.024853801169590645,0.5274530649185181,19.120689655172413,875.0,114,149.0,4.0,0.026845637583892617,0.06325123152709367,False,0.03636363636363636,0.0,0.0,,,51,rider,0.05,0.5,region_crc,mask2former_swinb_cityscapes,acdc_night_targetcal100,32
,,,0.9999815498458082,789,True,0.07748538011695907,0.07748538011695906,0.3112873435020447,27.275862068965516,775.0,114,149.0,11.0,0.0738255033557047,0.06527093596059119,False,0.09090909090909091,0.03125,0.0,,,51,rider,0.05,0.5,heuristic,mask2former_swinb_cityscapes,acdc_night_targetcal100,32
,,,,-1,True,,0.8611111111111112,0.0003571856068447232,,,406,,,0.8590604026845637,,False,,,,,,51,rider,0.05,0.5,argmax,mask2former_swinb_cityscapes,acdc_night_targetcal100,32
,,,0.999971686080042,758,True,0.08625730994152048,0.08625730994152046,0.2530559301376343,27.73152709359606,750.0,114,149.0,12.0,0.08053691275167785,0.05236453201970437,False,0.1,0.03125,0.0,,,51,rider,0.1,0.5,region_crc,mask2former_swinb_cityscapes,acdc_night_targetcal100,32
,,,0.9999626749842204,738,True,0.09502923976608188,0.09502923976608187,0.21677061915397644,27.064039408866996,725.0,114,149.0,13.0,0.087248322147651,0.05024630541871922,False,0.10909090909090909,0.03125,0.0,,,51,rider,0.1,0.5,heuristic,mask2former_swinb_cityscapes,acdc_night_targetcal100,32
,,,,-1,True,,0.8611111111111112,0.0003571856068447232,,,406,,,0.8590604026845637,,False,,,,,,51,rider,0.1,0.5,argmax,mask2former_swinb_cityscapes,acdc_night_targetcal100,32
,,,0.999893340387877,662,True,0.15643274853801167,0.15643274853801167,0.12869538366794586,23.11822660098522,650.0,114,149.0,23.0,0.15436241610738255,0.06389162561576356,False,0.2,0.03125,0.0,,,51,rider,0.2,0.5,region_crc,mask2former_swinb_cityscapes,acdc_night_targetcal100,32
,,,0.999893340387877,662,True,0.15643274853801167,0.15643274853801167,0.12869538366794586,23.11822660098522,650.0,114,149.0,23.0,0.15436241610738255,0.06389162561576356,False,0.2,0.03125,0.0,,,51,rider,0.2,0.5,heuristic,mask2former_swinb_cityscapes,acdc_night_targetcal100,32
,,,,-1,True,,0.8611111111111112,0.0003571856068447232,,,406,,,0.8590604026845637,,False,,,,,,51,rider,0.2,0.5,argmax,mask2former_swinb_cityscapes,acdc_night_targetcal100,32
,,,0.9999896723859424,831,True,0.024509803921568627,0.024509803921568627,0.3792969584465027,26.832512315270936,825.0,102,231.0,3.0,0.012987012987012988,0.09083743842364528,False,0.023076923076923078,0.0,0.0,,,51,bicycle,0.05,0.1,region_crc,mask2former_swinb_cityscapes,acdc_night_targetcal100,28
,,,0.9999559445136493,726,True,0.10205415499533145,0.10205415499533146,0.18102914094924927,29.539408866995075,725.0,102,231.0,18.0,0.07792207792207792,0.06453201970443345,False,0.12307692307692308,0.02666666666666667,0.0,,,51,bicycle,0.05,0.1,heuristic,mask2former_swinb_cityscapes,acdc_night_targetcal100,28
,,,,-1,True,,0.8372743541861188,0.0007013574941083789,,,406,,,0.7878787878787878,,False,,,,,,51,bicycle,0.05,0.1,argmax,mask2former_swinb_cityscapes,acdc_night_targetcal100,28
,,,0.9999547102420097,724,True,0.10205415499533145,0.10205415499533146,0.17864322662353516,27.783251231527093,700.0,102,231.0,18.0,0.07792207792207792,0.06261083743842366,False,0.12307692307692308,0.02666666666666667,0.0,,,51,bicycle,0.1,0.1,region_crc,mask2former_swinb_cityscapes,acdc_night_targetcal100,28
,,,0.9999402964713416,704,True,0.10450513538748832,0.10450513538748833,0.15223710238933563,27.783251231527093,700.0,102,231.0,19.0,0.08225108225108226,0.06753694581280789,False,0.13076923076923078,0.02666666666666667,0.0,,,51,bicycle,0.1,0.1,heuristic,mask2former_swinb_cityscapes,acdc_night_targetcal100,28
,,,,-1,True,,0.8372743541861188,0.0007013574941083789,,,406,,,0.7878787878787878,,False,,,,,,51,bicycle,0.1,0.1,argmax,mask2former_swinb_cityscapes,acdc_night_targetcal100,28
,,,0.9999004594582649,667,True,0.11430905695611576,0.11430905695611576,0.11546061933040619,24.32512315270936,650.0,102,231.0,20.0,0.08658008658008658,0.06438423645320202,False,0.13846153846153847,0.02666666666666667,0.0,,,51,bicycle,0.2,0.1,region_crc,mask2former_swinb_cityscapes,acdc_night_targetcal100,28
,,,0.9998493392933814,637,True,0.14943977591036414,0.14943977591036414,0.08892620354890823,21.970443349753694,625.0,102,231.0,29.0,0.12554112554112554,0.07729064039408862,False,0.2,0.04,0.0,,,51,bicycle,0.2,0.1,heuristic,mask2former_swinb_cityscapes,acdc_night_targetcal100,28
,,,,-1,True,,0.8372743541861188,0.0007013574941083789,,,406,,,0.7878787878787878,,False,,,,,,51,bicycle,0.2,0.1,argmax,mask2former_swinb_cityscapes,acdc_night_targetcal100,28
,,,0.9999952356901319,887,True,0.024509803921568627,0.024509803921568627,0.5173708200454712,21.85960591133005,875.0,102,231.0,3.0,0.012987012987012988,0.066256157635468,False,0.023076923076923078,0.0,0.0,,,51,bicycle,0.05,0.5,region_crc,mask2former_swinb_cityscapes,acdc_night_targetcal100,28
,,,0.999991946215588,849,True,0.031045751633986925,0.031045751633986932,0.422556072473526,26.832512315270936,825.0,102,231.0,5.0,0.021645021645021644,0.09935960591133008,False,0.038461538461538464,0.0,0.0,,,51,bicycle,0.05,0.5,heuristic,mask2former_swinb_cityscapes,acdc_night_targetcal100,28
,,,,-1,True,,0.889857609710551,0.0007013574941083789,,,406,,,0.8484848484848485,,False,,,,,,51,bicycle,0.05,0.5,argmax,mask2former_swinb_cityscapes,acdc_night_targetcal100,28
,,,0.999991488619618,845,True,0.03349673202614379,0.0334967320261438,0.41418787837028503,26.832512315270936,825.0,102,231.0,6.0,0.025974025974025976,0.09197044334975368,False,0.046153846153846156,0.0,0.0,,,51,bicycle,0.1,0.5,region_crc,mask2former_swinb_cityscapes,acdc_night_targetcal100,28
,,,0.9999742960421724,765,True,0.10679271708683473,0.10679271708683473,0.24209730327129364,29.80295566502463,750.0,102,231.0,18.0,0.07792207792207792,0.056453201970443345,False,0.11538461538461539,0.04,0.0,,,51,bicycle,0.1,0.5,heuristic,mask2former_swinb_cityscapes,acdc_night_targetcal100,28
,,,,-1,True,,0.889857609710551,0.0007013574941083789,,,406,,,0.8484848484848485,,False,,,,,,51,bicycle,0.1,0.5,argmax,mask2former_swinb_cityscapes,acdc_night_targetcal100,28
,,,0.9999683772233983,750,True,0.13032212885154063,0.13032212885154063,0.218753382563591,29.80295566502463,750.0,102,231.0,22.0,0.09523809523809523,0.06600985221674871,False,0.14615384615384616,0.04,0.0,,,51,bicycle,0.2,0.5,region_crc,mask2former_swinb_cityscapes,acdc_night_targetcal100,28
,,,0.9999465435640603,712,True,0.15352474323062557,0.15352474323062557,0.16248062252998352,27.783251231527093,700.0,102,231.0,26.0,0.11255411255411256,0.06507389162561578,False,0.16923076923076924,0.05333333333333334,0.0,,,51,bicycle,0.2,0.5,heuristic,mask2former_swinb_cityscapes,acdc_night_targetcal100,28
,,,,-1,True,,0.889857609710551,0.0007013574941083789,,,406,,,0.8484848484848485,,False,,,,,,51,bicycle,0.2,0.5,argmax,mask2former_swinb_cityscapes,acdc_night_targetcal100,28
,,,0.9999674912702614,748,True,0.02872016872016872,0.02872016872016872,0.3838316798210144,27.24384236453202,725.0,195,671.0,13.0,0.019374068554396422,0.08384236453201965,False,0.02654867256637168,0.005208333333333333,0.0,,,52,person,0.05,0.1,region_crc,mask2former_swinb_cityscapes,acdc_night_targetcal100,52
,,,0.9999244907772334,687,True,0.05414557664557665,0.05414557664557665,0.27441322803497314,28.472906403940886,675.0,195,671.0,32.0,0.04769001490312966,0.0823645320197044,False,0.06637168141592921,0.010416666666666666,0.0,,,52,person,0.05,0.1,heuristic,mask2former_swinb_cityscapes,acdc_night_targetcal100,52
,,,,-1,True,,0.49066955836186604,0.005314064212143421,,,406,,,0.47242921013412814,,False,,,,,,52,person,0.05,0.1,argmax,mask2former_swinb_cityscapes,acdc_night_targetcal100,52
,,,0.9997958262055331,615,True,0.07884282384282384,0.07884282384282384,0.167209193110466,26.726600985221676,600.0,195,671.0,51.0,0.07600596125186289,0.11300492610837437,False,0.10398230088495575,0.020833333333333332,0.0,,,52,person,0.1,0.1,region_crc,mask2former_swinb_cityscapes,acdc_night_targetcal100,52
,,,0.9996734121678277,581,True,0.09558719058719059,0.09558719058719059,0.1353292018175125,24.733990147783253,575.0,195,671.0,65.0,0.09687034277198212,0.08871921182266011,False,0.13495575221238937,0.020833333333333332,0.0,,,52,person,0.1,0.1,heuristic,mask2former_swinb_cityscapes,acdc_night_targetcal100,52
,,,,-1,True,,0.49066955836186604,0.005314064212143421,,,406,,,0.47242921013412814,,False,,,,,,52,person,0.1,0.1,argmax,mask2former_swinb_cityscapes,acdc_night_targetcal100,52
,,,0.9956748616896499,394,True,0.22237868257099025,0.22237868257099025,0.04095379263162613,11.342364532019705,375.0,195,671.0,148.0,0.22056631892697467,0.0508374384236453,False,0.3053097345132743,0.052083333333333336,0.0,,,52,person,0.2,0.1,region_crc,mask2former_swinb_cityscapes,acdc_night_targetcal100,52
,,,0.9956748616896499,394,True,0.22237868257099025,0.22237868257099025,0.04095379263162613,11.342364532019705,375.0,195,671.0,148.0,0.22056631892697467,0.0508374384236453,False,0.3053097345132743,0.052083333333333336,0.0,,,52,person,0.2,0.1,heuristic,mask2former_swinb_cityscapes,acdc_night_targetcal100,52
,,,,-1,True,,0.49066955836186604,0.005314064212143421,,,406,,,0.47242921013412814,,False,,,,,,52,person,0.2,0.1,argmax,mask2former_swinb_cityscapes,acdc_night_targetcal100,52
,,,0.9999907530182606,839,True,0.013378288378288378,0.013378288378288378,0.5668128728866577,19.110837438423644,825.0,195,671.0,9.0,0.013412816691505217,0.08625615763546801,False,0.017699115044247787,0.005208333333333333,0.0,,,52,person,0.05,0.5,region_crc,mask2former_swinb_cityscapes,acdc_night_targetcal100,52
,,,0.9999805015540024,785,True,0.03243811743811744,0.032438117438117434,0.4619527757167816,23.665024630541872,775.0,195,671.0,18.0,0.026825633383010434,0.07413793103448277,False,0.035398230088495575,0.010416666666666666,0.0,,,52,person,0.05,0.5,heuristic,mask2former_swinb_cityscapes,acdc_night_targetcal100,52
,,,,-1,True,,0.577853912469297,0.005314064212143421,,,406,,,0.555886736214605,,False,,,,,,52,person,0.05,0.5,argmax,mask2former_swinb_cityscapes,acdc_night_targetcal100,52
,,,0.999897670700772,665,True,0.10042013542013542,0.10042013542013542,0.23637168109416962,29.192118226600986,650.0,195,671.0,62.0,0.09239940387481371,0.11364532019704443,False,0.12831858407079647,0.020833333333333332,0.0,,,52,person,0.1,0.5,region_crc,mask2former_swinb_cityscapes,acdc_night_targetcal100,52
,,,0.9998669545582022,646,True,0.10554834054834054,0.10554834054834054,0.20764675736427307,28.20689655172414,625.0,195,671.0,63.0,0.09388971684053651,0.11763546798029556,False,0.13053097345132744,0.020833333333333332,0.0,,,52,person,0.1,0.5,heuristic,mask2former_swinb_cityscapes,acdc_night_targetcal100,52
,,,,-1,True,,0.577853912469297,0.005314064212143421,,,406,,,0.555886736214605,,False,,,,,,52,person,0.1,0.5,argmax,mask2former_swinb_cityscapes,acdc_night_targetcal100,52
,,,0.9991409864784946,511,True,0.18786955921571305,0.18786955921571305,0.08542408794164658,19.541871921182267,500.0,195,671.0,124.0,0.18479880774962743,0.06384236453201975,False,0.25442477876106195,0.046875,0.0,,,52,person,0.2,0.5,region_crc,mask2former_swinb_cityscapes,acdc_night_targetcal100,52
,,,0.9991409864784946,511,True,0.18786955921571305,0.18786955921571305,0.08542408794164658,19.541871921182267,500.0,195,671.0,124.0,0.18479880774962743,0.06384236453201975,False,0.25442477876106195,0.046875,0.0,,,52,person,0.2,0.5,heuristic,mask2former_swinb_cityscapes,acdc_night_targetcal100,52
,,,,-1,True,,0.577853912469297,0.005314064212143421,,,406,,,0.555886736214605,,False,,,,,,52,person,0.2,0.5,argmax,mask2former_swinb_cityscapes,acdc_night_targetcal100,52
,,,0.999988779815457,825,True,0.031420765027322405,0.031420765027322405,0.3915111720561981,23.80295566502463,825.0,122,158.0,5.0,0.03164556962025317,0.07921182266009852,False,0.04310344827586207,0.0,0.0,,,52,rider,0.05,0.1,region_crc,mask2former_swinb_cityscapes,acdc_night_targetcal100,24
,,,0.9999735759124267,763,True,0.04781420765027322,0.04781420765027323,0.2640336751937866,27.300492610837438,750.0,122,158.0,7.0,0.04430379746835443,0.08497536945812806,False,0.0603448275862069,0.0,0.0,,,52,rider,0.05,0.1,heuristic,mask2former_swinb_cityscapes,acdc_night_targetcal100,24
,,,,-1,True,,0.7909836065573771,0.0003519402234815061,,,406,,,0.8037974683544303,,False,,,,,,52,rider,0.05,0.1,argmax,mask2former_swinb_cityscapes,acdc_night_targetcal100,24
,,,0.9999605542697925,734,True,0.06420765027322405,0.06420765027322405,0.21454894542694092,26.438423645320196,725.0,122,158.0,9.0,0.056962025316455694,0.05669950738916263,False,0.07758620689655173,0.0,0.0,,,52,rider,0.1,0.1,region_crc,mask2former_swinb_cityscapes,acdc_night_targetcal100,24
,,,0.9999600055250238,733,True,0.06420765027322405,0.06420765027322405,0.21318361163139343,26.438423645320196,725.0,122,158.0,9.0,0.056962025316455694,0.05477832512315273,False,0.07758620689655173,0.0,0.0,,,52,rider,0.1,0.1,heuristic,mask2former_swinb_cityscapes,acdc_night_targetcal100,24
,,,,-1,True,,0.7909836065573771,0.0003519402234815061,,,406,,,0.8037974683544303,,False,,,,,,52,rider,0.1,0.1,argmax,mask2former_swinb_cityscapes,acdc_night_targetcal100,24
,,,0.9990405993684841,503,True,0.26775956284153,0.26775956284153,0.04080342873930931,12.389162561576354,500.0,122,158.0,42.0,0.26582278481012656,0.0835960591133005,False,0.3103448275862069,0.17142857142857143,0.0,,,52,rider,0.2,0.1,region_crc,mask2former_swinb_cityscapes,acdc_night_targetcal100,24
,,,0.9983327527874489,463,True,0.29781420765027317,0.29781420765027317,0.02960459515452385,9.120689655172415,450.0,122,158.0,47.0,0.2974683544303797,0.08507389162561574,False,0.35344827586206895,0.17142857142857143,0.0,,,52,rider,0.2,0.1,heuristic,mask2former_swinb_cityscapes,acdc_night_targetcal100,24
,,,,-1,True,,0.7909836065573771,0.0003519402234815061,,,406,,,0.8037974683544303,,False,,,,,,52,rider,0.2,0.1,argmax,mask2former_swinb_cityscapes,acdc_night_targetcal100,24
,,,0.9999978021401272,943,True,0.01092896174863388,0.01092896174863388,0.6526432037353516,13.354679802955665,925.0,122,158.0,2.0,0.012658227848101266,0.056798029556650254,False,0.017241379310344827,0.0,0.0,,,52,rider,0.05,0.5,region_crc,mask2former_swinb_cityscapes,acdc_night_targetcal100,24
,,,0.9999899538420972,833,True,0.04371584699453552,0.04371584699453552,0.4095645844936371,23.80295566502463,825.0,122,158.0,7.0,0.04430379746835443,0.07674876847290635,False,0.05172413793103448,0.02857142857142857,0.0,,,52,rider,0.05,0.5,heuristic,mask2former_swinb_cityscapes,acdc_night_targetcal100,24
,,,,-1,True,,0.8401639344262295,0.0003519402234815061,,,406,,,0.8544303797468354,,False,,,,,,52,rider,0.05,0.5,argmax,mask2former_swinb_cityscapes,acdc_night_targetcal100,24
,,,0.999971686080042,758,True,0.08469945355191257,0.08469945355191258,0.2548202872276306,27.300492610837438,750.0,122,158.0,12.0,0.0759493670886076,0.09467980295566503,False,0.09482758620689655,0.02857142857142857,0.0,,,52,rider,0.1,0.5,region_crc,mask2former_swinb_cityscapes,acdc_night_targetcal100,24
,,,0.9999670390287823,747,True,0.08469945355191257,0.08469945355191258,0.2352200150489807,26.438423645320196,725.0,122,158.0,12.0,0.0759493670886076,0.060344827586206906,False,0.09482758620689655,0.02857142857142857,0.0,,,52,rider,0.1,0.5,heuristic,mask2former_swinb_cityscapes,acdc_night_targetcal100,24
,,,,-1,True,,0.8401639344262295,0.0003519402234815061,,,406,,,0.8544303797468354,,False,,,,,,52,rider,0.1,0.5,argmax,mask2former_swinb_cityscapes,acdc_night_targetcal100,24
,,,0.9994703365561084,546,True,0.26775956284153,0.26775956284153,0.05762895196676254,14.0,525.0,122,158.0,40.0,0.25316455696202533,0.06482758620689655,False,0.2672413793103448,0.2571428571428571,0.0,,,52,rider,0.2,0.5,region_crc,mask2former_swinb_cityscapes,acdc_night_targetcal100,24
,,,0.9990921794698218,507,True,0.3114754098360656,0.3114754098360656,0.042052194476127625,12.389162561576354,500.0,122,158.0,49.0,0.310126582278481,0.0835960591133005,False,0.3448275862068966,0.2571428571428571,0.0,,,52,rider,0.2,0.5,heuristic,mask2former_swinb_cityscapes,acdc_night_targetcal100,24
,,,,-1,True,,0.8401639344262295,0.0003519402234815061,,,406,,,0.8544303797468354,,False,,,,,,52,rider,0.2,0.5,argmax,mask2former_swinb_cityscapes,acdc_night_targetcal100,24
,,,0.9999898140861194,832,True,0.01610644257703081,0.01610644257703081,0.3741202652454376,26.899014778325125,825.0,102,243.0,3.0,0.012345679012345678,0.10970443349753689,False,0.022058823529411766,0.0,0.0,,,52,bicycle,0.05,0.1,region_crc,mask2former_swinb_cityscapes,acdc_night_targetcal100,28
,,,0.999950111551254,717,True,0.1111577964519141,0.1111577964519141,0.1702871024608612,27.901477832512317,700.0,102,243.0,25.0,0.102880658436214,0.07497536945812808,False,0.15441176470588236,0.047619047619047616,0.0,,,52,bicycle,0.05,0.1,heuristic,mask2former_swinb_cityscapes,acdc_night_targetcal100,28
,,,,-1,True,,0.8193004979769684,0.0005649416125379503,,,406,,,0.7860082304526749,,False,,,,,,52,bicycle,0.05,0.1,argmax,mask2former_swinb_cityscapes,acdc_night_targetcal100,28
,,,0.9999419235582478,706,True,0.1111577964519141,0.1111577964519141,0.15640757977962494,27.901477832512317,700.0,102,243.0,25.0,0.102880658436214,0.07743842364532019,False,0.15441176470588236,0.047619047619047616,0.0,,,52,bicycle,0.1,0.1,region_crc,mask2former_swinb_cityscapes,acdc_night_targetcal100,28
,,,0.9998451183381087,635,True,0.1946078431372549,0.19460784313725488,0.0875198021531105,21.874384236453203,625.0,102,243.0,39.0,0.16049382716049382,0.06620689655172418,False,0.25,0.05952380952380952,0.0,,,52,bicycle,0.1,0.1,heuristic,mask2former_swinb_cityscapes,acdc_night_targetcal100,28
,,,,-1,True,,0.8193004979769684,0.0005649416125379503,,,406,,,0.7860082304526749,,False,,,,,,52,bicycle,0.1,0.1,argmax,mask2former_swinb_cityscapes,acdc_night_targetcal100,28
,,,0.9996952105010372,586,True,0.26671335200746965,0.26671335200746965,0.057970497757196426,18.054187192118228,575.0,102,243.0,54.0,0.2222222222222222,0.0768965517241379,False,0.33088235294117646,0.09523809523809523,0.043478260869565216,,,52,bicycle,0.2,0.1,region_crc,mask2former_swinb_cityscapes,acdc_night_targetcal100,28
,,,0.9993661302887431,533,True,0.3220743853096794,0.3220743853096794,0.03695506229996681,13.630541871921181,525.0,102,243.0,71.0,0.29218106995884774,0.06527093596059114,False,0.4338235294117647,0.11904761904761904,0.08695652173913043,,,52,bicycle,0.2,0.1,heuristic,mask2former_swinb_cityscapes,acdc_night_targetcal100,28
,,,,-1,True,,0.8193004979769684,0.0005649416125379503,,,406,,,0.7860082304526749,,False,,,,,,52,bicycle,0.2,0.1,argmax,mask2former_swinb_cityscapes,acdc_night_targetcal100,28
,,,0.9999952356901319,887,True,0.02591036414565826,0.02591036414565826,0.5113809704780579,22.059113300492612,875.0,102,243.0,4.0,0.01646090534979424,0.05788177339901479,False,0.029411764705882353,0.0,0.0,,,52,bicycle,0.05,0.5,region_crc,mask2former_swinb_cityscapes,acdc_night_targetcal100,28
,,,0.9999908798916064,840,True,0.04201680672268907,0.04201680672268907,0.3928367793560028,26.899014778325125,825.0,102,243.0,10.0,0.0411522633744856,0.13596059113300496,False,0.0661764705882353,0.011904761904761904,0.0,,,52,bicycle,0.05,0.5,heuristic,mask2former_swinb_cityscapes,acdc_night_targetcal100,28
,,,,-1,True,,0.8669817927170869,0.0005649416125379503,,,406,,,0.8477366255144033,,False,,,,,,52,bicycle,0.05,0.5,argmax,mask2former_swinb_cityscapes,acdc_night_targetcal100,28
,,,0.9999908798916064,840,True,0.04201680672268907,0.04201680672268907,0.3928367793560028,26.899014778325125,825.0,102,243.0,10.0,0.0411522633744856,0.13596059113300496,False,0.0661764705882353,0.011904761904761904,0.0,,,52,bicycle,0.1,0.5,region_crc,mask2former_swinb_cityscapes,acdc_night_targetcal100,28
,,,0.9999739384645,764,True,0.1134453781512605,0.11344537815126052,0.2411281019449234,29.401477832512317,750.0,102,243.0,24.0,0.09876543209876543,0.07068965517241377,False,0.13970588235294118,0.05952380952380952,0.0,,,52,bicycle,0.1,0.5,heuristic,mask2former_swinb_cityscapes,acdc_night_targetcal100,28
,,,,-1,True,,0.8669817927170869,0.0005649416125379503,,,406,,,0.8477366255144033,,False,,,,,,52,bicycle,0.1,0.5,argmax,mask2former_swinb_cityscapes,acdc_night_targetcal100,28
,,,0.9999031722143739,669,True,0.20242763772175534,0.20242763772175534,0.11613635718822479,24.440886699507388,650.0,102,243.0,41.0,0.16872427983539096,0.06571428571428573,False,0.2426470588235294,0.08333333333333333,0.043478260869565216,,,52,bicycle,0.2,0.5,region_crc,mask2former_swinb_cityscapes,acdc_night_targetcal100,28
,,,0.9997929858651209,614,True,0.2740662931839402,0.27406629318394027,0.07452497631311417,20.2807881773399,600.0,102,243.0,60.0,0.24691358024691357,0.06793103448275861,False,0.35294117647058826,0.11904761904761904,0.08695652173913043,,,52,bicycle,0.2,0.5,heuristic,mask2former_swinb_cityscapes,acdc_night_targetcal100,28
,,,,-1,True,,0.8669817927170869,0.0005649416125379503,,,406,,,0.8477366255144033,,False,,,,,,52,bicycle,0.2,0.5,argmax,mask2former_swinb_cityscapes,acdc_night_targetcal100,28
,,,0.9999610954855006,735,True,0.03410084813146037,0.03410084813146037,0.3570437729358673,27.573891625615765,725.0,196,687.0,18.0,0.026200873362445413,0.10561576354679802,False,0.03505154639175258,0.005555555555555556,0.0,,,53,person,0.05,0.1,region_crc,mask2former_swinb_cityscapes,acdc_night_targetcal100,51
,,,0.9999465435640603,712,True,0.04272986792119445,0.04272986792119445,0.31319811940193176,28.58374384236453,700.0,196,687.0,26.0,0.03784570596797671,0.07049261083743844,False,0.049484536082474224,0.011111111111111112,0.0,,,53,person,0.05,0.1,heuristic,mask2former_swinb_cityscapes,acdc_night_targetcal100,51
,,,,-1,True,,0.5332612257357154,0.005157888866961002,,,406,,,0.50509461426492,,False,,,,,,53,person,0.05,0.1,argmax,mask2former_swinb_cityscapes,acdc_night_targetcal100,51
,,,0.9998554560229254,640,True,0.06977096033218483,0.06977096033218481,0.1957690268754959,28.32512315270936,625.0,196,687.0,48.0,0.06986899563318777,0.052266009852216744,False,0.088659793814433,0.027777777777777776,0.0,,,53,person,0.1,0.1,region_crc,mask2former_swinb_cityscapes,acdc_night_targetcal100,51
,,,0.9996402506648443,574,True,0.10398555526106545,0.10398555526106545,0.12631987035274506,23.61576354679803,550.0,196,687.0,74.0,0.10771470160116449,0.05714285714285716,False,0.1422680412371134,0.027777777777777776,0.0,,,53,person,0.1,0.1,heuristic,mask2former_swinb_cityscapes,acdc_night_targetcal100,51
,,,,-1,True,,0.5332612257357154,0.005157888866961002,,,406,,,0.50509461426492,,False,,,,,,53,person,0.1,0.1,argmax,mask2former_swinb_cityscapes,acdc_night_targetcal100,51
,,,0.9968522516858986,417,True,0.20671574032543422,0.2067157403254342,0.04445497691631317,12.876847290640393,400.0,196,687.0,142.0,0.2066957787481805,0.06482758620689655,False,0.27422680412371137,0.05,0.0,,,53,person,0.2,0.1,region_crc,mask2former_swinb_cityscapes,acdc_night_targetcal100,51
,,,0.9947519253975022,380,True,0.23183083214970968,0.23183083214970968,0.03466104343533516,11.305418719211822,375.0,196,687.0,158.0,0.22998544395924309,0.06753694581280789,False,0.3030927835051546,0.06111111111111111,0.0,,,53,person,0.2,0.1,heuristic,mask2former_swinb_cityscapes,acdc_night_targetcal100,51
,,,,-1,True,,0.5332612257357154,0.005157888866961002,,,406,,,0.50509461426492,,False,,,,,,53,person,0.2,0.1,argmax,mask2former_swinb_cityscapes,acdc_night_targetcal100,51
,,,0.9999776127886143,775,True,0.04239166445799099,0.04239166445799099,0.44541487097740173,23.805418719211822,775.0,196,687.0,27.0,0.039301310043668124,0.09502463054187194,False,0.04742268041237113,0.022222222222222223,0.0,,,53,person,0.05,0.5,region_crc,mask2former_swinb_cityscapes,acdc_night_targetcal100,51
,,,0.9999679373067549,749,True,0.04889483390758901,0.04889483390758901,0.3865041434764862,27.573891625615765,725.0,196,687.0,33.0,0.048034934497816595,0.11054187192118226,False,0.05979381443298969,0.022222222222222223,0.0,,,53,person,0.05,0.5,heuristic,mask2former_swinb_cityscapes,acdc_night_targetcal100,51
,,,,-1,True,,0.6184585539177376,0.005157888866961002,,,406,,,0.5938864628820961,,False,,,,,,53,person,0.05,0.5,argmax,mask2former_swinb_cityscapes,acdc_night_targetcal100,51
,,,0.9999465435640603,712,True,0.07054758591748388,0.07054758591748388,0.31319811940193176,28.58374384236453,700.0,196,687.0,49.0,0.07132459970887918,0.07049261083743844,False,0.09072164948453608,0.027777777777777776,0.0,,,53,person,0.1,0.5,region_crc,mask2former_swinb_cityscapes,acdc_night_targetcal100,51
,,,0.9999244907772334,687,True,0.08179940807491827,0.08179940807491828,0.26923856139183044,28.908866995073893,675.0,196,687.0,55.0,0.08005822416302766,0.06817733990147787,False,0.10309278350515463,0.027777777777777776,0.0,,,53,person,0.1,0.5,heuristic,mask2former_swinb_cityscapes,acdc_night_targetcal100,51
,,,,-1,True,,0.6184585539177376,0.005157888866961002,,,406,,,0.5938864628820961,,False,,,,,,53,person,0.1,0.5,argmax,mask2former_swinb_cityscapes,acdc_night_targetcal100,51
,,,0.9982621991712506,460,True,0.23829218542228742,0.23829218542228747,0.060098860412836075,16.032019704433498,450.0,196,687.0,161.0,0.23435225618631733,0.0846305418719212,False,0.30515463917525776,0.06666666666666667,0.045454545454545456,,,53,person,0.2,0.5,region_crc,mask2former_swinb_cityscapes,acdc_night_targetcal100,51
,,,0.9982621991712506,460,True,0.23829218542228742,0.23829218542228747,0.060098860412836075,16.032019704433498,450.0,196,687.0,161.0,0.23435225618631733,0.0846305418719212,False,0.30515463917525776,0.06666666666666667,0.045454545454545456,,,53,person,0.2,0.5,heuristic,mask2former_swinb_cityscapes,acdc_night_targetcal100,51
,,,,-1,True,,0.6184585539177376,0.005157888866961002,,,406,,,0.5938864628820961,,False,,,,,,53,person,0.2,0.5,argmax,mask2former_swinb_cityscapes,acdc_night_targetcal100,51
,,,0.9999952356901319,887,True,0.01111111111111111,0.01111111111111111,0.539914071559906,19.55665024630542,875.0,120,159.0,2.0,0.012578616352201259,0.0727586206896551,False,0.01694915254237288,0.0,0.0,,,53,rider,0.05,0.1,region_crc,mask2former_swinb_cityscapes,acdc_night_targetcal100,26
,,,0.999989383044428,829,True,0.015277777777777777,0.015277777777777777,0.4020182490348816,24.295566502463053,825.0,120,159.0,3.0,0.018867924528301886,0.06950738916256155,False,0.025423728813559324,0.0,0.0,,,53,rider,0.05,0.1,heuristic,mask2former_swinb_cityscapes,acdc_night_targetcal100,26
,,,,-1,True,,0.7847222222222221,0.00037469639210030437,,,406,,,0.7987421383647799,,False,,,,,,53,rider,0.05,0.1,argmax,mask2former_swinb_cityscapes,acdc_night_targetcal100,26
,,,0.999989383044428,829,True,0.015277777777777777,0.015277777777777777,0.4020182490348816,24.295566502463053,825.0,120,159.0,3.0,0.018867924528301886,0.06950738916256155,False,0.025423728813559324,0.0,0.0,,,53,rider,0.1,0.1,region_crc,mask2former_swinb_cityscapes,acdc_night_targetcal100,26
,,,0.9999651662684964,743,True,0.05277777777777778,0.05277777777777778,0.22672733664512634,26.6871921182266,725.0,120,159.0,8.0,0.050314465408805034,0.0659605911330049,False,0.06779661016949153,0.0,0.0,,,53,rider,0.1,0.1,heuristic,mask2former_swinb_cityscapes,acdc_night_targetcal100,26
,,,,-1,True,,0.7847222222222221,0.00037469639210030437,,,406,,,0.7987421383647799,,False,,,,,,53,rider,0.1,0.1,argmax,mask2former_swinb_cityscapes,acdc_night_targetcal100,26
,,,0.9998872802543824,658,True,0.1111111111111111,0.1111111111111111,0.12580852210521698,23.536945812807883,650.0,120,159.0,18.0,0.11320754716981132,0.0910344827586207,False,0.15254237288135594,0.0,0.0,,,53,rider,0.2,0.1,region_crc,mask2former_swinb_cityscapes,acdc_night_targetcal100,26
,,,0.9997453169747414,599,True,0.15277777777777776,0.15277777777777776,0.08083412796258926,17.763546798029555,575.0,120,159.0,23.0,0.14465408805031446,0.08408866995073892,False,0.1864406779661017,0.030303030303030304,0.0,,,53,rider,0.2,0.1,heuristic,mask2former_swinb_cityscapes,acdc_night_targetcal100,26
,,,,-1,True,,0.7847222222222221,0.00037469639210030437,,,406,,,0.7987421383647799,,False,,,,,,53,rider,0.2,0.1,argmax,mask2former_swinb_cityscapes,acdc_night_targetcal100,26
,,,0.9999964843955947,909,True,0.015277777777777777,0.015277777777777777,0.587252140045166,16.56896551724138,900.0,120,159.0,3.0,0.018867924528301886,0.06201970443349758,False,0.025423728813559324,0.0,0.0,,,53,rider,0.05,0.5,region_crc,mask2former_swinb_cityscapes,acdc_night_targetcal100,26
,,,0.9999949649939122,883,True,0.015277777777777777,0.015277777777777777,0.5307978987693787,19.55665024630542,875.0,120,159.0,3.0,0.018867924528301886,0.06842364532019707,False,0.025423728813559324,0.0,0.0,,,53,rider,0.05,0.5,heuristic,mask2former_swinb_cityscapes,acdc_night_targetcal100,26
,,,,-1,True,,0.8388888888888888,0.00037469639210030437,,,406,,,0.8490566037735849,,False,,,,,,53,rider,0.05,0.5,argmax,mask2former_swinb_cityscapes,acdc_night_targetcal100,26
,,,0.9999949649939122,883,True,0.015277777777777777,0.015277777777777777,0.5307978987693787,19.55665024630542,875.0,120,159.0,3.0,0.018867924528301886,0.06842364532019707,False,0.025423728813559324,0.0,0.0,,,53,rider,0.1,0.5,region_crc,mask2former_swinb_cityscapes,acdc_night_targetcal100,26
,,,0.9999815498458082,789,True,0.06111111111111111,0.06111111111111111,0.3132482171058655,27.09605911330049,775.0,120,159.0,9.0,0.05660377358490566,0.0683743842364532,False,0.07627118644067797,0.0,0.0,,,53,rider,0.1,0.5,heuristic,mask2former_swinb_cityscapes,acdc_night_targetcal100,26
,,,,-1,True,,0.8388888888888888,0.00037469639210030437,,,406,,,0.8490566037735849,,False,,,,,,53,rider,0.1,0.5,argmax,mask2former_swinb_cityscapes,acdc_night_targetcal100,26
,,,0.9999670390287823,747,True,0.0736111111111111,0.0736111111111111,0.23409999907016754,26.6871921182266,725.0,120,159.0,11.0,0.06918238993710692,0.06073891625615757,False,0.09322033898305085,0.0,0.0,,,53,rider,0.2,0.5,region_crc,mask2former_swinb_cityscapes,acdc_night_targetcal100,26
,,,0.999907103361322,672,True,0.1361111111111111,0.1361111111111111,0.1377400904893875,23.536945812807883,650.0,120,159.0,21.0,0.1320754716981132,0.0949753694581281,False,0.17796610169491525,0.0,0.0,,,53,rider,0.2,0.5,heuristic,mask2former_swinb_cityscapes,acdc_night_targetcal100,26
,,,,-1,True,,0.8388888888888888,0.00037469639210030437,,,406,,,0.8490566037735849,,False,,,,,,53,rider,0.2,0.5,argmax,mask2former_swinb_cityscapes,acdc_night_targetcal100,26
,,,0.9999983327527875,963,True,0.0,0.0,0.7212061285972595,11.068965517241379,963.0,109,253.0,0.0,0.0,0.13615763546798032,False,0.0,0.0,0.0,,,53,bicycle,0.05,0.1,region_crc,mask2former_swinb_cityscapes,acdc_night_targetcal100,21
,,,0.9999898140861194,832,True,0.005897771952817824,0.005897771952817824,0.38295289874076843,27.103448275862068,825.0,109,253.0,2.0,0.007905138339920948,0.10039408866995075,False,0.014084507042253521,0.0,0.0,,,53,bicycle,0.05,0.1,heuristic,mask2former_swinb_cityscapes,acdc_night_targetcal100,21
,,,,-1,True,,0.8033821173729428,0.0007379090529866517,,,406,,,0.7786561264822134,,False,,,,,,53,bicycle,0.05,0.1,argmax,mask2former_swinb_cityscapes,acdc_night_targetcal100,21
,,,0.9999837070396737,798,True,0.028833551769331587,0.028833551769331587,0.3064517378807068,29.55665024630542,775.0,109,253.0,5.0,0.019762845849802372,0.08433497536945816,False,0.035211267605633804,0.0,0.0,,,53,bicycle,0.1,0.1,region_crc,mask2former_swinb_cityscapes,acdc_night_targetcal100,21
,,,0.9999223752883372,685,True,0.12160332022717343,0.12160332022717343,0.1314346045255661,26.27093596059113,675.0,109,253.0,26.0,0.10276679841897234,0.05295566502463056,False,0.1619718309859155,0.03614457831325301,0.0,,,53,bicycle,0.1,0.1,heuristic,mask2former_swinb_cityscapes,acdc_night_targetcal100,21
,,,,-1,True,,0.8033821173729428,0.0007379090529866517,,,406,,,0.7786561264822134,,False,,,,,,53,bicycle,0.1,0.1,argmax,mask2former_swinb_cityscapes,acdc_night_targetcal100,21
,,,0.9998493392933814,637,True,0.1601572739187418,0.16015727391874182,0.086428701877594,22.157635467980295,625.0,109,253.0,38.0,0.15019762845849802,0.07394088669950738,False,0.23943661971830985,0.04819277108433735,0.0,,,53,bicycle,0.2,0.1,region_crc,mask2former_swinb_cityscapes,acdc_night_targetcal100,21
,,,0.999748811356849,600,True,0.19858016601135864,0.19858016601135867,0.06181875243782997,20.46551724137931,600.0,109,253.0,49.0,0.19367588932806323,0.09162561576354677,False,0.30985915492957744,0.060240963855421686,0.0,,,53,bicycle,0.2,0.1,heuristic,mask2former_swinb_cityscapes,acdc_night_targetcal100,21
,,,,-1,True,,0.8033821173729428,0.0007379090529866517,,,406,,,0.7786561264822134,,False,,,,,,53,bicycle,0.2,0.1,argmax,mask2former_swinb_cityscapes,acdc_night_targetcal100,21
,,,0.9999984004419714,966,True,0.0045871559633027525,0.0045871559633027525,0.7279605865478516,10.75615763546798,966.0,109,253.0,1.0,0.003952569169960474,0.12945812807881774,False,0.007042253521126761,0.0,0.0,,,53,bicycle,0.05,0.5,region_crc,mask2former_swinb_cityscapes,acdc_night_targetcal100,21
,,,0.999991946215588,849,True,0.031673219746614245,0.031673219746614245,0.42206043004989624,27.103448275862068,825.0,109,253.0,7.0,0.02766798418972332,0.0915270935960591,False,0.04225352112676056,0.012048192771084338,0.0,,,53,bicycle,0.05,0.5,heuristic,mask2former_swinb_cityscapes,acdc_night_targetcal100,21
,,,,-1,True,,0.8632918304936653,0.0007379090529866517,,,406,,,0.841897233201581,,False,,,,,,53,bicycle,0.05,0.5,argmax,mask2former_swinb_cityscapes,acdc_night_targetcal100,21
,,,0.999989383044428,829,True,0.04925731760594146,0.04925731760594146,0.375643789768219,27.103448275862068,825.0,109,253.0,11.0,0.043478260869565216,0.11546798029556649,False,0.06338028169014084,0.024096385542168676,0.0,,,53,bicycle,0.1,0.5,region_crc,mask2former_swinb_cityscapes,acdc_night_targetcal100,21
,,,0.9999683772233983,750,True,0.13047182175622543,0.13047182175622543,0.221260666847229,29.822660098522167,750.0,109,253.0,26.0,0.10276679841897234,0.05906403940886698,False,0.14788732394366197,0.060240963855421686,0.0,,,53,bicycle,0.1,0.5,heuristic,mask2former_swinb_cityscapes,acdc_night_targetcal100,21
,,,,-1,True,,0.8632918304936653,0.0007379090529866517,,,406,,,0.841897233201581,,False,,,,,,53,bicycle,0.1,0.5,argmax,mask2former_swinb_cityscapes,acdc_night_targetcal100,21
,,,0.9999450459126142,710,True,0.17053298383573615,0.1705329838357361,0.16223546862602234,27.99014778325123,700.0,109,253.0,34.0,0.13438735177865613,0.04847290640394086,False,0.19718309859154928,0.07228915662650602,0.0,,,53,bicycle,0.2,0.5,region_crc,mask2former_swinb_cityscapes,acdc_night_targetcal100,21
,,,0.9999045007413978,670,True,0.19172127566622976,0.19172127566622982,0.11666779220104218,24.701970443349754,650.0,109,253.0,43.0,0.16996047430830039,0.055123152709359635,False,0.24647887323943662,0.08433734939759036,0.03571428571428571,,,53,bicycle,0.2,0.5,heuristic,mask2former_swinb_cityscapes,acdc_night_targetcal100,21
,,,,-1,True,,0.8632918304936653,0.0007379090529866517,,,406,,,0.841897233201581,,False,,,,,,53,bicycle,0.2,0.5,argmax,mask2former_swinb_cityscapes,acdc_night_targetcal100,21
,,,0.999986196157354,810,True,0.012060907583295644,0.012060907583295644,0.5111470222473145,21.52463054187192,800.0,201,675.0,6.0,0.008888888888888889,0.10536945812807885,False,0.013363028953229399,0.0,0.0,,,54,person,0.05,0.1,region_crc,mask2former_swinb_cityscapes,acdc_night_targetcal100,46
,,,0.9999812931785963,788,True,0.014430014430014428,0.014430014430014428,0.4646099805831909,23.857142857142858,775.0,201,675.0,8.0,0.011851851851851851,0.1169458128078818,False,0.017817371937639197,0.0,0.0,,,54,person,0.05,0.1,heuristic,mask2former_swinb_cityscapes,acdc_night_targetcal100,46
,,,,-1,True,,0.4937560090545165,0.005383931566029787,,,406,,,0.4651851851851852,,False,,,,,,54,person,0.05,0.1,argmax,mask2former_swinb_cityscapes,acdc_night_targetcal100,46
,,,0.999917964845567,681,True,0.04956683035041244,0.04956683035041244,0.2556457817554474,28.445812807881772,675.0,201,675.0,32.0,0.047407407407407405,0.12482758620689657,False,0.062360801781737196,0.01990049751243781,0.0,,,54,person,0.1,0.1,region_crc,mask2former_swinb_cityscapes,acdc_night_targetcal100,46
,,,0.9999058110403477,671,True,0.0532303310288385,0.05323033102883849,0.23875753581523895,28.667487684729064,650.0,201,675.0,36.0,0.05333333333333334,0.1372906403940887,False,0.07126948775055679,0.01990049751243781,0.0,,,54,person,0.1,0.1,heuristic,mask2former_swinb_cityscapes,acdc_night_targetcal100,46
,,,,-1,True,,0.4937560090545165,0.005383931566029787,,,406,,,0.4651851851851852,,False,,,,,,54,person,0.1,0.1,argmax,mask2former_swinb_cityscapes,acdc_night_targetcal100,46
,,,0.9994847713554182,548,True,0.11384258361870303,0.11384258361870303,0.1100773960351944,21.179802955665025,525.0,201,675.0,77.0,0.11407407407407408,0.10600985221674877,False,0.1603563474387528,0.024875621890547265,0.0,,,54,person,0.2,0.1,region_crc,mask2former_swinb_cityscapes,acdc_night_targetcal100,46
,,,0.9994629682036298,545,True,0.11467177101505459,0.11467177101505459,0.10796891897916794,21.179802955665025,525.0,201,675.0,78.0,0.11555555555555555,0.09847290640394088,False,0.16258351893095768,0.024875621890547265,0.0,,,54,person,0.2,0.1,heuristic,mask2former_swinb_cityscapes,acdc_night_targetcal100,46
,,,,-1,True,,0.4937560090545165,0.005383931566029787,,,406,,,0.4651851851851852,,False,,,,,,54,person,0.2,0.1,argmax,mask2former_swinb_cityscapes,acdc_night_targetcal100,46
,,,0.9999899538420972,833,True,0.017954060864508625,0.01795406086450863,0.5532515048980713,19.049261083743843,825.0,201,675.0,11.0,0.016296296296296295,0.10724137931034483,False,0.0200445434298441,0.009950248756218905,0.0,,,54,person,0.05,0.5,region_crc,mask2former_swinb_cityscapes,acdc_night_targetcal100,46
,,,0.9999895287145195,830,True,0.017954060864508625,0.01795406086450863,0.5481811165809631,19.049261083743843,825.0,201,675.0,11.0,0.016296296296296295,0.10926108374384241,False,0.0200445434298441,0.009950248756218905,0.0,,,54,person,0.05,0.5,heuristic,mask2former_swinb_cityscapes,acdc_night_targetcal100,46
,,,,-1,True,,0.5772109040765758,0.005383931566029787,,,406,,,0.554074074074074,,False,,,,,,54,person,0.05,0.5,argmax,mask2former_swinb_cityscapes,acdc_night_targetcal100,46
,,,0.9999665804959974,746,True,0.04270342012879327,0.04270342012879327,0.3719269037246704,27.460591133004925,725.0,201,675.0,31.0,0.045925925925925926,0.10807881773399008,False,0.060133630289532294,0.01990049751243781,0.0,,,54,person,0.1,0.5,region_crc,mask2former_swinb_cityscapes,acdc_night_targetcal100,46
,,,0.9999435063025188,708,True,0.07405989532855203,0.07405989532855203,0.3005838692188263,28.049261083743843,700.0,201,675.0,50.0,0.07407407407407407,0.1338423645320197,False,0.10022271714922049,0.024875621890547265,0.0,,,54,person,0.1,0.5,heuristic,mask2former_swinb_cityscapes,acdc_night_targetcal100,46
,,,,-1,True,,0.5772109040765758,0.005383931566029787,,,406,,,0.554074074074074,,False,,,,,,54,person,0.1,0.5,argmax,mask2former_swinb_cityscapes,acdc_night_targetcal100,46
,,,0.9997986275750138,616,True,0.11871379035558138,0.11871379035558141,0.16736719012260437,25.982758620689655,600.0,201,675.0,78.0,0.11555555555555555,0.12990147783251235,False,0.16258351893095768,0.024875621890547265,0.0,,,54,person,0.2,0.5,region_crc,mask2former_swinb_cityscapes,acdc_night_targetcal100,46
,,,0.9996688688785174,580,True,0.136134891918474,0.136134891918474,0.13422898948192596,24.167487684729064,575.0,201,675.0,90.0,0.13333333333333333,0.11724137931034484,False,0.18485523385300667,0.03482587064676617,0.0,,,54,person,0.2,0.5,heuristic,mask2former_swinb_cityscapes,acdc_night_targetcal100,46
,,,,-1,True,,0.5772109040765758,0.005383931566029787,,,406,,,0.554074074074074,,False,,,,,,54,person,0.2,0.5,argmax,mask2former_swinb_cityscapes,acdc_night_targetcal100,46
,,,0.9999952356901319,887,True,0.008547008547008548,0.008547008547008548,0.5322306752204895,19.549261083743843,875.0,117,154.0,1.0,0.006493506493506494,0.10783251231527097,False,0.008620689655172414,0.0,0.0,,,54,rider,0.05,0.1,region_crc,mask2former_swinb_cityscapes,acdc_night_targetcal100,29
,,,0.999988779815457,825,True,0.021367521367521368,0.021367521367521368,0.38747769594192505,23.411330049261085,825.0,117,154.0,3.0,0.01948051948051948,0.07241379310344828,False,0.02586206896551724,0.0,0.0,,,54,rider,0.05,0.1,heuristic,mask2former_swinb_cityscapes,acdc_night_targetcal100,29
,,,,-1,True,,0.8005698005698005,0.0004043371300213039,,,406,,,0.8051948051948052,,False,,,,,,54,rider,0.05,0.1,argmax,mask2former_swinb_cityscapes,acdc_night_targetcal100,29
,,,0.999988779815457,825,True,0.021367521367521368,0.021367521367521368,0.38747769594192505,23.411330049261085,825.0,117,154.0,3.0,0.01948051948051948,0.07241379310344828,False,0.02586206896551724,0.0,0.0,,,54,rider,0.1,0.1,region_crc,mask2former_swinb_cityscapes,acdc_night_targetcal100,29
,,,0.9999402964713416,704,True,0.06837606837606838,0.06837606837606838,0.17105622589588165,25.285714285714285,700.0,117,154.0,10.0,0.06493506493506493,0.08049261083743842,False,0.08620689655172414,0.0,0.0,,,54,rider,0.1,0.1,heuristic,mask2former_swinb_cityscapes,acdc_night_targetcal100,29
,,,,-1,True,,0.8005698005698005,0.0004043371300213039,,,406,,,0.8051948051948052,,False,,,,,,54,rider,0.1,0.1,argmax,mask2former_swinb_cityscapes,acdc_night_targetcal100,29
,,,0.9997271022217192,594,True,0.17094017094017094,0.17094017094017094,0.08031847327947617,17.29064039408867,575.0,117,154.0,25.0,0.16233766233766234,0.07354679802955666,False,0.20689655172413793,0.03225806451612903,0.0,,,54,rider,0.2,0.1,region_crc,mask2former_swinb_cityscapes,acdc_night_targetcal100,29
,,,0.9997271022217192,594,True,0.17094017094017094,0.17094017094017094,0.08031847327947617,17.29064039408867,575.0,117,154.0,25.0,0.16233766233766234,0.07354679802955666,False,0.20689655172413793,0.03225806451612903,0.0,,,54,rider,0.2,0.1,heuristic,mask2former_swinb_cityscapes,acdc_night_targetcal100,29
,,,,-1,True,,0.8005698005698005,0.0004043371300213039,,,406,,,0.8051948051948052,,False,,,,,,54,rider,0.2,0.1,argmax,mask2former_swinb_cityscapes,acdc_night_targetcal100,29
,,,0.9999964843955947,909,True,0.01282051282051282,0.01282051282051282,0.5802640914916992,16.586206896551722,900.0,117,154.0,2.0,0.012987012987012988,0.11566502463054185,False,0.017241379310344827,0.0,0.0,,,54,rider,0.05,0.5,region_crc,mask2former_swinb_cityscapes,acdc_night_targetcal100,29
,,,0.9999935434577096,865,True,0.021367521367521368,0.021367521367521368,0.4787413477897644,21.633004926108374,850.0,117,154.0,3.0,0.01948051948051948,0.11201970443349757,False,0.02586206896551724,0.0,0.0,,,54,rider,0.05,0.5,heuristic,mask2former_swinb_cityscapes,acdc_night_targetcal100,29
,,,,-1,True,,0.8475783475783475,0.0004043371300213039,,,406,,,0.8506493506493507,,False,,,,,,54,rider,0.05,0.5,argmax,mask2former_swinb_cityscapes,acdc_night_targetcal100,29
,,,0.9999935434577096,865,True,0.021367521367521368,0.021367521367521368,0.4787413477897644,21.633004926108374,850.0,117,154.0,3.0,0.01948051948051948,0.11201970443349757,False,0.02586206896551724,0.0,0.0,,,54,rider,0.1,0.5,region_crc,mask2former_swinb_cityscapes,acdc_night_targetcal100,29
,,,0.9999899538420972,833,True,0.02564102564102564,0.02564102564102564,0.4048383831977844,23.411330049261085,825.0,117,154.0,4.0,0.025974025974025976,0.08211822660098522,False,0.034482758620689655,0.0,0.0,,,54,rider,0.1,0.5,heuristic,mask2former_swinb_cityscapes,acdc_night_targetcal100,29
,,,,-1,True,,0.8475783475783475,0.0004043371300213039,,,406,,,0.8506493506493507,,False,,,,,,54,rider,0.1,0.5,argmax,mask2former_swinb_cityscapes,acdc_night_targetcal100,29
,,,0.9999472770138578,713,True,0.10256410256410256,0.10256410256410256,0.1846688985824585,25.285714285714285,700.0,117,154.0,15.0,0.09740259740259741,0.09788177339901483,False,0.12931034482758622,0.0,0.0,,,54,rider,0.2,0.5,region_crc,mask2former_swinb_cityscapes,acdc_night_targetcal100,29
,,,0.999893340387877,662,True,0.15384615384615385,0.15384615384615385,0.13010059297084808,22.785714285714285,650.0,117,154.0,23.0,0.14935064935064934,0.10625615763546797,False,0.19827586206896552,0.0,0.0,,,54,rider,0.2,0.5,heuristic,mask2former_swinb_cityscapes,acdc_night_targetcal100,29
,,,,-1,True,,0.8475783475783475,0.0004043371300213039,,,406,,,0.8506493506493507,,False,,,,,,54,rider,0.2,0.5,argmax,mask2former_swinb_cityscapes,acdc_night_targetcal100,29
,,,1.0,1000,False,0.0,0.0,1.0,0.7216748768472906,1000.0,113,257.0,0.0,0.0,0.0,False,0.0,0.0,0.0,,,54,bicycle,0.05,0.1,region_crc,mask2former_swinb_cityscapes,acdc_night_targetcal100,17
,,,0.9999983327527875,963,True,0.0,0.0,0.7111807465553284,11.766009852216749,963.0,113,257.0,0.0,0.0,0.07108374384236449,False,0.0,0.0,0.0,,,54,bicycle,0.05,0.1,heuristic,mask2former_swinb_cityscapes,acdc_night_targetcal100,17
,,,,-1,True,,0.8357107739851103,0.0007378793088719249,,,406,,,0.8054474708171206,,False,,,,,,54,bicycle,0.05,0.1,argmax,mask2former_swinb_cityscapes,acdc_night_targetcal100,17
,,,0.9999983327527875,963,True,0.0,0.0,0.7111807465553284,11.766009852216749,963.0,113,257.0,0.0,0.0,0.07108374384236449,False,0.0,0.0,0.0,,,54,bicycle,0.1,0.1,region_crc,mask2former_swinb_cityscapes,acdc_night_targetcal100,17
,,,0.9999547102420097,724,True,0.09148756847871893,0.09148756847871893,0.1823115199804306,27.06896551724138,700.0,113,257.0,23.0,0.08949416342412451,0.10812807881773395,False,0.12418300653594772,0.05263157894736842,0.0,,,54,bicycle,0.1,0.1,heuristic,mask2former_swinb_cityscapes,acdc_night_targetcal100,17
,,,,-1,True,,0.8357107739851103,0.0007378793088719249,,,406,,,0.8054474708171206,,False,,,,,,54,bicycle,0.1,0.1,argmax,mask2former_swinb_cityscapes,acdc_night_targetcal100,17
,,,0.9998493392933814,637,True,0.16333754740834386,0.16333754740834389,0.089279904961586,21.788177339901477,625.0,113,257.0,41.0,0.15953307392996108,0.09497536945812807,False,0.23529411764705882,0.06578947368421052,0.0,,,54,bicycle,0.2,0.1,region_crc,mask2former_swinb_cityscapes,acdc_night_targetcal100,17
,,,0.999748811356849,600,True,0.2004003371260008,0.20040033712600083,0.06536036729812622,20.15270935960591,600.0,113,257.0,52.0,0.20233463035019456,0.11133004926108375,False,0.3006535947712418,0.07894736842105263,0.0,,,54,bicycle,0.2,0.1,heuristic,mask2former_swinb_cityscapes,acdc_night_targetcal100,17
,,,,-1,True,,0.8357107739851103,0.0007378793088719249,,,406,,,0.8054474708171206,,False,,,,,,54,bicycle,0.2,0.1,argmax,mask2former_swinb_cityscapes,acdc_night_targetcal100,17
,,,1.0,1000,False,0.0,0.0,1.0,0.7216748768472906,1000.0,113,257.0,0.0,0.0,0.0,False,0.0,0.0,0.0,,,54,bicycle,0.05,0.5,region_crc,mask2former_swinb_cityscapes,acdc_night_targetcal100,17
,,,0.9999984004419714,966,True,0.004424778761061947,0.004424778761061947,0.7190476655960083,11.514778325123153,966.0,113,257.0,1.0,0.0038910505836575876,0.0663054187192118,False,0.006535947712418301,0.0,0.0,,,54,bicycle,0.05,0.5,heuristic,mask2former_swinb_cityscapes,acdc_night_targetcal100,17
,,,,-1,True,,0.886125158027813,0.0007378793088719249,,,406,,,0.8638132295719845,,False,,,,,,54,bicycle,0.05,0.5,argmax,mask2former_swinb_cityscapes,acdc_night_targetcal100,17
,,,0.9999984004419714,966,True,0.004424778761061947,0.004424778761061947,0.7190476655960083,11.514778325123153,966.0,113,257.0,1.0,0.0038910505836575876,0.0663054187192118,False,0.006535947712418301,0.0,0.0,,,54,bicycle,0.1,0.5,region_crc,mask2former_swinb_cityscapes,acdc_night_targetcal100,17
,,,0.9999742960421724,765,True,0.10461441213653602,0.10461441213653605,0.24349437654018402,28.830049261083744,750.0,113,257.0,24.0,0.0933852140077821,0.08369458128078819,False,0.11764705882352941,0.07894736842105263,0.0,,,54,bicycle,0.1,0.5,heuristic,mask2former_swinb_cityscapes,acdc_night_targetcal100,17
,,,,-1,True,,0.886125158027813,0.0007378793088719249,,,406,,,0.8638132295719845,,False,,,,,,54,bicycle,0.1,0.5,argmax,mask2former_swinb_cityscapes,acdc_night_targetcal100,17
,,,0.9999739384645,764,True,0.10461441213653602,0.10461441213653605,0.24210834503173828,28.830049261083744,750.0,113,257.0,24.0,0.0933852140077821,0.0861576354679803,False,0.11764705882352941,0.07894736842105263,0.0,,,54,bicycle,0.2,0.5,region_crc,mask2former_swinb_cityscapes,acdc_night_targetcal100,17
,,,0.999901825205698,668,True,0.19820901812052252,0.19820901812052252,0.11624754965305328,23.90394088669951,650.0,113,257.0,47.0,0.1828793774319066,0.05566502463054185,False,0.24836601307189543,0.10526315789473684,0.03571428571428571,,,54,bicycle,0.2,0.5,heuristic,mask2former_swinb_cityscapes,acdc_night_targetcal100,17
,,,,-1,True,,0.886125158027813,0.0007378793088719249,,,406,,,0.8638132295719845,,False,,,,,,54,bicycle,0.2,0.5,argmax,mask2former_swinb_cityscapes,acdc_night_targetcal100,17
,,,0.999986196157354,810,True,0.012376237623762377,0.012376237623762377,0.512060284614563,21.23152709359606,800.0,202,655.0,6.0,0.00916030534351145,0.07945812807881769,False,0.013793103448275862,0.0,0.0,,,55,person,0.05,0.1,region_crc,mask2former_swinb_cityscapes,acdc_night_targetcal100,45
,,,0.9999656442052101,744,True,0.0264026402640264,0.0264026402640264,0.3655194938182831,27.536945812807883,725.0,202,655.0,12.0,0.0183206106870229,0.09990147783251235,False,0.02528735632183908,0.005235602094240838,0.0,,,55,person,0.05,0.1,heuristic,mask2former_swinb_cityscapes,acdc_night_targetcal100,45
,,,,-1,True,,0.496513401340134,0.005178115796297789,,,406,,,0.4717557251908397,,False,,,,,,55,person,0.05,0.1,argmax,mask2former_swinb_cityscapes,acdc_night_targetcal100,45
,,,0.9999004594582649,667,True,0.062021827182718266,0.062021827182718266,0.22795706987380981,28.81527093596059,650.0,202,655.0,36.0,0.0549618320610687,0.10354679802955657,False,0.07816091954022988,0.010471204188481676,0.0,,,55,person,0.1,0.1,region_crc,mask2former_swinb_cityscapes,acdc_night_targetcal100,45
,,,0.999897670700772,665,True,0.062021827182718266,0.062021827182718266,0.2251492142677307,28.81527093596059,650.0,202,655.0,36.0,0.0549618320610687,0.10847290640394092,False,0.07816091954022988,0.010471204188481676,0.0,,,55,person,0.1,0.1,heuristic,mask2former_swinb_cityscapes,acdc_night_targetcal100,45
,,,,-1,True,,0.496513401340134,0.005178115796297789,,,406,,,0.4717557251908397,,False,,,,,,55,person,0.1,0.1,argmax,mask2former_swinb_cityscapes,acdc_night_targetcal100,45
,,,0.9986259580249874,477,True,0.16290370108439414,0.16290370108439417,0.06363848596811295,17.342364532019705,475.0,202,655.0,106.0,0.1618320610687023,0.11729064039408865,False,0.23448275862068965,0.020942408376963352,0.0,,,55,person,0.2,0.1,region_crc,mask2former_swinb_cityscapes,acdc_night_targetcal100,45
,,,0.9978322958951803,444,True,0.1854284535596417,0.18542845355964163,0.052290234714746475,14.293103448275861,425.0,202,655.0,121.0,0.18473282442748093,0.11221674876847287,False,0.26436781609195403,0.031413612565445025,0.0,,,55,person,0.2,0.1,heuristic,mask2former_swinb_cityscapes,acdc_night_targetcal100,45
,,,,-1,True,,0.496513401340134,0.005178115796297789,,,406,,,0.4717557251908397,,False,,,,,,55,person,0.2,0.1,argmax,mask2former_swinb_cityscapes,acdc_night_targetcal100,45
,,,0.9999923792098997,853,True,0.0076320132013201316,0.0076320132013201316,0.5907881259918213,16.832512315270936,850.0,202,655.0,7.0,0.010687022900763359,0.10497536945812813,False,0.013793103448275862,0.005235602094240838,0.0,,,55,person,0.05,0.5,region_crc,mask2former_swinb_cityscapes,acdc_night_targetcal100,45
,,,0.9999837070396737,798,True,0.026278877887788776,0.02627887788778878,0.48894181847572327,23.874384236453203,775.0,202,655.0,15.0,0.022900763358778626,0.0884729064039409,False,0.029885057471264367,0.010471204188481676,0.0,,,55,person,0.05,0.5,heuristic,mask2former_swinb_cityscapes,acdc_night_targetcal100,45
,,,,-1,True,,0.5803348191962053,0.005178115796297789,,,406,,,0.5557251908396946,,False,,,,,,55,person,0.05,0.5,argmax,mask2former_swinb_cityscapes,acdc_night_targetcal100,45
,,,0.9999665804959974,746,True,0.04306743174317432,0.04306743174317432,0.3696537911891937,27.536945812807883,725.0,202,655.0,27.0,0.04122137404580153,0.10019704433497545,False,0.05517241379310345,0.015706806282722512,0.0,,,55,person,0.1,0.5,region_crc,mask2former_swinb_cityscapes,acdc_night_targetcal100,45
,,,0.9999641903562897,741,True,0.04576770177017702,0.04576770177017701,0.3593307137489319,27.536945812807883,725.0,202,655.0,31.0,0.04732824427480916,0.09078817733990141,False,0.06436781609195402,0.015706806282722512,0.0,,,55,person,0.1,0.5,heuristic,mask2former_swinb_cityscapes,acdc_night_targetcal100,45
,,,,-1,True,,0.5803348191962053,0.005178115796297789,,,406,,,0.5557251908396946,,False,,,,,,55,person,0.1,0.5,argmax,mask2former_swinb_cityscapes,acdc_night_targetcal100,45
,,,0.9995124715098966,552,True,0.17395480619490522,0.17395480619490522,0.10701864212751389,23.342364532019705,550.0,202,655.0,112.0,0.17099236641221374,0.10108374384236452,False,0.2413793103448276,0.03664921465968586,0.0,,,55,person,0.2,0.5,region_crc,mask2former_swinb_cityscapes,acdc_night_targetcal100,45
,,,0.9994629682036298,545,True,0.175769987713057,0.17576998771305705,0.10190796852111816,21.603448275862068,525.0,202,655.0,114.0,0.17404580152671756,0.09876847290640389,False,0.24597701149425288,0.03664921465968586,0.0,,,55,person,0.2,0.5,heuristic,mask2former_swinb_cityscapes,acdc_night_targetcal100,45
,,,,-1,True,,0.5803348191962053,0.005178115796297789,,,406,,,0.5557251908396946,,False,,,,,,55,person,0.2,0.5,argmax,mask2former_swinb_cityscapes,acdc_night_targetcal100,45
,,,0.9999973331413354,929,True,0.002898550724637681,0.002898550724637681,0.6184068322181702,13.58128078817734,925.0,115,151.0,1.0,0.006622516556291391,0.1370935960591133,False,0.009009009009009009,0.0,0.0,,,55,rider,0.05,0.1,region_crc,mask2former_swinb_cityscapes,acdc_night_targetcal100,31
,,,0.999988779815457,825,True,0.02463768115942029,0.024637681159420288,0.38760846853256226,23.844827586206897,825.0,115,151.0,4.0,0.026490066225165563,0.09546798029556647,False,0.036036036036036036,0.0,0.0,,,55,rider,0.05,0.1,heuristic,mask2former_swinb_cityscapes,acdc_night_targetcal100,31
,,,,-1,True,,0.7405797101449274,0.0004149739979766309,,,406,,,0.7549668874172185,,False,,,,,,55,rider,0.05,0.1,argmax,mask2former_swinb_cityscapes,acdc_night_targetcal100,31
,,,0.9999696610881581,753,True,0.0463768115942029,0.0463768115942029,0.2390568107366562,27.39408866995074,750.0,115,151.0,7.0,0.046357615894039736,0.07950738916256161,False,0.06306306306306306,0.0,0.0,,,55,rider,0.1,0.1,region_crc,mask2former_swinb_cityscapes,acdc_night_targetcal100,31
,,,0.9999600055250238,733,True,0.05942028985507246,0.05942028985507246,0.2061978578567505,26.408866995073893,725.0,115,151.0,9.0,0.059602649006622516,0.08182266009852213,False,0.08108108108108109,0.0,0.0,,,55,rider,0.1,0.1,heuristic,mask2former_swinb_cityscapes,acdc_night_targetcal100,31
,,,,-1,True,,0.7405797101449274,0.0004149739979766309,,,406,,,0.7549668874172185,,False,,,,,,55,rider,0.1,0.1,argmax,mask2former_swinb_cityscapes,acdc_night_targetcal100,31
,,,0.9998872802543824,658,True,0.1072463768115942,0.1072463768115942,0.12296655029058456,22.79310344827586,650.0,115,151.0,16.0,0.10596026490066225,0.08492610837438425,False,0.14414414414414414,0.0,0.0,,,55,rider,0.2,0.1,region_crc,mask2former_swinb_cityscapes,acdc_night_targetcal100,31
,,,0.9998775383800735,652,True,0.11594202898550723,0.11594202898550723,0.11835584044456482,22.79310344827586,650.0,115,151.0,17.0,0.11258278145695365,0.07236453201970439,False,0.15315315315315314,0.0,0.0,,,55,rider,0.2,0.1,heuristic,mask2former_swinb_cityscapes,acdc_night_targetcal100,31
,,,,-1,True,,0.7405797101449274,0.0004149739979766309,,,406,,,0.7549668874172185,,False,,,,,,55,rider,0.2,0.1,argmax,mask2former_swinb_cityscapes,acdc_night_targetcal100,31
,,,0.9999984004419714,966,True,0.002898550724637681,0.002898550724637681,0.7037948966026306,10.633004926108374,966.0,115,151.0,1.0,0.006622516556291391,0.09719211822660101,False,0.009009009009009009,0.0,0.0,,,55,rider,0.05,0.5,region_crc,mask2former_swinb_cityscapes,acdc_night_targetcal100,31
,,,0.9999899538420972,833,True,0.042028985507246375,0.042028985507246375,0.4061715006828308,23.844827586206897,825.0,115,151.0,7.0,0.046357615894039736,0.09576354679802956,False,0.05405405405405406,0.03125,0.0,,,55,rider,0.05,0.5,heuristic,mask2former_swinb_cityscapes,acdc_night_targetcal100,31
,,,,-1,True,,0.7971014492753622,0.0004149739979766309,,,406,,,0.8079470198675497,,False,,,,,,55,rider,0.05,0.5,argmax,mask2former_swinb_cityscapes,acdc_night_targetcal100,31
,,,0.9999788163886475,779,True,0.07681159420289854,0.07681159420289854,0.2904284596443176,27.18472906403941,775.0,115,151.0,11.0,0.0728476821192053,0.08118226600985223,False,0.09009009009009009,0.03125,0.0,,,55,rider,0.1,0.5,region_crc,mask2former_swinb_cityscapes,acdc_night_targetcal100,31
,,,0.9999670390287823,747,True,0.08115942028985507,0.08115942028985507,0.22842685878276825,26.408866995073893,725.0,115,151.0,12.0,0.07947019867549669,0.07339901477832511,False,0.0990990990990991,0.03125,0.0,,,55,rider,0.1,0.5,heuristic,mask2former_swinb_cityscapes,acdc_night_targetcal100,31
,,,,-1,True,,0.7971014492753622,0.0004149739979766309,,,406,,,0.8079470198675497,,False,,,,,,55,rider,0.1,0.5,argmax,mask2former_swinb_cityscapes,acdc_night_targetcal100,31
,,,0.999917964845567,681,True,0.13768115942028986,0.13768115942028986,0.14250627160072327,23.70935960591133,675.0,115,151.0,20.0,0.13245033112582782,0.08724137931034487,False,0.17117117117117117,0.03125,0.0,,,55,rider,0.2,0.5,region_crc,mask2former_swinb_cityscapes,acdc_night_targetcal100,31
,,,0.999901825205698,668,True,0.13768115942028986,0.13768115942028986,0.13101133704185486,22.79310344827586,650.0,115,151.0,20.0,0.13245033112582782,0.08753694581280785,False,0.17117117117117117,0.03125,0.0,,,55,rider,0.2,0.5,heuristic,mask2former_swinb_cityscapes,acdc_night_targetcal100,31
,,,,-1,True,,0.7971014492753622,0.0004149739979766309,,,406,,,0.8079470198675497,,False,,,,,,55,rider,0.2,0.5,argmax,mask2former_swinb_cityscapes,acdc_night_targetcal100,31
,,,0.9999974414141131,932,True,0.009174311926605505,0.009174311926605505,0.6175916194915771,15.793103448275861,925.0,109,246.0,1.0,0.0040650406504065045,0.1380788177339901,False,0.006944444444444444,0.0,0.0,,,55,bicycle,0.05,0.1,region_crc,mask2former_swinb_cityscapes,acdc_night_targetcal100,21
,,,0.9999641903562897,741,True,0.06946264744429882,0.06946264744429882,0.20443019270896912,29.11822660098522,725.0,109,246.0,15.0,0.06097560975609756,0.0659605911330049,False,0.09027777777777778,0.02531645569620253,0.0,,,55,bicycle,0.05,0.1,heuristic,mask2former_swinb_cityscapes,acdc_night_targetcal100,21
,,,,-1,True,,0.8357215669142274,0.0006209328421391547,,,406,,,0.8170731707317073,,False,,,,,,55,bicycle,0.05,0.1,argmax,mask2former_swinb_cityscapes,acdc_night_targetcal100,21
,,,0.999963692194523,740,True,0.06946264744429882,0.06946264744429882,0.20208071172237396,29.11822660098522,725.0,109,246.0,15.0,0.06097560975609756,0.0659605911330049,False,0.09027777777777778,0.02531645569620253,0.0,,,55,bicycle,0.1,0.1,region_crc,mask2former_swinb_cityscapes,acdc_night_targetcal100,21
,,,0.9999402964713416,704,True,0.10463084316295326,0.10463084316295326,0.15072022378444672,27.519704433497537,700.0,109,246.0,23.0,0.09349593495934959,0.09359605911330049,False,0.13194444444444445,0.05063291139240506,0.0,,,55,bicycle,0.1,0.1,heuristic,mask2former_swinb_cityscapes,acdc_night_targetcal100,21
,,,,-1,True,,0.8357215669142274,0.0006209328421391547,,,406,,,0.8170731707317073,,False,,,,,,55,bicycle,0.1,0.1,argmax,mask2former_swinb_cityscapes,acdc_night_targetcal100,21
,,,0.9997308465196073,595,True,0.21983398864132808,0.21983398864132808,0.05879879370331764,17.985221674876847,575.0,109,246.0,50.0,0.2032520325203252,0.11389162561576355,False,0.3055555555555556,0.0759493670886076,0.0,,,55,bicycle,0.2,0.1,region_crc,mask2former_swinb_cityscapes,acdc_night_targetcal100,21
,,,0.9996993923697371,587,True,0.23949322848405416,0.23949322848405416,0.0547521710395813,17.985221674876847,575.0,109,246.0,53.0,0.21544715447154472,0.13837438423645315,False,0.3055555555555556,0.10126582278481013,0.043478260869565216,,,55,bicycle,0.2,0.1,heuristic,mask2former_swinb_cityscapes,acdc_night_targetcal100,21
,,,,-1,True,,0.8357215669142274,0.0006209328421391547,,,406,,,0.8170731707317073,,False,,,,,,55,bicycle,0.2,0.1,argmax,mask2former_swinb_cityscapes,acdc_night_targetcal100,21
,,,0.9999986448105876,978,True,0.0,0.0,0.7437942624092102,9.943349753694582,978.0,109,246.0,0.0,0.0,0.13344827586206892,False,0.0,0.0,0.0,,,55,bicycle,0.05,0.5,region_crc,mask2former_swinb_cityscapes,acdc_night_targetcal100,21
,,,0.9999918341762865,848,True,0.033202271734381825,0.03320227173438183,0.415964812040329,26.413793103448278,825.0,109,246.0,7.0,0.028455284552845527,0.09891625615763544,False,0.041666666666666664,0.012658227848101266,0.0,,,55,bicycle,0.05,0.5,heuristic,mask2former_swinb_cityscapes,acdc_night_targetcal100,21
,,,,-1,True,,0.8889034512887722,0.0006209328421391547,,,406,,,0.8699186991869918,,False,,,,,,55,bicycle,0.05,0.5,argmax,mask2former_swinb_cityscapes,acdc_night_targetcal100,21
,,,0.9999918341762865,848,True,0.033202271734381825,0.03320227173438183,0.415964812040329,26.413793103448278,825.0,109,246.0,7.0,0.028455284552845527,0.09891625615763544,False,0.041666666666666664,0.012658227848101266,0.0,,,55,bicycle,0.1,0.5,region_crc,mask2former_swinb_cityscapes,acdc_night_targetcal100,21
,,,0.9999739384645,764,True,0.11227610310179116,0.11227610310179116,0.239747554063797,29.633004926108374,750.0,109,246.0,23.0,0.09349593495934959,0.06798029556650242,False,0.125,0.06329113924050633,0.0,,,55,bicycle,0.1,0.5,heuristic,mask2former_swinb_cityscapes,acdc_night_targetcal100,21
,,,,-1,True,,0.8889034512887722,0.0006209328421391547,,,406,,,0.8699186991869918,,False,,,,,,55,bicycle,0.1,0.5,argmax,mask2former_swinb_cityscapes,acdc_night_targetcal100,21
,,,0.9999683772233983,750,True,0.12145041502839667,0.12145041502839667,0.2184816598892212,29.633004926108374,750.0,109,246.0,24.0,0.0975609756097561,0.06970443349753691,False,0.13194444444444445,0.06329113924050633,0.0,,,55,bicycle,0.2,0.5,region_crc,mask2former_swinb_cityscapes,acdc_night_targetcal100,21
,,,0.9999419235582478,706,True,0.16426387068588905,0.16426387068588905,0.1531352400779724,27.519704433497537,700.0,109,246.0,32.0,0.13008130081300814,0.09113300492610843,False,0.18055555555555555,0.0759493670886076,0.0,,,55,bicycle,0.2,0.5,heuristic,mask2former_swinb_cityscapes,acdc_night_targetcal100,21
,,,,-1,True,,0.8889034512887722,0.0006209328421391547,,,406,,,0.8699186991869918,,False,,,,,,55,bicycle,0.2,0.5,argmax,mask2former_swinb_cityscapes,acdc_night_targetcal100,21
,,,0.999738181699178,597,True,0.10516583584765403,0.10516583584765403,0.14341427385807037,24.366995073891626,575.0,198,646.0,62.0,0.09597523219814241,0.08630541871921182,False,0.13443396226415094,0.02617801047120419,0.0,,,56,person,0.05,0.1,region_crc,mask2former_swinb_cityscapes,acdc_night_targetcal100,49
,,,0.9994918405574394,549,True,0.14054451440815077,0.14054451440815077,0.10574321448802948,21.054187192118228,525.0,198,646.0,85.0,0.13157894736842105,0.07832512315270934,False,0.18867924528301888,0.02617801047120419,0.0,,,56,person,0.05,0.1,heuristic,mask2former_swinb_cityscapes,acdc_night_targetcal100,49
,,,,-1,True,,0.5065421531330623,0.0053984979167580605,,,406,,,0.47987616099071206,,False,,,,,,56,person,0.05,0.1,argmax,mask2former_swinb_cityscapes,acdc_night_targetcal100,49
,,,0.9992414224249708,520,True,0.15870528881892518,0.15870528881892518,0.08669460564851761,19.133004926108374,500.0,198,646.0,94.0,0.14551083591331268,0.07802955665024636,False,0.2099056603773585,0.02617801047120419,0.0,,,56,person,0.1,0.1,region_crc,mask2former_swinb_cityscapes,acdc_night_targetcal100,49
,,,0.9990137205143688,501,True,0.16518677030040668,0.16518677030040665,0.0763527974486351,19.133004926108374,500.0,198,646.0,99.0,0.15325077399380804,0.09034482758620688,False,0.22169811320754718,0.02617801047120419,0.0,,,56,person,0.1,0.1,heuristic,mask2former_swinb_cityscapes,acdc_night_targetcal100,49
,,,,-1,True,,0.5065421531330623,0.0053984979167580605,,,406,,,0.47987616099071206,,False,,,,,,56,person,0.1,0.1,argmax,mask2former_swinb_cityscapes,acdc_night_targetcal100,49
,,,0.9929854470158003,359,True,0.24454182882213185,0.24454182882213185,0.03064035251736641,10.177339901477833,350.0,198,646.0,147.0,0.22755417956656346,0.08059113300492615,False,0.3231132075471698,0.05235602094240838,0.0,,,56,person,0.2,0.1,region_crc,mask2former_swinb_cityscapes,acdc_night_targetcal100,49
,,,0.9911284398796204,342,True,0.2637758355561386,0.26377583555613854,0.02693984843790531,8.96551724137931,325.0,198,646.0,158.0,0.24458204334365324,0.1158128078817734,False,0.3490566037735849,0.05235602094240838,0.0,,,56,person,0.2,0.1,heuristic,mask2former_swinb_cityscapes,acdc_night_targetcal100,49
,,,,-1,True,,0.5065421531330623,0.0053984979167580605,,,406,,,0.47987616099071206,,False,,,,,,56,person,0.2,0.1,argmax,mask2former_swinb_cityscapes,acdc_night_targetcal100,49
,,,0.9999661155843861,745,True,0.05976840920022738,0.05976840920022738,0.3696541488170624,27.45566502463054,725.0,198,646.0,37.0,0.05727554179566564,0.09211822660098523,False,0.07783018867924528,0.020942408376963352,0.0,,,56,person,0.05,0.5,region_crc,mask2former_swinb_cityscapes,acdc_night_targetcal100,49
,,,0.9999457999109599,711,True,0.08119096812278631,0.08119096812278631,0.3040260374546051,28.32512315270936,700.0,198,646.0,48.0,0.07430340557275542,0.10197044334975369,False,0.10141509433962265,0.02617801047120419,0.0,,,56,person,0.05,0.5,heuristic,mask2former_swinb_cityscapes,acdc_night_targetcal100,49
,,,,-1,True,,0.5873274592971564,0.0053984979167580605,,,406,,,0.565015479876161,,False,,,,,,56,person,0.05,0.5,argmax,mask2former_swinb_cityscapes,acdc_night_targetcal100,49
,,,0.9996909704567486,585,True,0.15644057822088125,0.15644057822088123,0.13263124227523804,24.366995073891626,575.0,198,646.0,96.0,0.14860681114551083,0.09369458128078811,False,0.2099056603773585,0.03664921465968586,0.0,,,56,person,0.1,0.5,region_crc,mask2former_swinb_cityscapes,acdc_night_targetcal100,49
,,,0.9995512546100669,558,True,0.18611830789861095,0.18611830789861092,0.11187390983104706,23.04679802955665,550.0,198,646.0,111.0,0.17182662538699692,0.08339901477832512,False,0.2429245283018868,0.041884816753926704,0.0,,,56,person,0.1,0.5,heuristic,mask2former_swinb_cityscapes,acdc_night_targetcal100,49
,,,,-1,True,,0.5873274592971564,0.0053984979167580605,,,406,,,0.565015479876161,,False,,,,,,56,person,0.1,0.5,argmax,mask2former_swinb_cityscapes,acdc_night_targetcal100,49
,,,0.9984653830172007,469,True,0.22619166047196354,0.2261916604719635,0.06330737471580505,15.652709359605911,450.0,198,646.0,137.0,0.21207430340557276,0.07512315270935965,False,0.2971698113207547,0.05235602094240838,0.03225806451612903,,,56,person,0.2,0.5,region_crc,mask2former_swinb_cityscapes,acdc_night_targetcal100,49
,,,0.997740564229779,441,True,0.2440908908711939,0.2440908908711939,0.053459543734788895,14.364532019704434,425.0,198,646.0,149.0,0.2306501547987616,0.08098522167487682,False,0.32547169811320753,0.05235602094240838,0.03225806451612903,,,56,person,0.2,0.5,heuristic,mask2former_swinb_cityscapes,acdc_night_targetcal100,49
,,,,-1,True,,0.5873274592971564,0.0053984979167580605,,,406,,,0.565015479876161,,False,,,,,,56,person,0.2,0.5,argmax,mask2former_swinb_cityscapes,acdc_night_targetcal100,49
,,,0.9999973331413354,929,True,0.002898550724637681,0.002898550724637681,0.6222687363624573,13.694581280788178,925.0,115,151.0,1.0,0.006622516556291391,0.07073891625615769,False,0.008620689655172414,0.0,0.0,,,56,rider,0.05,0.1,region_crc,mask2former_swinb_cityscapes,acdc_night_targetcal100,31
,,,0.9999827813142501,794,True,0.02898550724637681,0.02898550724637681,0.32301968336105347,26.95320197044335,775.0,115,151.0,4.0,0.026490066225165563,0.06778325123152718,False,0.034482758620689655,0.0,0.0,,,56,rider,0.05,0.1,heuristic,mask2former_swinb_cityscapes,acdc_night_targetcal100,31
,,,,-1,True,,0.7739130434782608,0.0003145383088849485,,,406,,,0.8013245033112583,,False,,,,,,56,rider,0.05,0.1,argmax,mask2former_swinb_cityscapes,acdc_night_targetcal100,31
,,,0.9999827813142501,794,True,0.02898550724637681,0.02898550724637681,0.32301968336105347,26.95320197044335,775.0,115,151.0,4.0,0.026490066225165563,0.06778325123152718,False,0.034482758620689655,0.0,0.0,,,56,rider,0.1,0.1,region_crc,mask2former_swinb_cityscapes,acdc_night_targetcal100,31
,,,0.9999827813142501,794,True,0.02898550724637681,0.02898550724637681,0.32301968336105347,26.95320197044335,775.0,115,151.0,4.0,0.026490066225165563,0.06778325123152718,False,0.034482758620689655,0.0,0.0,,,56,rider,0.1,0.1,heuristic,mask2former_swinb_cityscapes,acdc_night_targetcal100,31
,,,,-1,True,,0.7739130434782608,0.0003145383088849485,,,406,,,0.8013245033112583,,False,,,,,,56,rider,0.1,0.1,argmax,mask2former_swinb_cityscapes,acdc_night_targetcal100,31
,,,0.9999202005312732,683,True,0.07246376811594202,0.07246376811594202,0.14841940999031067,23.82512315270936,675.0,115,151.0,12.0,0.07947019867549669,0.07704433497536944,False,0.10344827586206896,0.0,0.0,,,56,rider,0.2,0.1,region_crc,mask2former_swinb_cityscapes,acdc_night_targetcal100,31
,,,0.9997986275750138,616,True,0.14637681159420288,0.14637681159420293,0.09314928948879242,19.211822660098523,600.0,115,151.0,23.0,0.152317880794702,0.07798029556650243,False,0.1896551724137931,0.03571428571428571,0.0,,,56,rider,0.2,0.1,heuristic,mask2former_swinb_cityscapes,acdc_night_targetcal100,31
,,,,-1,True,,0.7739130434782608,0.0003145383088849485,,,406,,,0.8013245033112583,,False,,,,,,56,rider,0.2,0.1,argmax,mask2former_swinb_cityscapes,acdc_night_targetcal100,31
,,,0.9999984004419714,966,True,0.002898550724637681,0.002898550724637681,0.7052529454231262,10.5,966.0,115,151.0,1.0,0.006622516556291391,0.08290640394088666,False,0.008620689655172414,0.0,0.0,,,56,rider,0.05,0.5,region_crc,mask2former_swinb_cityscapes,acdc_night_targetcal100,31
,,,0.9999890855966355,827,True,0.0463768115942029,0.0463768115942029,0.3972480595111847,23.38423645320197,825.0,115,151.0,7.0,0.046357615894039736,0.07103448275862068,False,0.05172413793103448,0.03571428571428571,0.0,,,56,rider,0.05,0.5,heuristic,mask2former_swinb_cityscapes,acdc_night_targetcal100,31
,,,,-1,True,,0.8391304347826087,0.0003145383088849485,,,406,,,0.8675496688741722,,False,,,,,,56,rider,0.05,0.5,argmax,mask2former_swinb_cityscapes,acdc_night_targetcal100,31
,,,0.9999890855966355,827,True,0.0463768115942029,0.0463768115942029,0.3972480595111847,23.38423645320197,825.0,115,151.0,7.0,0.046357615894039736,0.07103448275862068,False,0.05172413793103448,0.03571428571428571,0.0,,,56,rider,0.1,0.5,region_crc,mask2former_swinb_cityscapes,acdc_night_targetcal100,31
,,,0.9999863855531753,811,True,0.0463768115942029,0.0463768115942029,0.35991138219833374,25.70935960591133,800.0,115,151.0,7.0,0.046357615894039736,0.07487684729064037,False,0.05172413793103448,0.03571428571428571,0.0,,,56,rider,0.1,0.5,heuristic,mask2former_swinb_cityscapes,acdc_night_targetcal100,31
,,,,-1,True,,0.8391304347826087,0.0003145383088849485,,,406,,,0.8675496688741722,,False,,,,,,56,rider,0.1,0.5,argmax,mask2former_swinb_cityscapes,acdc_night_targetcal100,31
,,,0.9999472770138578,713,True,0.10289855072463767,0.10289855072463767,0.18243776261806488,25.41625615763547,700.0,115,151.0,16.0,0.10596026490066225,0.0719704433497537,False,0.12931034482758622,0.03571428571428571,0.0,,,56,rider,0.2,0.5,region_crc,mask2former_swinb_cityscapes,acdc_night_targetcal100,31
,,,0.999882510244506,655,True,0.16376811594202897,0.163768115942029,0.12430481612682343,22.75615763546798,650.0,115,151.0,25.0,0.16556291390728478,0.08068965517241383,False,0.20689655172413793,0.03571428571428571,0.0,,,56,rider,0.2,0.5,heuristic,mask2former_swinb_cityscapes,acdc_night_targetcal100,31
,,,,-1,True,,0.8391304347826087,0.0003145383088849485,,,406,,,0.8675496688741722,,False,,,,,,56,rider,0.2,0.5,argmax,mask2former_swinb_cityscapes,acdc_night_targetcal100,31
,,,0.9999898140861194,832,True,0.011428571428571429,0.011428571428571429,0.37180858850479126,26.519704433497537,825.0,100,226.0,2.0,0.008849557522123894,0.09536945812807884,False,0.014705882352941176,0.0,0.0,,,56,bicycle,0.05,0.1,region_crc,mask2former_swinb_cityscapes,acdc_night_targetcal100,30
,,,0.9999605542697925,734,True,0.09338095238095238,0.09338095238095237,0.1924373060464859,28.901477832512317,725.0,100,226.0,19.0,0.084070796460177,0.09960591133004926,False,0.11764705882352941,0.04477611940298507,0.0,,,56,bicycle,0.05,0.1,heuristic,mask2former_swinb_cityscapes,acdc_night_targetcal100,30
,,,,-1,True,,0.8583809523809524,0.0005511843482963741,,,406,,,0.8407079646017699,,False,,,,,,56,bicycle,0.05,0.1,argmax,mask2former_swinb_cityscapes,acdc_night_targetcal100,30
,,,0.9999605542697925,734,True,0.09338095238095238,0.09338095238095237,0.1924373060464859,28.901477832512317,725.0,100,226.0,19.0,0.084070796460177,0.09960591133004926,False,0.11764705882352941,0.04477611940298507,0.0,,,56,bicycle,0.1,0.1,region_crc,mask2former_swinb_cityscapes,acdc_night_targetcal100,30
,,,0.999868780010098,647,True,0.16064285714285714,0.16064285714285714,0.09827490150928497,21.561576354679804,625.0,100,226.0,34.0,0.1504424778761062,0.0860591133004926,False,0.22058823529411764,0.05970149253731343,0.0,,,56,bicycle,0.1,0.1,heuristic,mask2former_swinb_cityscapes,acdc_night_targetcal100,30
,,,,-1,True,,0.8583809523809524,0.0005511843482963741,,,406,,,0.8407079646017699,,False,,,,,,56,bicycle,0.1,0.1,argmax,mask2former_swinb_cityscapes,acdc_night_targetcal100,30
,,,0.999738181699178,597,True,0.21645238095238092,0.21645238095238095,0.06439860165119171,17.923645320197043,575.0,100,226.0,47.0,0.2079646017699115,0.10492610837438421,False,0.3014705882352941,0.08955223880597014,0.0,,,56,bicycle,0.2,0.1,region_crc,mask2former_swinb_cityscapes,acdc_night_targetcal100,30
,,,0.9996548562606642,577,True,0.27264285714285713,0.2726428571428572,0.054580267518758774,17.923645320197043,575.0,100,226.0,56.0,0.24778761061946902,0.11477832512315267,False,0.3382352941176471,0.11940298507462686,0.08695652173913043,,,56,bicycle,0.2,0.1,heuristic,mask2former_swinb_cityscapes,acdc_night_targetcal100,30
,,,,-1,True,,0.8583809523809524,0.0005511843482963741,,,406,,,0.8407079646017699,,False,,,,,,56,bicycle,0.2,0.1,argmax,mask2former_swinb_cityscapes,acdc_night_targetcal100,30
,,,0.9999942983572772,874,True,0.034523809523809526,0.034523809523809526,0.47547197341918945,24.58374384236453,850.0,100,226.0,6.0,0.02654867256637168,0.08403940886699512,False,0.03676470588235294,0.014925373134328358,0.0,,,56,bicycle,0.05,0.5,region_crc,mask2former_swinb_cityscapes,acdc_night_targetcal100,30
,,,0.9999881423125183,821,True,0.053690476190476184,0.0536904761904762,0.35006704926490784,27.795566502463053,800.0,100,226.0,10.0,0.04424778761061947,0.10413793103448277,False,0.058823529411764705,0.029850746268656716,0.0,,,56,bicycle,0.05,0.5,heuristic,mask2former_swinb_cityscapes,acdc_night_targetcal100,30
,,,,-1,True,,0.915904761904762,0.0005511843482963741,,,406,,,0.9070796460176991,,False,,,,,,56,bicycle,0.05,0.5,argmax,mask2former_swinb_cityscapes,acdc_night_targetcal100,30
,,,0.9999815498458082,789,True,0.06869047619047619,0.06869047619047619,0.2843136489391327,28.982758620689655,775.0,100,226.0,12.0,0.05309734513274336,0.08955665024630538,False,0.0661764705882353,0.04477611940298507,0.0,,,56,bicycle,0.1,0.5,region_crc,mask2former_swinb_cityscapes,acdc_night_targetcal100,30
,,,0.9999616292754507,736,True,0.15754761904761902,0.15754761904761905,0.19478435814380646,28.901477832512317,725.0,100,226.0,28.0,0.12389380530973451,0.10960591133004927,False,0.16911764705882354,0.07462686567164178,0.0,,,56,bicycle,0.1,0.5,heuristic,mask2former_swinb_cityscapes,acdc_night_targetcal100,30
,,,,-1,True,,0.915904761904762,0.0005511843482963741,,,406,,,0.9070796460176991,,False,,,,,,56,bicycle,0.1,0.5,argmax,mask2former_swinb_cityscapes,acdc_night_targetcal100,30
,,,0.9998385641443174,632,True,0.27311904761904765,0.2731190476190476,0.08568941056728363,21.561576354679804,625.0,100,226.0,57.0,0.252212389380531,0.07911330049261084,False,0.3382352941176471,0.13432835820895522,0.08695652173913043,,,56,bicycle,0.2,0.5,region_crc,mask2former_swinb_cityscapes,acdc_night_targetcal100,30
,,,0.9997750945394164,608,True,0.2878809523809524,0.2878809523809524,0.07068952918052673,19.992610837438423,600.0,100,226.0,62.0,0.2743362831858407,0.09477832512315265,False,0.36764705882352944,0.14925373134328357,0.08695652173913043,,,56,bicycle,0.2,0.5,heuristic,mask2former_swinb_cityscapes,acdc_night_targetcal100,30
,,,,-1,True,,0.915904761904762,0.0005511843482963741,,,406,,,0.9070796460176991,,False,,,,,,56,bicycle,0.2,0.5,argmax,mask2former_swinb_cityscapes,acdc_night_targetcal100,30
,,,0.9999871175044831,815,True,0.011066547831253715,0.011066547831253715,0.5257191061973572,21.458128078817733,800.0,204,628.0,5.0,0.007961783439490446,0.06980295566502459,False,0.01182033096926714,0.0,0.0,,,57,person,0.05,0.1,region_crc,mask2former_swinb_cityscapes,acdc_night_targetcal100,43
,,,0.9999788163886475,779,True,0.019936762583821408,0.019936762583821408,0.4484092891216278,23.854679802955665,775.0,204,628.0,9.0,0.014331210191082803,0.07985221674876847,False,0.02127659574468085,0.0,0.0,,,57,person,0.05,0.1,heuristic,mask2former_swinb_cityscapes,acdc_night_targetcal100,43
,,,,-1,True,,0.5128514187337716,0.005199579056352377,,,406,,,0.49363057324840764,,False,,,,,,57,person,0.05,0.1,argmax,mask2former_swinb_cityscapes,acdc_night_targetcal100,43
,,,0.9998651037117409,645,True,0.0704418130888719,0.07044181308887192,0.20027585327625275,28.401477832512317,625.0,204,628.0,42.0,0.06687898089171974,0.04940886699507385,False,0.09219858156028368,0.01694915254237288,0.0,,,57,person,0.1,0.1,region_crc,mask2former_swinb_cityscapes,acdc_night_targetcal100,43
,,,0.9996688688785174,580,True,0.09765883626177743,0.09765883626177743,0.13084439933300018,25.014778325123153,575.0,204,628.0,63.0,0.10031847133757962,0.060344827586206906,False,0.14184397163120568,0.01694915254237288,0.0,,,57,person,0.1,0.1,heuristic,mask2former_swinb_cityscapes,acdc_night_targetcal100,43
,,,,-1,True,,0.5128514187337716,0.005199579056352377,,,406,,,0.49363057324840764,,False,,,,,,57,person,0.1,0.1,argmax,mask2former_swinb_cityscapes,acdc_night_targetcal100,43
,,,0.998717669417344,482,True,0.15702296069943125,0.15702296069943125,0.06817667186260223,17.65270935960591,475.0,204,628.0,100.0,0.1592356687898089,0.05472906403940886,False,0.22695035460992907,0.022598870056497175,0.0,,,57,person,0.2,0.1,region_crc,mask2former_swinb_cityscapes,acdc_night_targetcal100,43
,,,0.9967640634307037,415,True,0.20893423025775967,0.20893423025775967,0.04461628571152687,12.738916256157635,400.0,204,628.0,131.0,0.2085987261146497,0.0952216748768473,False,0.2907801418439716,0.04519774011299435,0.0,,,57,person,0.2,0.1,heuristic,mask2former_swinb_cityscapes,acdc_night_targetcal100,43
,,,,-1,True,,0.5128514187337716,0.005199579056352377,,,406,,,0.49363057324840764,,False,,,,,,57,person,0.2,0.1,argmax,mask2former_swinb_cityscapes,acdc_night_targetcal100,43
,,,0.9999895287145195,830,True,0.02238774297597827,0.02238774297597827,0.5541384816169739,19.44334975369458,825.0,204,628.0,12.0,0.01910828025477707,0.07472906403940882,False,0.026004728132387706,0.005649717514124294,0.0,,,57,person,0.05,0.5,region_crc,mask2former_swinb_cityscapes,acdc_night_targetcal100,43
,,,0.9999886237271418,824,True,0.02238774297597827,0.02238774297597827,0.543300211429596,21.458128078817733,800.0,204,628.0,12.0,0.01910828025477707,0.07950738916256161,False,0.026004728132387706,0.005649717514124294,0.0,,,57,person,0.05,0.5,heuristic,mask2former_swinb_cityscapes,acdc_night_targetcal100,43
,,,,-1,True,,0.5926980835069071,0.005199579056352377,,,406,,,0.5764331210191083,,False,,,,,,57,person,0.05,0.5,argmax,mask2former_swinb_cityscapes,acdc_night_targetcal100,43
,,,0.9999665804959974,746,True,0.0449367625838214,0.04493676258382141,0.3732307255268097,28.145320197044335,725.0,204,628.0,27.0,0.042993630573248405,0.09517241379310337,False,0.0591016548463357,0.011299435028248588,0.0,,,57,person,0.1,0.5,region_crc,mask2former_swinb_cityscapes,acdc_night_targetcal100,43
,,,0.9999275564039924,690,True,0.0822845047109753,0.0822845047109753,0.272298663854599,29.179802955665025,675.0,204,628.0,49.0,0.07802547770700637,0.08999999999999997,False,0.10874704491725769,0.01694915254237288,0.0,,,57,person,0.1,0.5,heuristic,mask2former_swinb_cityscapes,acdc_night_targetcal100,43
,,,,-1,True,,0.5926980835069071,0.005199579056352377,,,406,,,0.5764331210191083,,False,,,,,,57,person,0.1,0.5,argmax,mask2former_swinb_cityscapes,acdc_night_targetcal100,43
,,,0.9995753804360537,562,True,0.16098414113119996,0.16098414113119994,0.11663741618394852,23.75615763546798,550.0,204,628.0,102.0,0.1624203821656051,0.045862068965517255,False,0.22695035460992907,0.03389830508474576,0.0,,,57,person,0.2,0.5,region_crc,mask2former_swinb_cityscapes,acdc_night_targetcal100,43
,,,0.9994629682036298,545,True,0.17466506804742096,0.174665068047421,0.10469328612089157,21.899014778325125,525.0,204,628.0,110.0,0.1751592356687898,0.050640394088669965,False,0.24349881796690306,0.03954802259887006,0.0,,,57,person,0.2,0.5,heuristic,mask2former_swinb_cityscapes,acdc_night_targetcal100,43
,,,,-1,True,,0.5926980835069071,0.005199579056352377,,,406,,,0.5764331210191083,,False,,,,,,57,person,0.2,0.5,argmax,mask2former_swinb_cityscapes,acdc_night_targetcal100,43
,,,0.9999827813142501,794,True,0.04096045197740113,0.04096045197740113,0.31828534603118896,26.783251231527093,775.0,118,157.0,6.0,0.03821656050955414,0.11507389162561577,False,0.05,0.0,0.0,,,57,rider,0.05,0.1,region_crc,mask2former_swinb_cityscapes,acdc_night_targetcal100,28
,,,0.9999045007413978,670,True,0.11299435028248586,0.11299435028248588,0.1351214051246643,22.980295566502463,650.0,118,157.0,18.0,0.11464968152866242,0.08354679802955667,False,0.15,0.0,0.0,,,57,rider,0.05,0.1,heuristic,mask2former_swinb_cityscapes,acdc_night_targetcal100,28
,,,,-1,True,,0.7853107344632769,0.00032491740421392024,,,406,,,0.8089171974522293,,False,,,,,,57,rider,0.05,0.1,argmax,mask2former_swinb_cityscapes,acdc_night_targetcal100,28
,,,0.9999045007413978,670,True,0.11299435028248586,0.11299435028248588,0.1351214051246643,22.980295566502463,650.0,118,157.0,18.0,0.11464968152866242,0.08354679802955667,False,0.15,0.0,0.0,,,57,rider,0.1,0.1,region_crc,mask2former_swinb_cityscapes,acdc_night_targetcal100,28
,,,0.9998903521803857,660,True,0.12146892655367231,0.12146892655367232,0.12682639062404633,22.980295566502463,650.0,118,157.0,20.0,0.12738853503184713,0.08630541871921182,False,0.16666666666666666,0.0,0.0,,,57,rider,0.1,0.1,heuristic,mask2former_swinb_cityscapes,acdc_night_targetcal100,28
,,,,-1,True,,0.7853107344632769,0.00032491740421392024,,,406,,,0.8089171974522293,,False,,,,,,57,rider,0.1,0.1,argmax,mask2former_swinb_cityscapes,acdc_night_targetcal100,28
,,,0.9997271022217192,594,True,0.17231638418079095,0.17231638418079098,0.07737956941127777,17.357142857142858,575.0,118,157.0,27.0,0.17197452229299362,0.06778325123152718,False,0.20833333333333334,0.06451612903225806,0.0,,,57,rider,0.2,0.1,region_crc,mask2former_swinb_cityscapes,acdc_night_targetcal100,28
,,,0.9978620379104978,445,True,0.32909604519774005,0.32909604519774005,0.02522689290344715,7.586206896551724,425.0,118,157.0,53.0,0.3375796178343949,0.0819704433497537,False,0.39166666666666666,0.1935483870967742,0.0,,,57,rider,0.2,0.1,heuristic,mask2former_swinb_cityscapes,acdc_night_targetcal100,28
,,,,-1,True,,0.7853107344632769,0.00032491740421392024,,,406,,,0.8089171974522293,,False,,,,,,57,rider,0.2,0.1,argmax,mask2former_swinb_cityscapes,acdc_night_targetcal100,28
,,,0.9999863855531753,811,True,0.06638418079096045,0.06638418079096045,0.3548658490180969,25.482758620689655,800.0,118,157.0,10.0,0.06369426751592357,0.10975369458128081,False,0.075,0.03225806451612903,0.0,,,57,rider,0.05,0.5,region_crc,mask2former_swinb_cityscapes,acdc_night_targetcal100,28
,,,0.9999314511773547,694,True,0.1384180790960452,0.13841807909604523,0.1588711440563202,23.6871921182266,675.0,118,157.0,21.0,0.1337579617834395,0.09280788177339905,False,0.16666666666666666,0.03225806451612903,0.0,,,57,rider,0.05,0.5,heuristic,mask2former_swinb_cityscapes,acdc_night_targetcal100,28
,,,,-1,True,,0.844632768361582,0.00032491740421392024,,,406,,,0.8662420382165605,,False,,,,,,57,rider,0.05,0.5,argmax,mask2former_swinb_cityscapes,acdc_night_targetcal100,28
,,,0.9999314511773547,694,True,0.1384180790960452,0.13841807909604523,0.1588711440563202,23.6871921182266,675.0,118,157.0,21.0,0.1337579617834395,0.09280788177339905,False,0.16666666666666666,0.03225806451612903,0.0,,,57,rider,0.1,0.5,region_crc,mask2former_swinb_cityscapes,acdc_night_targetcal100,28
,,,0.9999234403393089,686,True,0.14689265536723162,0.14689265536723164,0.14984482526779175,23.6871921182266,675.0,118,157.0,22.0,0.14012738853503184,0.07600985221674877,False,0.175,0.03225806451612903,0.0,,,57,rider,0.1,0.5,heuristic,mask2former_swinb_cityscapes,acdc_night_targetcal100,28
,,,,-1,True,,0.844632768361582,0.00032491740421392024,,,406,,,0.8662420382165605,,False,,,,,,57,rider,0.1,0.5,argmax,mask2former_swinb_cityscapes,acdc_night_targetcal100,28
,,,0.999893340387877,662,True,0.1638418079096045,0.16384180790960454,0.12848064303398132,22.980295566502463,650.0,118,157.0,26.0,0.16560509554140126,0.09108374384236453,False,0.20833333333333334,0.03225806451612903,0.0,,,57,rider,0.2,0.5,region_crc,mask2former_swinb_cityscapes,acdc_night_targetcal100,28
,,,0.9984864387515638,470,True,0.36723163841807904,0.36723163841807904,0.031661245971918106,8.992610837438423,450.0,118,157.0,59.0,0.37579617834394907,0.05748768472906403,False,0.4166666666666667,0.2903225806451613,0.0,,,57,rider,0.2,0.5,heuristic,mask2former_swinb_cityscapes,acdc_night_targetcal100,28
,,,,-1,True,,0.844632768361582,0.00032491740421392024,,,406,,,0.8662420382165605,,False,,,,,,57,rider,0.2,0.5,argmax,mask2former_swinb_cityscapes,acdc_night_targetcal100,28
,,,1.0,1000,False,0.0,0.0,1.0,0.7192118226600985,1000.0,114,260.0,0.0,0.0,0.0,False,0.0,0.0,0.0,,,57,bicycle,0.05,0.1,region_crc,mask2former_swinb_cityscapes,acdc_night_targetcal100,16
,,,0.999897670700772,665,True,0.14676274018379282,0.14676274018379282,0.11315664649009705,24.25615763546798,650.0,114,260.0,32.0,0.12307692307692308,0.07280788177339903,False,0.1858974358974359,0.038461538461538464,0.0,,,57,bicycle,0.05,0.1,heuristic,mask2former_swinb_cityscapes,acdc_night_targetcal100,16
,,,,-1,True,,0.8276002506265663,0.0006710729794576764,,,406,,,0.8,,False,,,,,,57,bicycle,0.05,0.1,argmax,mask2former_swinb_cityscapes,acdc_night_targetcal100,16
,,,0.999897670700772,665,True,0.14676274018379282,0.14676274018379282,0.11315664649009705,24.25615763546798,650.0,114,260.0,32.0,0.12307692307692308,0.07280788177339903,False,0.1858974358974359,0.038461538461538464,0.0,,,57,bicycle,0.1,0.1,region_crc,mask2former_swinb_cityscapes,acdc_night_targetcal100,16
,,,0.9998493392933814,637,True,0.17213868003341687,0.1721386800334169,0.08899131417274475,21.908866995073893,625.0,114,260.0,40.0,0.15384615384615385,0.06231527093596062,False,0.23717948717948717,0.038461538461538464,0.0,,,57,bicycle,0.1,0.1,heuristic,mask2former_swinb_cityscapes,acdc_night_targetcal100,16
,,,,-1,True,,0.8276002506265663,0.0006710729794576764,,,406,,,0.8,,False,,,,,,57,bicycle,0.1,0.1,argmax,mask2former_swinb_cityscapes,acdc_night_targetcal100,16
,,,0.9997075847622157,589,True,0.2364452798663325,0.23644527986633251,0.05883881077170372,17.822660098522167,575.0,114,260.0,56.0,0.2153846153846154,0.09709359605911333,False,0.3141025641025641,0.07692307692307693,0.038461538461538464,,,57,bicycle,0.2,0.1,region_crc,mask2former_swinb_cityscapes,acdc_night_targetcal100,16
,,,0.9995753804360537,562,True,0.29807852965747705,0.29807852965747694,0.04642494022846222,15.51231527093596,550.0,114,260.0,71.0,0.27307692307692305,0.07896551724137935,False,0.3974358974358974,0.08974358974358974,0.07692307692307693,,,57,bicycle,0.2,0.1,heuristic,mask2former_swinb_cityscapes,acdc_night_targetcal100,16
,,,,-1,True,,0.8276002506265663,0.0006710729794576764,,,406,,,0.8,,False,,,,,,57,bicycle,0.2,0.1,argmax,mask2former_swinb_cityscapes,acdc_night_targetcal100,16
,,,1.0,1000,False,0.0,0.0,1.0,0.7192118226600985,1000.0,114,260.0,0.0,0.0,0.0,False,0.0,0.0,0.0,,,57,bicycle,0.05,0.5,region_crc,mask2former_swinb_cityscapes,acdc_night_targetcal100,16
,,,0.9999791070386914,780,True,0.09388053467000836,0.09388053467000836,0.2696842849254608,29.088669950738915,775.0,114,260.0,18.0,0.06923076923076923,0.06990147783251233,False,0.09615384615384616,0.038461538461538464,0.0,,,57,bicycle,0.05,0.5,heuristic,mask2former_swinb_cityscapes,acdc_night_targetcal100,16
,,,,-1,True,,0.8780597326649959,0.0006710729794576764,,,406,,,0.8576923076923076,,False,,,,,,57,bicycle,0.05,0.5,argmax,mask2former_swinb_cityscapes,acdc_night_targetcal100,16
,,,0.9999791070386914,780,True,0.09388053467000836,0.09388053467000836,0.2696842849254608,29.088669950738915,775.0,114,260.0,18.0,0.06923076923076923,0.06990147783251233,False,0.09615384615384616,0.038461538461538464,0.0,,,57,bicycle,0.1,0.5,region_crc,mask2former_swinb_cityscapes,acdc_night_targetcal100,16
,,,0.999901825205698,668,True,0.21693817878028404,0.21693817878028404,0.11548002064228058,24.25615763546798,650.0,114,260.0,48.0,0.18461538461538463,0.07847290640394089,False,0.26282051282051283,0.07692307692307693,0.038461538461538464,,,57,bicycle,0.1,0.5,heuristic,mask2former_swinb_cityscapes,acdc_night_targetcal100,16
,,,,-1,True,,0.8780597326649959,0.0006710729794576764,,,406,,,0.8576923076923076,,False,,,,,,57,bicycle,0.1,0.5,argmax,mask2former_swinb_cityscapes,acdc_night_targetcal100,16
,,,0.9998758347692408,651,True,0.22871762740183793,0.22871762740183793,0.10154066234827042,24.25615763546798,650.0,114,260.0,52.0,0.2,0.05369458128078819,False,0.28846153846153844,0.07692307692307693,0.038461538461538464,,,57,bicycle,0.2,0.5,region_crc,mask2former_swinb_cityscapes,acdc_night_targetcal100,16
,,,0.9998723561191188,649,True,0.22871762740183793,0.22871762740183793,0.09954710304737091,21.908866995073893,625.0,114,260.0,52.0,0.2,0.05123152709359613,False,0.28846153846153844,0.07692307692307693,0.038461538461538464,,,57,bicycle,0.2,0.5,heuristic,mask2former_swinb_cityscapes,acdc_night_targetcal100,16
,,,,-1,True,,0.8780597326649959,0.0006710729794576764,,,406,,,0.8576923076923076,,False,,,,,,57,bicycle,0.2,0.5,argmax,mask2former_swinb_cityscapes,acdc_night_targetcal100,16
,,,0.9999810329407879,787,True,0.019966664351691088,0.019966664351691088,0.4753335416316986,24.426108374384235,775.0,187,653.0,10.0,0.015313935681470138,0.11497536945812811,False,0.02262443438914027,0.0,0.0,,,58,person,0.05,0.1,region_crc,mask2former_swinb_cityscapes,acdc_night_targetcal100,60
,,,0.9999674912702614,748,True,0.021749195545986984,0.021749195545986984,0.3860633671283722,28.253694581280786,725.0,187,653.0,11.0,0.016845329249617153,0.10832512315270937,False,0.02262443438914027,0.005494505494505495,0.0,,,58,person,0.05,0.1,heuristic,mask2former_swinb_cityscapes,acdc_night_targetcal100,60
,,,,-1,True,,0.4909162732692144,0.004940453451126814,,,406,,,0.48545176110260335,,False,,,,,,58,person,0.05,0.1,argmax,mask2former_swinb_cityscapes,acdc_night_targetcal100,60
,,,0.9998554560229254,640,True,0.06907366252286039,0.06907366252286037,0.19539499282836914,28.423645320197043,625.0,187,653.0,43.0,0.06584992343032159,0.1399014778325123,False,0.09049773755656108,0.016483516483516484,0.0,,,58,person,0.1,0.1,region_crc,mask2former_swinb_cityscapes,acdc_night_targetcal100,60
,,,0.9995450119398499,557,True,0.11852269833553256,0.11852269833553256,0.11480695009231567,23.413793103448278,550.0,187,653.0,80.0,0.1225114854517611,0.10423645320197045,False,0.17420814479638008,0.016483516483516484,0.0,,,58,person,0.1,0.1,heuristic,mask2former_swinb_cityscapes,acdc_night_targetcal100,60
,,,,-1,True,,0.4909162732692144,0.004940453451126814,,,406,,,0.48545176110260335,,False,,,,,,58,person,0.1,0.1,argmax,mask2former_swinb_cityscapes,acdc_night_targetcal100,60
,,,0.9956146930222501,393,True,0.2337193035722447,0.2337193035722447,0.03979341685771942,11.399014778325123,375.0,187,653.0,151.0,0.23124042879019907,0.05684729064039418,False,0.3212669683257919,0.04945054945054945,0.0,,,58,person,0.2,0.1,region_crc,mask2former_swinb_cityscapes,acdc_night_targetcal100,60
,,,0.992788925208171,357,True,0.24776296935387843,0.24776296935387845,0.03115161508321762,10.317733990147783,350.0,187,653.0,161.0,0.24655436447166923,0.0913793103448276,False,0.3438914027149321,0.04945054945054945,0.0,,,58,person,0.2,0.1,heuristic,mask2former_swinb_cityscapes,acdc_night_targetcal100,60
,,,,-1,True,,0.4909162732692144,0.004940453451126814,,,406,,,0.48545176110260335,,False,,,,,,58,person,0.2,0.1,argmax,mask2former_swinb_cityscapes,acdc_night_targetcal100,60
,,,0.9999899538420972,833,True,0.016178785563812303,0.0161787855638123,0.566161036491394,19.366995073891626,825.0,187,653.0,12.0,0.018376722817764167,0.11931034482758619,False,0.02262443438914027,0.01098901098901099,0.0,,,58,person,0.05,0.5,region_crc,mask2former_swinb_cityscapes,acdc_night_targetcal100,60
,,,0.9999837070396737,798,True,0.025537074333865775,0.025537074333865775,0.5009095072746277,24.426108374384235,775.0,187,653.0,16.0,0.02450229709035222,0.11467980295566504,False,0.03167420814479638,0.01098901098901099,0.0,,,58,person,0.05,0.5,heuristic,mask2former_swinb_cityscapes,acdc_night_targetcal100,60
,,,,-1,True,,0.5916073528372994,0.004940453451126814,,,406,,,0.5773353751914242,,False,,,,,,58,person,0.05,0.5,argmax,mask2former_swinb_cityscapes,acdc_night_targetcal100,60
,,,0.9998990747113923,666,True,0.09981422320994515,0.09981422320994512,0.23383767902851105,29.635467980295566,650.0,187,653.0,62.0,0.09494640122511486,0.12339901477832516,False,0.1334841628959276,0.016483516483516484,0.0,,,58,person,0.1,0.5,region_crc,mask2former_swinb_cityscapes,acdc_night_targetcal100,60
,,,0.9998723561191188,649,True,0.10070548880709308,0.10070548880709308,0.20869626104831696,28.423645320197043,625.0,187,653.0,63.0,0.09647779479326186,0.13729064039408864,False,0.13574660633484162,0.016483516483516484,0.0,,,58,person,0.1,0.5,heuristic,mask2former_swinb_cityscapes,acdc_night_targetcal100,60
,,,,-1,True,,0.5916073528372994,0.004940453451126814,,,406,,,0.5773353751914242,,False,,,,,,58,person,0.1,0.5,argmax,mask2former_swinb_cityscapes,acdc_night_targetcal100,60
,,,0.9971816170687355,425,True,0.26618656892721065,0.26618656892721065,0.049441613256931305,14.514778325123153,425.0,187,653.0,173.0,0.2649310872894334,0.07758620689655171,False,0.36199095022624433,0.06593406593406594,0.034482758620689655,,,58,person,0.2,0.5,region_crc,mask2former_swinb_cityscapes,acdc_night_targetcal100,60
,,,0.997142409456625,424,True,0.26667271379838225,0.26667271379838225,0.049071863293647766,12.980295566502463,400.0,187,653.0,174.0,0.2664624808575804,0.07743842364532016,False,0.36425339366515835,0.06593406593406594,0.034482758620689655,,,58,person,0.2,0.5,heuristic,mask2former_swinb_cityscapes,acdc_night_targetcal100,60
,,,,-1,True,,0.5916073528372994,0.004940453451126814,,,406,,,0.5773353751914242,,False,,,,,,58,person,0.2,0.5,argmax,mask2former_swinb_cityscapes,acdc_night_targetcal100,60
,,,0.9999045007413978,670,True,0.12356321839080459,0.12356321839080459,0.13656838238239288,23.123152709359605,650.0,116,157.0,19.0,0.12101910828025478,0.0973399014778325,False,0.16101694915254236,0.0,0.0,,,58,rider,0.05,0.1,region_crc,mask2former_swinb_cityscapes,acdc_night_targetcal100,30
,,,0.9998903521803857,660,True,0.132183908045977,0.132183908045977,0.12787853181362152,23.123152709359605,650.0,116,157.0,21.0,0.1337579617834395,0.08123152709359607,False,0.17796610169491525,0.0,0.0,,,58,rider,0.05,0.1,heuristic,mask2former_swinb_cityscapes,acdc_night_targetcal100,30
,,,,-1,True,,0.7988505747126436,0.0003611279826145619,,,406,,,0.821656050955414,,False,,,,,,58,rider,0.05,0.1,argmax,mask2former_swinb_cityscapes,acdc_night_targetcal100,30
,,,0.999868780010098,647,True,0.15373563218390804,0.15373563218390804,0.11710426211357117,20.889162561576356,625.0,116,157.0,24.0,0.15286624203821655,0.07241379310344831,False,0.2033898305084746,0.0,0.0,,,58,rider,0.1,0.1,region_crc,mask2former_swinb_cityscapes,acdc_night_targetcal100,30
,,,0.9996866714275684,584,True,0.2011494252873563,0.2011494252873563,0.07371123880147934,17.192118226600986,575.0,116,157.0,30.0,0.1910828025477707,0.0663054187192118,False,0.23728813559322035,0.06060606060606061,0.0,,,58,rider,0.1,0.1,heuristic,mask2former_swinb_cityscapes,acdc_night_targetcal100,30
,,,,-1,True,,0.7988505747126436,0.0003611279826145619,,,406,,,0.821656050955414,,False,,,,,,58,rider,0.1,0.1,argmax,mask2former_swinb_cityscapes,acdc_night_targetcal100,30
,,,0.9992722201954631,523,True,0.23706896551724138,0.23706896551724138,0.04735620319843292,12.270935960591133,500.0,116,157.0,36.0,0.22929936305732485,0.06487684729064036,False,0.2796610169491525,0.09090909090909091,0.0,,,58,rider,0.2,0.1,region_crc,mask2former_swinb_cityscapes,acdc_night_targetcal100,30
,,,0.9992201698894767,518,True,0.23994252873563218,0.23994252873563218,0.045671988278627396,12.270935960591133,500.0,116,157.0,37.0,0.2356687898089172,0.06719211822660098,False,0.288135593220339,0.09090909090909091,0.0,,,58,rider,0.2,0.1,heuristic,mask2former_swinb_cityscapes,acdc_night_targetcal100,30
,,,,-1,True,,0.7988505747126436,0.0003611279826145619,,,406,,,0.821656050955414,,False,,,,,,58,rider,0.2,0.1,argmax,mask2former_swinb_cityscapes,acdc_night_targetcal100,30
,,,0.999985003151645,804,True,0.07614942528735631,0.07614942528735631,0.3490827977657318,26.211822660098523,800.0,116,157.0,11.0,0.07006369426751592,0.10354679802955669,False,0.0847457627118644,0.030303030303030304,0.0,,,58,rider,0.05,0.5,region_crc,mask2former_swinb_cityscapes,acdc_night_targetcal100,30
,,,0.9999314511773547,694,True,0.14080459770114942,0.14080459770114942,0.16033588349819183,24.0,675.0,116,157.0,21.0,0.1337579617834395,0.10832512315270937,False,0.1694915254237288,0.030303030303030304,0.0,,,58,rider,0.05,0.5,heuristic,mask2former_swinb_cityscapes,acdc_night_targetcal100,30
,,,,-1,True,,0.8419540229885056,0.0003611279826145619,,,406,,,0.8598726114649682,,False,,,,,,58,rider,0.05,0.5,argmax,mask2former_swinb_cityscapes,acdc_night_targetcal100,30
,,,0.9999234403393089,686,True,0.14942528735632182,0.14942528735632182,0.15150567889213562,24.0,675.0,116,157.0,22.0,0.14012738853503184,0.1093596059113301,False,0.17796610169491525,0.030303030303030304,0.0,,,58,rider,0.1,0.5,region_crc,mask2former_swinb_cityscapes,acdc_night_targetcal100,30
,,,0.9998514064357713,638,True,0.20977011494252873,0.20977011494252873,0.11010635644197464,20.889162561576356,625.0,116,157.0,31.0,0.19745222929936307,0.06729064039408866,False,0.23728813559322035,0.09090909090909091,0.0,,,58,rider,0.1,0.5,heuristic,mask2former_swinb_cityscapes,acdc_night_targetcal100,30
,,,,-1,True,,0.8419540229885056,0.0003611279826145619,,,406,,,0.8598726114649682,,False,,,,,,58,rider,0.1,0.5,argmax,mask2former_swinb_cityscapes,acdc_night_targetcal100,30
,,,0.9997308465196073,595,True,0.24281609195402296,0.24281609195402296,0.07957421243190765,17.192118226600986,575.0,116,157.0,36.0,0.22929936305732485,0.06399014778325118,False,0.2627118644067797,0.15151515151515152,0.0,,,58,rider,0.2,0.5,region_crc,mask2former_swinb_cityscapes,acdc_night_targetcal100,30
,,,0.9992920542156158,525,True,0.30028735632183906,0.30028735632183906,0.048064108937978745,13.866995073891626,525.0,116,157.0,46.0,0.2929936305732484,0.0624137931034483,False,0.3305084745762712,0.21212121212121213,0.0,,,58,rider,0.2,0.5,heuristic,mask2former_swinb_cityscapes,acdc_night_targetcal100,30
,,,,-1,True,,0.8419540229885056,0.0003611279826145619,,,406,,,0.8598726114649682,,False,,,,,,58,rider,0.2,0.5,argmax,mask2former_swinb_cityscapes,acdc_night_targetcal100,30
,,,0.9999898140861194,832,True,0.014423076923076924,0.014423076923076924,0.38755130767822266,27.032019704433498,825.0,104,235.0,2.0,0.00851063829787234,0.12975369458128083,False,0.013888888888888888,0.0,0.0,,,58,bicycle,0.05,0.1,region_crc,mask2former_swinb_cityscapes,acdc_night_targetcal100,26
,,,0.9999867565846481,813,True,0.020833333333333332,0.020833333333333336,0.3439748287200928,28.778325123152708,800.0,104,235.0,4.0,0.01702127659574468,0.11019704433497535,False,0.027777777777777776,0.0,0.0,,,58,bicycle,0.05,0.1,heuristic,mask2former_swinb_cityscapes,acdc_night_targetcal100,26
,,,,-1,True,,0.8279952686202686,0.0006484842742793262,,,406,,,0.8,,False,,,,,,58,bicycle,0.05,0.1,argmax,mask2former_swinb_cityscapes,acdc_night_targetcal100,26
,,,0.9999867565846481,813,True,0.020833333333333332,0.020833333333333336,0.3439748287200928,28.778325123152708,800.0,104,235.0,4.0,0.01702127659574468,0.11019704433497535,False,0.027777777777777776,0.0,0.0,,,58,bicycle,0.1,0.1,region_crc,mask2former_swinb_cityscapes,acdc_night_targetcal100,26
,,,0.9999763408030251,771,True,0.02724358974358974,0.02724358974358974,0.2576606571674347,30.177339901477833,750.0,104,235.0,6.0,0.02553191489361702,0.10911330049261087,False,0.041666666666666664,0.0,0.0,,,58,bicycle,0.1,0.1,heuristic,mask2former_swinb_cityscapes,acdc_night_targetcal100,26
,,,,-1,True,,0.8279952686202686,0.0006484842742793262,,,406,,,0.8,,False,,,,,,58,bicycle,0.1,0.1,argmax,mask2former_swinb_cityscapes,acdc_night_targetcal100,26
,,,0.999897670700772,665,True,0.1235576923076923,0.1235576923076923,0.11326479911804199,23.901477832512317,650.0,104,235.0,25.0,0.10638297872340426,0.07078817733990145,False,0.16666666666666666,0.014705882352941176,0.0,,,58,bicycle,0.2,0.1,region_crc,mask2former_swinb_cityscapes,acdc_night_targetcal100,26
,,,0.9998962471584182,664,True,0.1235576923076923,0.1235576923076923,0.11252544075250626,23.901477832512317,650.0,104,235.0,25.0,0.10638297872340426,0.07019704433497537,False,0.16666666666666666,0.014705882352941176,0.0,,,58,bicycle,0.2,0.1,heuristic,mask2former_swinb_cityscapes,acdc_night_targetcal100,26
,,,,-1,True,,0.8279952686202686,0.0006484842742793262,,,406,,,0.8,,False,,,,,,58,bicycle,0.2,0.1,argmax,mask2former_swinb_cityscapes,acdc_night_targetcal100,26
,,,0.9999982860426925,961,True,0.014423076923076924,0.014423076923076924,0.7132856845855713,11.364532019704434,961.0,104,235.0,2.0,0.00851063829787234,0.11497536945812811,False,0.013888888888888888,0.0,0.0,,,58,bicycle,0.05,0.5,region_crc,mask2former_swinb_cityscapes,acdc_night_targetcal100,26
,,,0.999991488619618,845,True,0.03445512820512821,0.03445512820512821,0.41945675015449524,27.032019704433498,825.0,104,235.0,7.0,0.029787234042553193,0.1490147783251231,False,0.041666666666666664,0.014705882352941176,0.0,,,58,bicycle,0.05,0.5,heuristic,mask2former_swinb_cityscapes,acdc_night_targetcal100,26
,,,,-1,True,,0.8792467948717948,0.0006484842742793262,,,406,,,0.851063829787234,,False,,,,,,58,bicycle,0.05,0.5,argmax,mask2former_swinb_cityscapes,acdc_night_targetcal100,26
,,,0.9999908798916064,840,True,0.03926282051282052,0.03926282051282052,0.40666866302490234,27.032019704433498,825.0,104,235.0,8.0,0.03404255319148936,0.13655172413793104,False,0.04861111111111111,0.014705882352941176,0.0,,,58,bicycle,0.1,0.5,region_crc,mask2former_swinb_cityscapes,acdc_night_targetcal100,26
,,,0.9999881423125183,821,True,0.040865384615384616,0.040865384615384616,0.3632011115550995,28.778325123152708,800.0,104,235.0,9.0,0.03829787234042553,0.1274384236453202,False,0.05555555555555555,0.014705882352941176,0.0,,,58,bicycle,0.1,0.5,heuristic,mask2former_swinb_cityscapes,acdc_night_targetcal100,26
,,,,-1,True,,0.8792467948717948,0.0006484842742793262,,,406,,,0.851063829787234,,False,,,,,,58,bicycle,0.1,0.5,argmax,mask2former_swinb_cityscapes,acdc_night_targetcal100,26
,,,0.9999815498458082,789,True,0.04727564102564103,0.04727564102564102,0.2936093211174011,29.89408866995074,775.0,104,235.0,11.0,0.04680851063829787,0.09857142857142864,False,0.0625,0.029411764705882353,0.0,,,58,bicycle,0.2,0.5,region_crc,mask2former_swinb_cityscapes,acdc_night_targetcal100,26
,,,0.9999791070386914,780,True,0.06009615384615385,0.06009615384615385,0.27511799335479736,29.89408866995074,775.0,104,235.0,13.0,0.05531914893617021,0.10783251231527091,False,0.0763888888888889,0.029411764705882353,0.0,,,58,bicycle,0.2,0.5,heuristic,mask2former_swinb_cityscapes,acdc_night_targetcal100,26
,,,,-1,True,,0.8792467948717948,0.0006484842742793262,,,406,,,0.851063829787234,,False,,,,,,58,bicycle,0.2,0.5,argmax,mask2former_swinb_cityscapes,acdc_night_targetcal100,26
,,,0.999958313061653,730,True,0.03768686157848719,0.03768686157848719,0.34494513273239136,27.70935960591133,725.0,203,701.0,19.0,0.02710413694721826,0.05246305418719216,False,0.037422037422037424,0.005208333333333333,0.0,,,59,person,0.05,0.1,region_crc,mask2former_swinb_cityscapes,acdc_night_targetcal100,44
,,,0.9999244907772334,687,True,0.053941153263813366,0.053941153263813366,0.2696276009082794,28.950738916256157,675.0,203,701.0,32.0,0.0456490727532097,0.05270935960591139,False,0.062370062370062374,0.010416666666666666,0.0,,,59,person,0.05,0.1,heuristic,mask2former_swinb_cityscapes,acdc_night_targetcal100,44
,,,,-1,True,,0.4904140331480233,0.0052839587442576885,,,406,,,0.47788873038516405,,False,,,,,,59,person,0.05,0.1,argmax,mask2former_swinb_cityscapes,acdc_night_targetcal100,44
,,,0.9997958262055331,615,True,0.07877348431535625,0.07877348431535625,0.16523189842700958,26.67487684729064,600.0,203,701.0,52.0,0.07417974322396577,0.053251231527093656,False,0.10395010395010396,0.010416666666666666,0.0,,,59,person,0.1,0.1,region_crc,mask2former_swinb_cityscapes,acdc_night_targetcal100,44
,,,0.9996500548329716,576,True,0.098142046787367,0.09814204678736697,0.1304328739643097,25.059113300492612,575.0,203,701.0,68.0,0.09700427960057062,0.05201970443349757,False,0.13721413721413722,0.010416666666666666,0.0,,,59,person,0.1,0.1,heuristic,mask2former_swinb_cityscapes,acdc_night_targetcal100,44
,,,,-1,True,,0.4904140331480233,0.0052839587442576885,,,406,,,0.47788873038516405,,False,,,,,,59,person,0.1,0.1,argmax,mask2former_swinb_cityscapes,acdc_night_targetcal100,44
,,,0.9982380239535884,459,True,0.1777982895593733,0.1777982895593733,0.061130035668611526,15.839901477832512,450.0,203,701.0,120.0,0.17118402282453637,0.08561576354679806,False,0.24116424116424118,0.020833333333333332,0.0,,,59,person,0.2,0.1,region_crc,mask2former_swinb_cityscapes,acdc_night_targetcal100,44
,,,0.9975111426817176,434,True,0.19495756706347842,0.19495756706347842,0.05156063288450241,14.31527093596059,425.0,203,701.0,131.0,0.18687589158345222,0.08630541871921182,False,0.26403326403326405,0.020833333333333332,0.0,,,59,person,0.2,0.1,heuristic,mask2former_swinb_cityscapes,acdc_night_targetcal100,44
,,,,-1,True,,0.4904140331480233,0.0052839587442576885,,,406,,,0.47788873038516405,,False,,,,,,59,person,0.2,0.1,argmax,mask2former_swinb_cityscapes,acdc_night_targetcal100,44
,,,0.9999837070396737,798,True,0.03317126223530164,0.03317126223530164,0.4955396354198456,24.02463054187192,775.0,203,701.0,18.0,0.025677603423680456,0.10724137931034478,False,0.035343035343035345,0.005208333333333333,0.0,,,59,person,0.05,0.5,region_crc,mask2former_swinb_cityscapes,acdc_night_targetcal100,44
,,,0.9999712921941798,757,True,0.04536151451176082,0.04536151451176082,0.40107712149620056,25.923645320197043,750.0,203,701.0,29.0,0.04136947218259629,0.07492610837438429,False,0.056133056133056136,0.010416666666666666,0.0,,,59,person,0.05,0.5,heuristic,mask2former_swinb_cityscapes,acdc_night_targetcal100,44
,,,,-1,True,,0.5767350739025616,0.0052839587442576885,,,406,,,0.5606276747503567,,False,,,,,,59,person,0.05,0.5,argmax,mask2former_swinb_cityscapes,acdc_night_targetcal100,44
,,,0.9998723561191188,649,True,0.10319503977139445,0.10319503977139445,0.20845182240009308,28.216748768472907,625.0,203,701.0,67.0,0.09557774607703282,0.06798029556650242,False,0.13513513513513514,0.010416666666666666,0.0,,,59,person,0.1,0.5,region_crc,mask2former_swinb_cityscapes,acdc_night_targetcal100,44
,,,0.9998669545582022,646,True,0.10319503977139445,0.10319503977139445,0.20354972779750824,28.216748768472907,625.0,203,701.0,67.0,0.09557774607703282,0.0670935960591133,False,0.13513513513513514,0.010416666666666666,0.0,,,59,person,0.1,0.5,heuristic,mask2former_swinb_cityscapes,acdc_night_targetcal100,44
,,,,-1,True,,0.5767350739025616,0.0052839587442576885,,,406,,,0.5606276747503567,,False,,,,,,59,person,0.1,0.5,argmax,mask2former_swinb_cityscapes,acdc_night_targetcal100,44
,,,0.9995694733895083,561,True,0.16260715885100122,0.16260715885100122,0.11834689229726791,23.517241379310345,550.0,203,701.0,107.0,0.15263908701854492,0.06236453201970443,False,0.21621621621621623,0.015625,0.0,,,59,person,0.2,0.5,region_crc,mask2former_swinb_cityscapes,acdc_night_targetcal100,44
,,,0.9985678121007264,474,True,0.21242374893852725,0.21242374893852725,0.06660205125808716,15.839901477832512,450.0,203,701.0,141.0,0.20114122681883023,0.08532019704433497,False,0.28482328482328484,0.020833333333333332,0.0,,,59,person,0.2,0.5,heuristic,mask2former_swinb_cityscapes,acdc_night_targetcal100,44
,,,,-1,True,,0.5767350739025616,0.0052839587442576885,,,406,,,0.5606276747503567,,False,,,,,,59,person,0.2,0.5,argmax,mask2former_swinb_cityscapes,acdc_night_targetcal100,44
,,,0.9999202005312732,683,True,0.10784313725490195,0.10784313725490197,0.15023784339427948,23.70935960591133,675.0,119,151.0,17.0,0.11258278145695365,0.05950738916256154,False,0.1452991452991453,0.0,0.0,,,59,rider,0.05,0.1,region_crc,mask2former_swinb_cityscapes,acdc_night_targetcal100,27
,,,0.9999045007413978,670,True,0.11204481792717086,0.11204481792717087,0.1381712704896927,22.817733990147783,650.0,119,151.0,18.0,0.11920529801324503,0.04935960591133004,False,0.15384615384615385,0.0,0.0,,,59,rider,0.05,0.1,heuristic,mask2former_swinb_cityscapes,acdc_night_targetcal100,27
,,,,-1,True,,0.7857142857142857,0.00032284704502671957,,,406,,,0.8079470198675497,,False,,,,,,59,rider,0.05,0.1,argmax,mask2former_swinb_cityscapes,acdc_night_targetcal100,27
,,,0.9999045007413978,670,True,0.11204481792717086,0.11204481792717087,0.1381712704896927,22.817733990147783,650.0,119,151.0,18.0,0.11920529801324503,0.04935960591133004,False,0.15384615384615385,0.0,0.0,,,59,rider,0.1,0.1,region_crc,mask2former_swinb_cityscapes,acdc_night_targetcal100,27
,,,0.9995982091891511,566,True,0.21288515406162464,0.21288515406162467,0.06604704260826111,15.330049261083744,550.0,119,151.0,32.0,0.2119205298013245,0.08788177339901479,False,0.2564102564102564,0.07142857142857142,0.0,,,59,rider,0.1,0.1,heuristic,mask2former_swinb_cityscapes,acdc_night_targetcal100,27
,,,,-1,True,,0.7857142857142857,0.00032284704502671957,,,406,,,0.8079470198675497,,False,,,,,,59,rider,0.1,0.1,argmax,mask2former_swinb_cityscapes,acdc_night_targetcal100,27
,,,0.9992201698894767,518,True,0.24789915966386555,0.24789915966386555,0.04598603397607803,12.18472906403941,500.0,119,151.0,38.0,0.25165562913907286,0.08630541871921182,False,0.3076923076923077,0.07142857142857142,0.0,,,59,rider,0.2,0.1,region_crc,mask2former_swinb_cityscapes,acdc_night_targetcal100,27
,,,0.9989719837018736,498,True,0.2759103641456582,0.2759103641456583,0.03903563320636749,10.61576354679803,475.0,119,151.0,43.0,0.2847682119205298,0.07935960591133007,False,0.3418803418803419,0.10714285714285714,0.0,,,59,rider,0.2,0.1,heuristic,mask2former_swinb_cityscapes,acdc_night_targetcal100,27
,,,,-1,True,,0.7857142857142857,0.00032284704502671957,,,406,,,0.8079470198675497,,False,,,,,,59,rider,0.2,0.1,argmax,mask2former_swinb_cityscapes,acdc_night_targetcal100,27
,,,0.999950111551254,717,True,0.12885154061624648,0.1288515406162465,0.19178864359855652,25.61576354679803,700.0,119,151.0,20.0,0.13245033112582782,0.0823645320197044,False,0.1623931623931624,0.03571428571428571,0.0,,,59,rider,0.05,0.5,region_crc,mask2former_swinb_cityscapes,acdc_night_targetcal100,27
,,,0.9999234403393089,686,True,0.15406162464985992,0.15406162464985995,0.15313692390918732,23.70935960591133,675.0,119,151.0,23.0,0.152317880794702,0.06443349753694577,False,0.18803418803418803,0.03571428571428571,0.0,,,59,rider,0.05,0.5,heuristic,mask2former_swinb_cityscapes,acdc_night_targetcal100,27
,,,,-1,True,,0.8403361344537815,0.00032284704502671957,,,406,,,0.8609271523178808,,False,,,,,,59,rider,0.05,0.5,argmax,mask2former_swinb_cityscapes,acdc_night_targetcal100,27
,,,0.9999234403393089,686,True,0.15406162464985992,0.15406162464985995,0.15313692390918732,23.70935960591133,675.0,119,151.0,23.0,0.152317880794702,0.06443349753694577,False,0.18803418803418803,0.03571428571428571,0.0,,,59,rider,0.1,0.5,region_crc,mask2former_swinb_cityscapes,acdc_night_targetcal100,27
,,,0.999738181699178,597,True,0.2507002801120448,0.2507002801120448,0.08244744688272476,17.480295566502463,575.0,119,151.0,37.0,0.24503311258278146,0.06103448275862072,False,0.28205128205128205,0.14285714285714285,0.0,,,59,rider,0.1,0.5,heuristic,mask2former_swinb_cityscapes,acdc_night_targetcal100,27
,,,,-1,True,,0.8403361344537815,0.00032284704502671957,,,406,,,0.8609271523178808,,False,,,,,,59,rider,0.1,0.5,argmax,mask2former_swinb_cityscapes,acdc_night_targetcal100,27
,,,0.9994554973471576,544,True,0.2787114845938375,0.2787114845938376,0.056546278297901154,13.788177339901479,525.0,119,151.0,42.0,0.2781456953642384,0.08064039408866994,False,0.3076923076923077,0.21428571428571427,0.0,,,59,rider,0.2,0.5,region_crc,mask2former_swinb_cityscapes,acdc_night_targetcal100,27
,,,0.9992920542156158,525,True,0.3025210084033613,0.3025210084033613,0.04856915771961212,13.788177339901479,525.0,119,151.0,46.0,0.304635761589404,0.08891625615763549,False,0.3418803418803419,0.21428571428571427,0.0,,,59,rider,0.2,0.5,heuristic,mask2former_swinb_cityscapes,acdc_night_targetcal100,27
,,,,-1,True,,0.8403361344537815,0.00032284704502671957,,,406,,,0.8609271523178808,,False,,,,,,59,rider,0.2,0.5,argmax,mask2former_swinb_cityscapes,acdc_night_targetcal100,27
,,,0.9999898140861194,832,True,0.015796703296703296,0.015796703296703296,0.3778527081012726,26.2807881773399,825.0,104,230.0,3.0,0.013043478260869565,0.12078817733990146,False,0.022900763358778626,0.0,0.0,,,59,bicycle,0.05,0.1,region_crc,mask2former_swinb_cityscapes,acdc_night_targetcal100,26
,,,0.9999285503673925,691,True,0.12504578754578755,0.12504578754578755,0.13898909091949463,25.842364532019705,675.0,104,230.0,28.0,0.12173913043478261,0.09679802955665023,False,0.183206106870229,0.05263157894736842,0.0,,,59,bicycle,0.05,0.1,heuristic,mask2former_swinb_cityscapes,acdc_night_targetcal100,26
,,,,-1,True,,0.8485233516483516,0.0006030302029103041,,,406,,,0.8130434782608695,,False,,,,,,59,bicycle,0.05,0.1,argmax,mask2former_swinb_cityscapes,acdc_night_targetcal100,26
,,,0.9999285503673925,691,True,0.12504578754578755,0.12504578754578755,0.13898909091949463,25.842364532019705,675.0,104,230.0,28.0,0.12173913043478261,0.09679802955665023,False,0.183206106870229,0.05263157894736842,0.0,,,59,bicycle,0.1,0.1,region_crc,mask2former_swinb_cityscapes,acdc_night_targetcal100,26
,,,0.9998146468376585,622,True,0.20563186813186812,0.20563186813186812,0.07970614731311798,20.376847290640395,600.0,104,230.0,46.0,0.2,0.08147783251231527,False,0.3053435114503817,0.07894736842105263,0.0,,,59,bicycle,0.1,0.1,heuristic,mask2former_swinb_cityscapes,acdc_night_targetcal100,26
,,,,-1,True,,0.8485233516483516,0.0006030302029103041,,,406,,,0.8130434782608695,,False,,,,,,59,bicycle,0.1,0.1,argmax,mask2former_swinb_cityscapes,acdc_night_targetcal100,26
,,,0.9993113477036557,527,True,0.34445970695970696,0.34445970695970696,0.034532178193330765,13.83743842364532,525.0,104,230.0,78.0,0.3391304347826087,0.05487684729064041,False,0.48854961832061067,0.15789473684210525,0.08695652173913043,,,59,bicycle,0.2,0.1,region_crc,mask2former_swinb_cityscapes,acdc_night_targetcal100,26
,,,0.999,500,True,0.37490842490842485,0.37490842490842485,0.026362178847193718,12.091133004926109,500.0,104,230.0,84.0,0.3652173913043478,0.06600985221674877,False,0.5267175572519084,0.17105263157894737,0.08695652173913043,,,59,bicycle,0.2,0.1,heuristic,mask2former_swinb_cityscapes,acdc_night_targetcal100,26
,,,,-1,True,,0.8485233516483516,0.0006030302029103041,,,406,,,0.8130434782608695,,False,,,,,,59,bicycle,0.2,0.1,argmax,mask2former_swinb_cityscapes,acdc_night_targetcal100,26
,,,0.9999908798916064,840,True,0.050824175824175824,0.050824175824175824,0.39645543694496155,26.2807881773399,825.0,104,230.0,11.0,0.04782608695652174,0.110935960591133,False,0.06870229007633588,0.02631578947368421,0.0,,,59,bicycle,0.05,0.5,region_crc,mask2former_swinb_cityscapes,acdc_night_targetcal100,26
,,,0.9999779199526698,776,True,0.10508241758241758,0.10508241758241757,0.2649020552635193,29.29064039408867,775.0,104,230.0,22.0,0.09565217391304348,0.05931034482758624,False,0.12213740458015267,0.07894736842105263,0.0,,,59,bicycle,0.05,0.5,heuristic,mask2former_swinb_cityscapes,acdc_night_targetcal100,26
,,,,-1,True,,0.8971039377289377,0.0006030302029103041,,,406,,,0.8695652173913043,,False,,,,,,59,bicycle,0.05,0.5,argmax,mask2former_swinb_cityscapes,acdc_night_targetcal100,26
,,,0.9999779199526698,776,True,0.10508241758241758,0.10508241758241757,0.2649020552635193,29.29064039408867,775.0,104,230.0,22.0,0.09565217391304348,0.05931034482758624,False,0.12213740458015267,0.07894736842105263,0.0,,,59,bicycle,0.1,0.5,region_crc,mask2former_swinb_cityscapes,acdc_night_targetcal100,26
,,,0.9999323917024608,695,True,0.19395604395604396,0.19395604395604396,0.14315378665924072,25.842364532019705,675.0,104,230.0,40.0,0.17391304347826086,0.11113300492610845,False,0.25190839694656486,0.09210526315789473,0.0,,,59,bicycle,0.1,0.5,heuristic,mask2former_swinb_cityscapes,acdc_night_targetcal100,26
,,,,-1,True,,0.8971039377289377,0.0006030302029103041,,,406,,,0.8695652173913043,,False,,,,,,59,bicycle,0.1,0.5,argmax,mask2former_swinb_cityscapes,acdc_night_targetcal100,26
,,,0.9995926197221959,565,True,0.3784340659340659,0.3784340659340659,0.04871325194835663,15.677339901477833,550.0,104,230.0,88.0,0.3826086956521739,0.06743842364532016,False,0.5190839694656488,0.2236842105263158,0.13043478260869565,,,59,bicycle,0.2,0.5,region_crc,mask2former_swinb_cityscapes,acdc_night_targetcal100,26
,,,0.9995257580147398,554,True,0.3816391941391941,0.3816391941391941,0.043994490057229996,15.677339901477833,550.0,104,230.0,89.0,0.3869565217391304,0.055566502463054224,False,0.5190839694656488,0.23684210526315788,0.13043478260869565,,,59,bicycle,0.2,0.5,heuristic,mask2former_swinb_cityscapes,acdc_night_targetcal100,26
,,,,-1,True,,0.8971039377289377,0.0006030302029103041,,,406,,,0.8695652173913043,,False,,,,,,59,bicycle,0.2,0.5,argmax,mask2former_swinb_cityscapes,acdc_night_targetcal100,26
,,,0.9999871175044831,815,True,0.009708737864077669,0.009708737864077669,0.5188701152801514,21.940886699507388,800.0,206,689.0,3.0,0.0043541364296081275,0.10364532019704431,False,0.006329113924050633,0.0,0.0,,,60,person,0.05,0.1,region_crc,mask2former_swinb_cityscapes,acdc_night_targetcal100,41
,,,0.9999004594582649,667,True,0.06846892993737654,0.06846892993737654,0.22682276368141174,29.50985221674877,650.0,206,689.0,41.0,0.059506531204644414,0.11266009852216752,False,0.07805907172995781,0.0213903743315508,0.0,,,60,person,0.05,0.1,heuristic,mask2former_swinb_cityscapes,acdc_night_targetcal100,41
,,,,-1,True,,0.5097325543927486,0.004951346665620804,,,406,,,0.4818577648766328,,False,,,,,,60,person,0.05,0.1,argmax,mask2former_swinb_cityscapes,acdc_night_targetcal100,41
,,,0.9997194566362049,592,True,0.0980787416467028,0.0980787416467028,0.13355696201324463,24.896551724137932,575.0,206,689.0,64.0,0.09288824383164006,0.1142364532019704,False,0.12447257383966245,0.026737967914438502,0.0,,,60,person,0.1,0.1,region_crc,mask2former_swinb_cityscapes,acdc_night_targetcal100,41
,,,0.997644950716104,438,True,0.2091617322806643,0.20916173228066431,0.04668262600898743,14.231527093596059,425.0,206,689.0,138.0,0.20029027576197386,0.168128078817734,False,0.2742616033755274,0.0427807486631016,0.0,,,60,person,0.1,0.1,heuristic,mask2former_swinb_cityscapes,acdc_night_targetcal100,41
,,,,-1,True,,0.5097325543927486,0.004951346665620804,,,406,,,0.4818577648766328,,False,,,,,,60,person,0.1,0.1,argmax,mask2former_swinb_cityscapes,acdc_night_targetcal100,41
,,,0.9925868975869908,355,True,0.25076336150365275,0.25076336150365275,0.025615425780415535,9.91871921182266,350.0,206,689.0,168.0,0.24383164005805516,0.14068965517241383,False,0.3333333333333333,0.053475935828877004,0.0,,,60,person,0.2,0.1,region_crc,mask2former_swinb_cityscapes,acdc_night_targetcal100,41
,,,0.9912501622477257,343,True,0.25998666247452656,0.25998666247452656,0.02342495694756508,8.509852216748769,325.0,206,689.0,175.0,0.2539912917271408,0.1340394088669951,False,0.34810126582278483,0.053475935828877004,0.0,,,60,person,0.2,0.1,heuristic,mask2former_swinb_cityscapes,acdc_night_targetcal100,41
,,,,-1,True,,0.5097325543927486,0.004951346665620804,,,406,,,0.4818577648766328,,False,,,,,,60,person,0.2,0.1,argmax,mask2former_swinb_cityscapes,acdc_night_targetcal100,41
,,,0.9999895287145195,830,True,0.02233587609801202,0.02233587609801202,0.547231912612915,19.714285714285715,825.0,206,689.0,11.0,0.015965166908563134,0.10133004926108369,False,0.0189873417721519,0.0106951871657754,0.0,,,60,person,0.05,0.5,region_crc,mask2former_swinb_cityscapes,acdc_night_targetcal100,41
,,,0.9999656442052101,744,True,0.05560485226747363,0.05560485226747363,0.36469709873199463,28.26847290640394,725.0,206,689.0,35.0,0.05079825834542816,0.0864039408866995,False,0.06540084388185655,0.0213903743315508,0.0,,,60,person,0.05,0.5,heuristic,mask2former_swinb_cityscapes,acdc_night_targetcal100,41
,,,,-1,True,,0.5983955365023327,0.004951346665620804,,,406,,,0.5660377358490566,,False,,,,,,60,person,0.05,0.5,argmax,mask2former_swinb_cityscapes,acdc_night_targetcal100,41
,,,0.9999004594582649,667,True,0.09810080696003026,0.09810080696003026,0.22682276368141174,29.50985221674877,650.0,206,689.0,61.0,0.08853410740203194,0.11266009852216752,False,0.11814345991561181,0.026737967914438502,0.0,,,60,person,0.1,0.5,region_crc,mask2former_swinb_cityscapes,acdc_night_targetcal100,41
,,,0.9995812064348821,563,True,0.17461254360526202,0.17461254360526207,0.11065871268510818,23.70689655172414,550.0,206,689.0,112.0,0.1625544267053701,0.11384236453201968,False,0.22151898734177214,0.0374331550802139,0.0,,,60,person,0.1,0.5,heuristic,mask2former_swinb_cityscapes,acdc_night_targetcal100,41
,,,,-1,True,,0.5983955365023327,0.004951346665620804,,,406,,,0.5660377358490566,,False,,,,,,60,person,0.1,0.5,argmax,mask2former_swinb_cityscapes,acdc_night_targetcal100,41
,,,0.9955536873253089,392,True,0.2863184819495499,0.2863184819495499,0.03388093784451485,11.135467980295566,375.0,206,689.0,192.0,0.27866473149492016,0.1275369458128079,False,0.37341772151898733,0.0748663101604278,0.03571428571428571,,,60,person,0.2,0.5,region_crc,mask2former_swinb_cityscapes,acdc_night_targetcal100,41
,,,0.9955536873253089,392,True,0.2863184819495499,0.2863184819495499,0.03388093784451485,11.135467980295566,375.0,206,689.0,192.0,0.27866473149492016,0.1275369458128079,False,0.37341772151898733,0.0748663101604278,0.03571428571428571,,,60,person,0.2,0.5,heuristic,mask2former_swinb_cityscapes,acdc_night_targetcal100,41
,,,,-1,True,,0.5983955365023327,0.004951346665620804,,,406,,,0.5660377358490566,,False,,,,,,60,person,0.2,0.5,argmax,mask2former_swinb_cityscapes,acdc_night_targetcal100,41
,,,0.9999952356901319,887,True,0.011695906432748537,0.011695906432748537,0.5327180624008179,20.04679802955665,875.0,114,149.0,2.0,0.013422818791946308,0.08453201970443347,False,0.018518518518518517,0.0,0.0,,,60,rider,0.05,0.1,region_crc,mask2former_swinb_cityscapes,acdc_night_targetcal100,32
,,,0.9999735759124267,763,True,0.046783625730994156,0.04678362573099415,0.2568020522594452,27.576354679802957,750.0,114,149.0,6.0,0.040268456375838924,0.12197044334975371,False,0.05555555555555555,0.0,0.0,,,60,rider,0.05,0.1,heuristic,mask2former_swinb_cityscapes,acdc_night_targetcal100,32
,,,,-1,True,,0.7997076023391814,0.0004199355316814035,,,406,,,0.7919463087248322,,False,,,,,,60,rider,0.05,0.1,argmax,mask2former_swinb_cityscapes,acdc_night_targetcal100,32
,,,0.9999333193230786,696,True,0.08625730994152046,0.08625730994152046,0.15366436541080475,23.896551724137932,675.0,114,149.0,12.0,0.08053691275167785,0.12034482758620679,False,0.1111111111111111,0.0,0.0,,,60,rider,0.1,0.1,region_crc,mask2former_swinb_cityscapes,acdc_night_targetcal100,32
,,,0.9998903521803857,660,True,0.12134502923976608,0.12134502923976608,0.1209263727068901,22.948275862068964,650.0,114,149.0,18.0,0.12080536912751678,0.11467980295566504,False,0.16666666666666666,0.0,0.0,,,60,rider,0.1,0.1,heuristic,mask2former_swinb_cityscapes,acdc_night_targetcal100,32
,,,,-1,True,,0.7997076023391814,0.0004199355316814035,,,406,,,0.7919463087248322,,False,,,,,,60,rider,0.1,0.1,argmax,mask2former_swinb_cityscapes,acdc_night_targetcal100,32
,,,0.9994776038110009,547,True,0.2222222222222222,0.2222222222222222,0.051819588989019394,13.768472906403941,525.0,114,149.0,30.0,0.20134228187919462,0.11472906403940886,False,0.25925925925925924,0.06060606060606061,0.0,,,60,rider,0.2,0.1,region_crc,mask2former_swinb_cityscapes,acdc_night_targetcal100,32
,,,0.9992308695597134,519,True,0.23538011695906433,0.23538011695906436,0.040940284729003906,12.051724137931034,500.0,114,149.0,32.0,0.21476510067114093,0.09906403940886699,False,0.26851851851851855,0.09090909090909091,0.0,,,60,rider,0.2,0.1,heuristic,mask2former_swinb_cityscapes,acdc_night_targetcal100,32
,,,,-1,True,,0.7997076023391814,0.0004199355316814035,,,406,,,0.7919463087248322,,False,,,,,,60,rider,0.2,0.1,argmax,mask2former_swinb_cityscapes,acdc_night_targetcal100,32
,,,0.9999964843955947,909,True,0.011695906432748537,0.011695906432748537,0.5822613835334778,16.748768472906406,900.0,114,149.0,2.0,0.013422818791946308,0.08714285714285719,False,0.018518518518518517,0.0,0.0,,,60,rider,0.05,0.5,region_crc,mask2former_swinb_cityscapes,acdc_night_targetcal100,32
,,,0.9999935434577096,865,True,0.020467836257309944,0.02046783625730994,0.4776094853878021,22.507389162561577,850.0,114,149.0,3.0,0.020134228187919462,0.09610837438423636,False,0.027777777777777776,0.0,0.0,,,60,rider,0.05,0.5,heuristic,mask2former_swinb_cityscapes,acdc_night_targetcal100,32
,,,,-1,True,,0.8567251461988304,0.0004199355316814035,,,406,,,0.8523489932885906,,False,,,,,,60,rider,0.05,0.5,argmax,mask2former_swinb_cityscapes,acdc_night_targetcal100,32
,,,0.9999935434577096,865,True,0.020467836257309944,0.02046783625730994,0.4776094853878021,22.507389162561577,850.0,114,149.0,3.0,0.020134228187919462,0.09610837438423636,False,0.027777777777777776,0.0,0.0,,,60,rider,0.1,0.5,region_crc,mask2former_swinb_cityscapes,acdc_night_targetcal100,32
,,,0.9999930816902908,860,True,0.020467836257309944,0.02046783625730994,0.46599650382995605,22.507389162561577,850.0,114,149.0,3.0,0.020134228187919462,0.0910344827586207,False,0.027777777777777776,0.0,0.0,,,60,rider,0.1,0.5,heuristic,mask2former_swinb_cityscapes,acdc_night_targetcal100,32
,,,,-1,True,,0.8567251461988304,0.0004199355316814035,,,406,,,0.8523489932885906,,False,,,,,,60,rider,0.1,0.5,argmax,mask2former_swinb_cityscapes,acdc_night_targetcal100,32
,,,0.9999314511773547,694,True,0.11695906432748537,0.11695906432748537,0.15159936249256134,23.896551724137932,675.0,114,149.0,16.0,0.10738255033557047,0.12280788177339896,False,0.14814814814814814,0.0,0.0,,,60,rider,0.2,0.5,region_crc,mask2former_swinb_cityscapes,acdc_night_targetcal100,32
,,,0.9996866714275684,584,True,0.23976608187134502,0.23976608187134502,0.06776180863380432,17.43103448275862,575.0,114,149.0,33.0,0.2214765100671141,0.11270935960591133,False,0.25925925925925924,0.15151515151515152,0.0,,,60,rider,0.2,0.5,heuristic,mask2former_swinb_cityscapes,acdc_night_targetcal100,32
,,,,-1,True,,0.8567251461988304,0.0004199355316814035,,,406,,,0.8523489932885906,,False,,,,,,60,rider,0.2,0.5,argmax,mask2former_swinb_cityscapes,acdc_night_targetcal100,32
,,,0.9999983327527875,963,True,0.0,0.0,0.708825945854187,11.687192118226601,963.0,99,224.0,0.0,0.0,0.13295566502463052,False,0.0,0.0,0.0,,,60,bicycle,0.05,0.1,region_crc,mask2former_swinb_cityscapes,acdc_night_targetcal100,31
,,,0.999974996546383,767,True,0.041606541606541605,0.041606541606541605,0.23873010277748108,29.751231527093594,750.0,99,224.0,9.0,0.04017857142857143,0.12832512315270939,False,0.06716417910447761,0.0,0.0,,,60,bicycle,0.05,0.1,heuristic,mask2former_swinb_cityscapes,acdc_night_targetcal100,31
,,,,-1,True,,0.82672759339426,0.0004555628402158618,,,406,,,0.8214285714285714,,False,,,,,,60,bicycle,0.05,0.1,argmax,mask2former_swinb_cityscapes,acdc_night_targetcal100,31
,,,0.999974996546383,767,True,0.041606541606541605,0.041606541606541605,0.23873010277748108,29.751231527093594,750.0,99,224.0,9.0,0.04017857142857143,0.12832512315270939,False,0.06716417910447761,0.0,0.0,,,60,bicycle,0.1,0.1,region_crc,mask2former_swinb_cityscapes,acdc_night_targetcal100,31
,,,0.9999402964713416,704,True,0.10863395863395864,0.10863395863395864,0.1459769457578659,27.428571428571427,700.0,99,224.0,26.0,0.11607142857142858,0.13182266009852217,False,0.17164179104477612,0.041666666666666664,0.0,,,60,bicycle,0.1,0.1,heuristic,mask2former_swinb_cityscapes,acdc_night_targetcal100,31
,,,,-1,True,,0.82672759339426,0.0004555628402158618,,,406,,,0.8214285714285714,,False,,,,,,60,bicycle,0.1,0.1,argmax,mask2former_swinb_cityscapes,acdc_night_targetcal100,31
,,,0.9998493392933814,637,True,0.15613275613275612,0.15613275613275615,0.08285516500473022,21.633004926108374,625.0,99,224.0,35.0,0.15625,0.10704433497536947,False,0.23134328358208955,0.05555555555555555,0.0,,,60,bicycle,0.2,0.1,region_crc,mask2former_swinb_cityscapes,acdc_night_targetcal100,31
,,,0.9998451183381087,635,True,0.1662337662337662,0.16623376623376626,0.08101513981819153,21.633004926108374,625.0,99,224.0,36.0,0.16071428571428573,0.11443349753694587,False,0.23880597014925373,0.05555555555555555,0.0,,,60,bicycle,0.2,0.1,heuristic,mask2former_swinb_cityscapes,acdc_night_targetcal100,31
,,,,-1,True,,0.82672759339426,0.0004555628402158618,,,406,,,0.8214285714285714,,False,,,,,,60,bicycle,0.2,0.1,argmax,mask2former_swinb_cityscapes,acdc_night_targetcal100,31
,,,0.9999984004419714,966,True,0.005050505050505051,0.005050505050505051,0.7169174551963806,11.403940886699507,966.0,99,224.0,1.0,0.004464285714285714,0.11817733990147783,False,0.007462686567164179,0.0,0.0,,,60,bicycle,0.05,0.5,region_crc,mask2former_swinb_cityscapes,acdc_night_targetcal100,31
,,,0.9999830175634754,795,True,0.06938431938431938,0.0693843193843194,0.29157721996307373,29.504926108374384,775.0,99,224.0,16.0,0.07142857142857142,0.12093596059113298,False,0.09701492537313433,0.041666666666666664,0.0,,,60,bicycle,0.05,0.5,heuristic,mask2former_swinb_cityscapes,acdc_night_targetcal100,31
,,,,-1,True,,0.878018278018278,0.0004555628402158618,,,406,,,0.875,,False,,,,,,60,bicycle,0.05,0.5,argmax,mask2former_swinb_cityscapes,acdc_night_targetcal100,31
,,,0.9999782229022764,777,True,0.09776334776334776,0.09776334776334776,0.2568746507167816,29.504926108374384,775.0,99,224.0,21.0,0.09375,0.12221674876847288,False,0.11940298507462686,0.06944444444444445,0.0,,,60,bicycle,0.1,0.5,region_crc,mask2former_swinb_cityscapes,acdc_night_targetcal100,31
,,,0.9999683772233983,750,True,0.1386002886002886,0.1386002886002886,0.21434208750724792,29.751231527093594,750.0,99,224.0,28.0,0.125,0.10541871921182255,False,0.17164179104477612,0.06944444444444445,0.0,,,60,bicycle,0.1,0.5,heuristic,mask2former_swinb_cityscapes,acdc_night_targetcal100,31
,,,,-1,True,,0.878018278018278,0.0004555628402158618,,,406,,,0.875,,False,,,,,,60,bicycle,0.1,0.5,argmax,mask2former_swinb_cityscapes,acdc_night_targetcal100,31
,,,0.999901825205698,668,True,0.21108706108706107,0.2110870610870611,0.10944848507642746,23.879310344827587,650.0,99,224.0,43.0,0.19196428571428573,0.09743842364532018,False,0.26119402985074625,0.09722222222222222,0.05555555555555555,,,60,bicycle,0.2,0.5,region_crc,mask2former_swinb_cityscapes,acdc_night_targetcal100,31
,,,0.9998758347692408,651,True,0.22296777296777295,0.22296777296777295,0.09458563476800919,23.879310344827587,650.0,99,224.0,47.0,0.20982142857142858,0.10487684729064028,False,0.291044776119403,0.09722222222222222,0.05555555555555555,,,60,bicycle,0.2,0.5,heuristic,mask2former_swinb_cityscapes,acdc_night_targetcal100,31
,,,,-1,True,,0.878018278018278,0.0004555628402158618,,,406,,,0.875,,False,,,,,,60,bicycle,0.2,0.5,argmax,mask2former_swinb_cityscapes,acdc_night_targetcal100,31
,,,0.9999411156344644,705,True,0.04998085248085248,0.04998085248085248,0.29685962200164795,28.25862068965517,700.0,195,627.0,26.0,0.04146730462519936,0.07551724137931032,False,0.056338028169014086,0.011299435028248588,0.0,,,61,person,0.05,0.1,region_crc,mask2former_swinb_cityscapes,acdc_night_targetcal100,52
,,,0.9999004594582649,667,True,0.06867160617160617,0.06867160617160618,0.22992153465747833,28.901477832512317,650.0,195,627.0,39.0,0.06220095693779904,0.10142857142857137,False,0.08215962441314555,0.022598870056497175,0.0,,,61,person,0.05,0.1,heuristic,mask2former_swinb_cityscapes,acdc_night_targetcal100,52
,,,,-1,True,,0.5253319330242407,0.004913870245218277,,,406,,,0.4960127591706539,,False,,,,,,61,person,0.05,0.1,argmax,mask2former_swinb_cityscapes,acdc_night_targetcal100,52
,,,0.9997194566362049,592,True,0.09724220224220226,0.09724220224220223,0.13686113059520721,24.58128078817734,575.0,195,627.0,60.0,0.09569377990430622,0.13423645320197047,False,0.13145539906103287,0.022598870056497175,0.0,,,61,person,0.1,0.1,region_crc,mask2former_swinb_cityscapes,acdc_night_targetcal100,52
,,,0.9994703365561084,546,True,0.13674714174714175,0.13674714174714175,0.10247036069631577,21.135467980295566,525.0,195,627.0,83.0,0.13237639553429026,0.14349753694581285,False,0.18544600938967137,0.022598870056497175,0.0,,,61,person,0.1,0.1,heuristic,mask2former_swinb_cityscapes,acdc_night_targetcal100,52
,,,,-1,True,,0.5253319330242407,0.004913870245218277,,,406,,,0.4960127591706539,,False,,,,,,61,person,0.1,0.1,argmax,mask2former_swinb_cityscapes,acdc_night_targetcal100,52
,,,0.9952356901319458,387,True,0.23480551499782268,0.2348055149978227,0.0359383225440979,11.145320197044335,375.0,195,627.0,141.0,0.22488038277511962,0.0926600985221675,False,0.3145539906103286,0.03954802259887006,0.0,,,61,person,0.2,0.1,region_crc,mask2former_swinb_cityscapes,acdc_night_targetcal100,52
,,,0.9918341762864141,348,True,0.2578456799610646,0.25784567996106456,0.02675820328295231,8.921182266009852,325.0,195,627.0,154.0,0.24561403508771928,0.11226600985221669,False,0.34507042253521125,0.03954802259887006,0.0,,,61,person,0.2,0.1,heuristic,mask2former_swinb_cityscapes,acdc_night_targetcal100,52
,,,,-1,True,,0.5253319330242407,0.004913870245218277,,,406,,,0.4960127591706539,,False,,,,,,61,person,0.2,0.1,argmax,mask2former_swinb_cityscapes,acdc_night_targetcal100,52
,,,0.9999594491464552,732,True,0.06597929847929847,0.06597929847929847,0.3453376591205597,27.62807881773399,725.0,195,627.0,39.0,0.06220095693779904,0.05295566502463056,False,0.08450704225352113,0.01694915254237288,0.0,,,61,person,0.05,0.5,region_crc,mask2former_swinb_cityscapes,acdc_night_targetcal100,52
,,,0.9999527936958736,721,True,0.06700493950493949,0.0670049395049395,0.3252815902233124,28.25862068965517,700.0,195,627.0,40.0,0.06379585326953748,0.06034482758620685,False,0.08450704225352113,0.022598870056497175,0.0,,,61,person,0.05,0.5,heuristic,mask2former_swinb_cityscapes,acdc_night_targetcal100,52
,,,,-1,True,,0.6031327077480922,0.004913870245218277,,,406,,,0.5789473684210527,,False,,,,,,61,person,0.05,0.5,argmax,mask2former_swinb_cityscapes,acdc_night_targetcal100,52
,,,0.9999156665242236,679,True,0.09258408258408257,0.09258408258408259,0.25050580501556396,28.61576354679803,675.0,195,627.0,54.0,0.0861244019138756,0.08679802955665022,False,0.11737089201877934,0.022598870056497175,0.0,,,61,person,0.1,0.5,region_crc,mask2former_swinb_cityscapes,acdc_night_targetcal100,52
,,,0.9997115968496874,590,True,0.14903124653124653,0.14903124653124653,0.13526570796966553,24.58128078817734,575.0,195,627.0,92.0,0.1467304625199362,0.1366995073891626,False,0.20657276995305165,0.022598870056497175,0.0,,,61,person,0.1,0.5,heuristic,mask2former_swinb_cityscapes,acdc_night_targetcal100,52
,,,,-1,True,,0.6031327077480922,0.004913870245218277,,,406,,,0.5789473684210527,,False,,,,,,61,person,0.1,0.5,argmax,mask2former_swinb_cityscapes,acdc_night_targetcal100,52
,,,0.9974765192275195,433,True,0.2548335638720254,0.2548335638720254,0.04927723854780197,14.194581280788178,425.0,195,627.0,153.0,0.24401913875598086,0.08935960591133008,False,0.33568075117370894,0.05084745762711865,0.041666666666666664,,,61,person,0.2,0.5,region_crc,mask2former_swinb_cityscapes,acdc_night_targetcal100,52
,,,0.9974414141130944,432,True,0.2556882647267263,0.2556882647267263,0.048978667706251144,14.194581280788178,425.0,195,627.0,154.0,0.24561403508771928,0.08935960591133008,False,0.3380281690140845,0.05084745762711865,0.041666666666666664,,,61,person,0.2,0.5,heuristic,mask2former_swinb_cityscapes,acdc_night_targetcal100,52
,,,,-1,True,,0.6031327077480922,0.004913870245218277,,,406,,,0.5789473684210527,,False,,,,,,61,person,0.2,0.5,argmax,mask2former_swinb_cityscapes,acdc_night_targetcal100,52
,,,0.999988779815457,825,True,0.03422619047619048,0.03422619047619047,0.3923843801021576,23.79310344827586,825.0,112,146.0,5.0,0.03424657534246575,0.09576354679802951,False,0.04672897196261682,0.0,0.0,,,61,rider,0.05,0.1,region_crc,mask2former_swinb_cityscapes,acdc_night_targetcal100,34
,,,0.9999696610881581,753,True,0.05208333333333333,0.05208333333333333,0.24534587562084198,27.120689655172413,750.0,112,146.0,7.0,0.04794520547945205,0.057192118226600974,False,0.06542056074766354,0.0,0.0,,,61,rider,0.05,0.1,heuristic,mask2former_swinb_cityscapes,acdc_night_targetcal100,34
,,,,-1,True,,0.7916666666666666,0.0003442075685597956,,,406,,,0.8082191780821918,,False,,,,,,61,rider,0.05,0.1,argmax,mask2former_swinb_cityscapes,acdc_night_targetcal100,34
,,,0.9999333193230786,696,True,0.08333333333333333,0.08333333333333333,0.16136182844638824,23.67487684729064,675.0,112,146.0,12.0,0.0821917808219178,0.06142857142857139,False,0.11214953271028037,0.0,0.0,,,61,rider,0.1,0.1,region_crc,mask2former_swinb_cityscapes,acdc_night_targetcal100,34
,,,0.9999323917024608,695,True,0.08333333333333333,0.08333333333333333,0.16032366454601288,23.67487684729064,675.0,112,146.0,12.0,0.0821917808219178,0.059753694581280825,False,0.11214953271028037,0.0,0.0,,,61,rider,0.1,0.1,heuristic,mask2former_swinb_cityscapes,acdc_night_targetcal100,34
,,,,-1,True,,0.7916666666666666,0.0003442075685597956,,,406,,,0.8082191780821918,,False,,,,,,61,rider,0.1,0.1,argmax,mask2former_swinb_cityscapes,acdc_night_targetcal100,34
,,,0.9997986275750138,616,True,0.15029761904761904,0.15029761904761907,0.09228012710809708,19.310344827586206,600.0,112,146.0,21.0,0.14383561643835616,0.06339901477832521,False,0.18691588785046728,0.03225806451612903,0.0,,,61,rider,0.2,0.1,region_crc,mask2former_swinb_cityscapes,acdc_night_targetcal100,34
,,,0.9997453169747414,599,True,0.15029761904761904,0.15029761904761907,0.08111549913883209,17.541871921182267,575.0,112,146.0,21.0,0.14383561643835616,0.07137931034482758,False,0.18691588785046728,0.03225806451612903,0.0,,,61,rider,0.2,0.1,heuristic,mask2former_swinb_cityscapes,acdc_night_targetcal100,34
,,,,-1,True,,0.7916666666666666,0.0003442075685597956,,,406,,,0.8082191780821918,,False,,,,,,61,rider,0.2,0.1,argmax,mask2former_swinb_cityscapes,acdc_night_targetcal100,34
,,,0.9999899538420972,833,True,0.047619047619047616,0.047619047619047616,0.41029784083366394,23.79310344827586,825.0,112,146.0,7.0,0.04794520547945205,0.07344827586206898,False,0.056074766355140186,0.03225806451612903,0.0,,,61,rider,0.05,0.5,region_crc,mask2former_swinb_cityscapes,acdc_night_targetcal100,34
,,,0.9999788163886475,779,True,0.08333333333333333,0.08333333333333333,0.29629766941070557,26.91871921182266,775.0,112,146.0,11.0,0.07534246575342465,0.07985221674876852,False,0.09345794392523364,0.03225806451612903,0.0,,,61,rider,0.05,0.5,heuristic,mask2former_swinb_cityscapes,acdc_night_targetcal100,34
,,,,-1,True,,0.8452380952380951,0.0003442075685597956,,,406,,,0.863013698630137,,False,,,,,,61,rider,0.05,0.5,argmax,mask2former_swinb_cityscapes,acdc_night_targetcal100,34
,,,0.9999670390287823,747,True,0.08779761904761904,0.08779761904761904,0.23451191186904907,26.20935960591133,725.0,112,146.0,12.0,0.0821917808219178,0.06458128078817735,False,0.102803738317757,0.03225806451612903,0.0,,,61,rider,0.1,0.5,region_crc,mask2former_swinb_cityscapes,acdc_night_targetcal100,34
,,,0.9999670390287823,747,True,0.08779761904761904,0.08779761904761904,0.23451191186904907,26.20935960591133,725.0,112,146.0,12.0,0.0821917808219178,0.06458128078817735,False,0.102803738317757,0.03225806451612903,0.0,,,61,rider,0.1,0.5,heuristic,mask2former_swinb_cityscapes,acdc_night_targetcal100,34
,,,,-1,True,,0.8452380952380951,0.0003442075685597956,,,406,,,0.863013698630137,,False,,,,,,61,rider,0.1,0.5,argmax,mask2former_swinb_cityscapes,acdc_night_targetcal100,34
,,,0.999917964845567,681,True,0.1324404761904762,0.1324404761904762,0.14635396003723145,23.67487684729064,675.0,112,146.0,18.0,0.1232876712328767,0.05990147783251232,False,0.1588785046728972,0.03225806451612903,0.0,,,61,rider,0.2,0.5,region_crc,mask2former_swinb_cityscapes,acdc_night_targetcal100,34
,,,0.999882510244506,655,True,0.15922619047619047,0.1592261904761905,0.12347491830587387,22.65024630541872,650.0,112,146.0,22.0,0.1506849315068493,0.05768472906403943,False,0.19626168224299065,0.03225806451612903,0.0,,,61,rider,0.2,0.5,heuristic,mask2former_swinb_cityscapes,acdc_night_targetcal100,34
,,,,-1,True,,0.8452380952380951,0.0003442075685597956,,,406,,,0.863013698630137,,False,,,,,,61,rider,0.2,0.5,argmax,mask2former_swinb_cityscapes,acdc_night_targetcal100,34
,,,0.9999830175634754,795,True,0.0429042904290429,0.0429042904290429,0.2962026000022888,28.92118226600985,775.0,101,219.0,7.0,0.0319634703196347,0.0894581280788177,False,0.05785123966942149,0.0,0.0,,,61,bicycle,0.05,0.1,region_crc,mask2former_swinb_cityscapes,acdc_night_targetcal100,29
,,,0.9999704879077334,755,True,0.0627062706270627,0.0627062706270627,0.2263120859861374,28.950738916256157,750.0,101,219.0,10.0,0.045662100456621,0.12349753694581284,False,0.0743801652892562,0.01282051282051282,0.0,,,61,bicycle,0.05,0.1,heuristic,mask2former_swinb_cityscapes,acdc_night_targetcal100,29
,,,,-1,True,,0.8239863272041489,0.00045291404239833355,,,406,,,0.7945205479452054,,False,,,,,,61,bicycle,0.05,0.1,argmax,mask2former_swinb_cityscapes,acdc_night_targetcal100,29
,,,0.9999704879077334,755,True,0.0627062706270627,0.0627062706270627,0.2263120859861374,28.950738916256157,750.0,101,219.0,10.0,0.045662100456621,0.12349753694581284,False,0.0743801652892562,0.01282051282051282,0.0,,,61,bicycle,0.1,0.1,region_crc,mask2former_swinb_cityscapes,acdc_night_targetcal100,29
,,,0.999950111551254,717,True,0.09900990099009901,0.09900990099009901,0.1682502180337906,27.396551724137932,700.0,101,219.0,18.0,0.0821917808219178,0.13231527093596063,False,0.12396694214876033,0.038461538461538464,0.0,,,61,bicycle,0.1,0.1,heuristic,mask2former_swinb_cityscapes,acdc_night_targetcal100,29
,,,,-1,True,,0.8239863272041489,0.00045291404239833355,,,406,,,0.7945205479452054,,False,,,,,,61,bicycle,0.1,0.1,argmax,mask2former_swinb_cityscapes,acdc_night_targetcal100,29
,,,0.9998120683183197,621,True,0.19236209335219234,0.19236209335219234,0.07555457949638367,19.972906403940886,600.0,101,219.0,34.0,0.1552511415525114,0.13458128078817733,False,0.2396694214876033,0.0641025641025641,0.0,,,61,bicycle,0.2,0.1,region_crc,mask2former_swinb_cityscapes,acdc_night_targetcal100,29
,,,0.9997842255590847,611,True,0.19377652050919375,0.19377652050919378,0.06902064383029938,19.972906403940886,600.0,101,219.0,35.0,0.1598173515981735,0.13428571428571434,False,0.24793388429752067,0.0641025641025641,0.0,,,61,bicycle,0.2,0.1,heuristic,mask2former_swinb_cityscapes,acdc_night_targetcal100,29
,,,,-1,True,,0.8239863272041489,0.00045291404239833355,,,406,,,0.7945205479452054,,False,,,,,,61,bicycle,0.2,0.1,argmax,mask2former_swinb_cityscapes,acdc_night_targetcal100,29
,,,0.9999918341762865,848,True,0.04290429042904291,0.04290429042904291,0.4172994792461395,26.47536945812808,825.0,101,219.0,7.0,0.0319634703196347,0.06881773399014779,False,0.049586776859504134,0.01282051282051282,0.0,,,61,bicycle,0.05,0.5,region_crc,mask2former_swinb_cityscapes,acdc_night_targetcal100,29
,,,0.9999739384645,764,True,0.12376237623762376,0.12376237623762376,0.24142208695411682,28.950738916256157,750.0,101,219.0,21.0,0.0958904109589041,0.09118226600985219,False,0.1322314049586777,0.0641025641025641,0.0,,,61,bicycle,0.05,0.5,heuristic,mask2former_swinb_cityscapes,acdc_night_targetcal100,29
,,,,-1,True,,0.876980198019802,0.00045291404239833355,,,406,,,0.8538812785388128,,False,,,,,,61,bicycle,0.05,0.5,argmax,mask2former_swinb_cityscapes,acdc_night_targetcal100,29
,,,0.9999739384645,764,True,0.12376237623762376,0.12376237623762376,0.24142208695411682,28.950738916256157,750.0,101,219.0,21.0,0.0958904109589041,0.09118226600985219,False,0.1322314049586777,0.0641025641025641,0.0,,,61,bicycle,0.1,0.5,region_crc,mask2former_swinb_cityscapes,acdc_night_targetcal100,29
,,,0.999971686080042,758,True,0.12376237623762376,0.12376237623762376,0.23114272952079773,28.950738916256157,750.0,101,219.0,21.0,0.0958904109589041,0.11320197044334973,False,0.1322314049586777,0.0641025641025641,0.0,,,61,bicycle,0.1,0.5,heuristic,mask2former_swinb_cityscapes,acdc_night_targetcal100,29
,,,,-1,True,,0.876980198019802,0.00045291404239833355,,,406,,,0.8538812785388128,,False,,,,,,61,bicycle,0.1,0.5,argmax,mask2former_swinb_cityscapes,acdc_night_targetcal100,29
,,,0.9999386237994835,702,True,0.17491749174917492,0.1749174917491749,0.1494157910346985,27.396551724137932,700.0,101,219.0,29.0,0.1324200913242009,0.10448275862068962,False,0.19008264462809918,0.07692307692307693,0.0,,,61,bicycle,0.2,0.5,region_crc,mask2former_swinb_cityscapes,acdc_night_targetcal100,29
,,,0.9999083779509877,673,True,0.17656765676567657,0.17656765676567657,0.1175708994269371,23.726600985221676,650.0,101,219.0,30.0,0.136986301369863,0.10837438423645318,False,0.19008264462809918,0.08974358974358974,0.0,,,61,bicycle,0.2,0.5,heuristic,mask2former_swinb_cityscapes,acdc_night_targetcal100,29
,,,,-1,True,,0.876980198019802,0.00045291404239833355,,,406,,,0.8538812785388128,,False,,,,,,61,bicycle,0.2,0.5,argmax,mask2former_swinb_cityscapes,acdc_night_targetcal100,29
,,,0.9999465435640603,712,True,0.04687527056277056,0.04687527056277057,0.3115808963775635,28.366995073891626,700.0,200,693.0,27.0,0.03896103896103896,0.04044334975369468,False,0.05307855626326964,0.010101010101010102,0.0,,,62,person,0.05,0.1,region_crc,mask2former_swinb_cityscapes,acdc_night_targetcal100,47
,,,0.9999244907772334,687,True,0.0544586038961039,0.0544586038961039,0.26971006393432617,28.623152709359605,675.0,200,693.0,34.0,0.049062049062049064,0.05482758620689654,False,0.06581740976645435,0.015151515151515152,0.0,,,62,person,0.05,0.1,heuristic,mask2former_swinb_cityscapes,acdc_night_targetcal100,47
,,,,-1,True,,0.49212630425130427,0.00527166249230504,,,406,,,0.47619047619047616,,False,,,,,,62,person,0.05,0.1,argmax,mask2former_swinb_cityscapes,acdc_night_targetcal100,47
,,,0.9997233058354589,593,True,0.09537175324675325,0.09537175324675325,0.14356698095798492,24.62807881773399,575.0,200,693.0,65.0,0.09379509379509379,0.07605911330049261,False,0.12738853503184713,0.025252525252525252,0.0,,,62,person,0.1,0.1,region_crc,mask2former_swinb_cityscapes,acdc_night_targetcal100,47
,,,0.9995574116276373,559,True,0.11244751082251081,0.11244751082251081,0.11580771952867508,23.26847290640394,550.0,200,693.0,81.0,0.11688311688311688,0.05990147783251232,False,0.1613588110403397,0.025252525252525252,0.0,,,62,person,0.1,0.1,heuristic,mask2former_swinb_cityscapes,acdc_night_targetcal100,47
,,,,-1,True,,0.49212630425130427,0.00527166249230504,,,406,,,0.47619047619047616,,False,,,,,,62,person,0.1,0.1,argmax,mask2former_swinb_cityscapes,acdc_night_targetcal100,47
,,,0.9990137205143688,501,True,0.14725459956709958,0.14725459956709958,0.0788721889257431,19.366995073891626,500.0,200,693.0,106.0,0.15295815295815296,0.09532019704433498,False,0.21443736730360935,0.025252525252525252,0.0,,,62,person,0.2,0.1,region_crc,mask2former_swinb_cityscapes,acdc_night_targetcal100,47
,,,0.998717669417344,482,True,0.15181520562770562,0.15181520562770562,0.0700070932507515,17.438423645320196,475.0,200,693.0,110.0,0.15873015873015872,0.08315270935960595,False,0.2229299363057325,0.025252525252525252,0.0,,,62,person,0.2,0.1,heuristic,mask2former_swinb_cityscapes,acdc_night_targetcal100,47
,,,,-1,True,,0.49212630425130427,0.00527166249230504,,,406,,,0.47619047619047616,,False,,,,,,62,person,0.2,0.1,argmax,mask2former_swinb_cityscapes,acdc_night_targetcal100,47
,,,0.9999656442052101,744,True,0.06062527056277056,0.060625270562770554,0.3730832636356354,27.46551724137931,725.0,200,693.0,38.0,0.05483405483405483,0.047586206896551686,False,0.07218683651804671,0.020202020202020204,0.0,,,62,person,0.05,0.5,region_crc,mask2former_swinb_cityscapes,acdc_night_targetcal100,47
,,,0.9999527936958736,721,True,0.06645481601731601,0.06645481601731601,0.3284270167350769,28.366995073891626,700.0,200,693.0,44.0,0.06349206349206349,0.04610837438423643,False,0.08280254777070063,0.025252525252525252,0.0,,,62,person,0.05,0.5,heuristic,mask2former_swinb_cityscapes,acdc_night_targetcal100,47
,,,,-1,True,,0.5777484737484738,0.00527166249230504,,,406,,,0.5670995670995671,,False,,,,,,62,person,0.05,0.5,argmax,mask2former_swinb_cityscapes,acdc_night_targetcal100,47
,,,0.9999351365566451,698,True,0.0825551948051948,0.08255519480519481,0.2882092595100403,28.623152709359605,675.0,200,693.0,52.0,0.07503607503607504,0.04251231527093596,False,0.09978768577494693,0.025252525252525252,0.0,,,62,person,0.1,0.5,region_crc,mask2former_swinb_cityscapes,acdc_night_targetcal100,47
,,,0.9998723561191188,649,True,0.10097402597402598,0.10097402597402595,0.2089678794145584,28.019704433497537,625.0,200,693.0,68.0,0.09812409812409813,0.04359605911330049,False,0.1337579617834395,0.025252525252525252,0.0,,,62,person,0.1,0.5,heuristic,mask2former_swinb_cityscapes,acdc_night_targetcal100,47
,,,,-1,True,,0.5777484737484738,0.00527166249230504,,,406,,,0.5670995670995671,,False,,,,,,62,person,0.1,0.5,argmax,mask2former_swinb_cityscapes,acdc_night_targetcal100,47
,,,0.9996909704567486,585,True,0.1317776875901876,0.1317776875901876,0.1368476301431656,24.62807881773399,575.0,200,693.0,94.0,0.13564213564213565,0.0835960591133005,False,0.18471337579617833,0.03535353535353535,0.0,,,62,person,0.2,0.5,region_crc,mask2former_swinb_cityscapes,acdc_night_targetcal100,47
,,,0.9996091591042076,568,True,0.14635344516594517,0.14635344516594515,0.12347803264856339,23.26847290640394,550.0,200,693.0,103.0,0.14862914862914864,0.06467980295566503,False,0.20169851380042464,0.04040404040404041,0.0,,,62,person,0.2,0.5,heuristic,mask2former_swinb_cityscapes,acdc_night_targetcal100,47
,,,,-1,True,,0.5777484737484738,0.00527166249230504,,,406,,,0.5670995670995671,,False,,,,,,62,person,0.2,0.5,argmax,mask2former_swinb_cityscapes,acdc_night_targetcal100,47
,,,0.999991946215588,849,True,0.01694915254237288,0.01694915254237288,0.4424969255924225,23.98768472906404,825.0,118,156.0,2.0,0.01282051282051282,0.08822660098522161,False,0.01694915254237288,0.0,0.0,,,62,rider,0.05,0.1,region_crc,mask2former_swinb_cityscapes,acdc_night_targetcal100,28
,,,0.9999168236228897,680,True,0.1059322033898305,0.1059322033898305,0.14508214592933655,23.69704433497537,675.0,118,156.0,15.0,0.09615384615384616,0.07295566502463055,False,0.1271186440677966,0.0,0.0,,,62,rider,0.05,0.1,heuristic,mask2former_swinb_cityscapes,acdc_night_targetcal100,28
,,,,-1,True,,0.788135593220339,0.00037164846435189247,,,406,,,0.7948717948717948,,False,,,,,,62,rider,0.05,0.1,argmax,mask2former_swinb_cityscapes,acdc_night_targetcal100,28
,,,0.9994847713554182,548,True,0.24152542372881355,0.24152542372881355,0.05700850859284401,14.088669950738916,525.0,118,156.0,33.0,0.21153846153846154,0.07935960591133004,False,0.2542372881355932,0.0967741935483871,0.0,,,62,rider,0.1,0.1,region_crc,mask2former_swinb_cityscapes,acdc_night_targetcal100,28
,,,0.998507205590421,471,True,0.3177966101694915,0.3177966101694915,0.030596446245908737,9.283251231527094,450.0,118,156.0,48.0,0.3076923076923077,0.08497536945812811,False,0.3559322033898305,0.1935483870967742,0.0,,,62,rider,0.1,0.1,heuristic,mask2former_swinb_cityscapes,acdc_night_targetcal100,28
,,,,-1,True,,0.788135593220339,0.00037164846435189247,,,406,,,0.7948717948717948,,False,,,,,,62,rider,0.1,0.1,argmax,mask2former_swinb_cityscapes,acdc_night_targetcal100,28
,,,0.9968954404118716,418,True,0.3898305084745763,0.3898305084745763,0.017814448103308678,6.529556650246305,400.0,118,156.0,58.0,0.3717948717948718,0.11137931034482759,False,0.423728813559322,0.25806451612903225,0.0,,,62,rider,0.2,0.1,region_crc,mask2former_swinb_cityscapes,acdc_night_targetcal100,28
,,,0.9962846477090282,405,True,0.3898305084745763,0.3898305084745763,0.01559218019247055,6.529556650246305,400.0,118,156.0,58.0,0.3717948717948718,0.0942857142857143,False,0.423728813559322,0.25806451612903225,0.0,,,62,rider,0.2,0.1,heuristic,mask2former_swinb_cityscapes,acdc_night_targetcal100,28
,,,,-1,True,,0.788135593220339,0.00037164846435189247,,,406,,,0.7948717948717948,,False,,,,,,62,rider,0.2,0.1,argmax,mask2former_swinb_cityscapes,acdc_night_targetcal100,28
,,,0.9999931766130585,861,True,0.038135593220338986,0.038135593220338986,0.4730031490325928,22.189655172413794,850.0,118,156.0,5.0,0.03205128205128205,0.0678817733990148,False,0.0423728813559322,0.0,0.0,,,62,rider,0.05,0.5,region_crc,mask2former_swinb_cityscapes,acdc_night_targetcal100,28
,,,0.999917964845567,681,True,0.1652542372881356,0.1652542372881356,0.14597077667713165,23.69704433497537,675.0,118,156.0,23.0,0.14743589743589744,0.07295566502463055,False,0.1864406779661017,0.03225806451612903,0.0,,,62,rider,0.05,0.5,heuristic,mask2former_swinb_cityscapes,acdc_night_targetcal100,28
,,,,-1,True,,0.8389830508474576,0.00037164846435189247,,,406,,,0.8461538461538461,,False,,,,,,62,rider,0.05,0.5,argmax,mask2former_swinb_cityscapes,acdc_night_targetcal100,28
,,,0.9996866714275684,584,True,0.269774011299435,0.26977401129943507,0.07316328585147858,17.517241379310345,575.0,118,156.0,38.0,0.24358974358974358,0.06206896551724139,False,0.2627118644067797,0.22580645161290322,0.0,,,62,rider,0.1,0.5,region_crc,mask2former_swinb_cityscapes,acdc_night_targetcal100,28
,,,0.9986634044834536,479,True,0.3771186440677966,0.3771186440677966,0.03260727971792221,10.827586206896552,475.0,118,156.0,57.0,0.36538461538461536,0.07556650246305419,False,0.4067796610169492,0.2903225806451613,0.0,,,62,rider,0.1,0.5,heuristic,mask2former_swinb_cityscapes,acdc_night_targetcal100,28
,,,,-1,True,,0.8389830508474576,0.00037164846435189247,,,406,,,0.8461538461538461,,False,,,,,,62,rider,0.1,0.5,argmax,mask2former_swinb_cityscapes,acdc_night_targetcal100,28
,,,0.9973331413354786,429,True,0.4364406779661017,0.4364406779661017,0.019858425483107567,7.768472906403941,425.0,118,156.0,65.0,0.4166666666666667,0.12123152709359608,False,0.4745762711864407,0.2903225806451613,0.0,,,62,rider,0.2,0.5,region_crc,mask2former_swinb_cityscapes,acdc_night_targetcal100,28
,,,0.996980048279598,420,True,0.4491525423728814,0.4491525423728814,0.0181801188737154,6.529556650246305,400.0,118,156.0,67.0,0.42948717948717946,0.12399014778325122,False,0.4830508474576271,0.3225806451612903,0.0,,,62,rider,0.2,0.5,heuristic,mask2former_swinb_cityscapes,acdc_night_targetcal100,28
,,,,-1,True,,0.8389830508474576,0.00037164846435189247,,,406,,,0.8461538461538461,,False,,,,,,62,rider,0.2,0.5,argmax,mask2former_swinb_cityscapes,acdc_night_targetcal100,28
,,,0.999963692194523,740,True,0.08086253369272237,0.08086253369272237,0.20768149197101593,28.45320197044335,725.0,106,248.0,17.0,0.06854838709677419,0.08280788177339901,False,0.10638297872340426,0.023529411764705882,0.0,,,62,bicycle,0.05,0.1,region_crc,mask2former_swinb_cityscapes,acdc_night_targetcal100,24
,,,0.9999285503673925,691,True,0.12881850853548968,0.12881850853548968,0.14157497882843018,25.89408866995074,675.0,106,248.0,27.0,0.10887096774193548,0.05517241379310345,False,0.16312056737588654,0.047058823529411764,0.0,,,62,bicycle,0.05,0.1,heuristic,mask2former_swinb_cityscapes,acdc_night_targetcal100,24
,,,,-1,True,,0.832902815214136,0.0006592388381250203,,,406,,,0.8104838709677419,,False,,,,,,62,bicycle,0.05,0.1,argmax,mask2former_swinb_cityscapes,acdc_night_targetcal100,24
,,,0.9999285503673925,691,True,0.12881850853548968,0.12881850853548968,0.14157497882843018,25.89408866995074,675.0,106,248.0,27.0,0.10887096774193548,0.05517241379310345,False,0.16312056737588654,0.047058823529411764,0.0,,,62,bicycle,0.1,0.1,region_crc,mask2former_swinb_cityscapes,acdc_night_targetcal100,24
,,,0.9998120683183197,621,True,0.21091644204851753,0.21091644204851753,0.0765085518360138,20.263546798029555,600.0,106,248.0,44.0,0.1774193548387097,0.0782266009852216,False,0.2695035460992908,0.07058823529411765,0.0,,,62,bicycle,0.1,0.1,heuristic,mask2former_swinb_cityscapes,acdc_night_targetcal100,24
,,,,-1,True,,0.832902815214136,0.0006592388381250203,,,406,,,0.8104838709677419,,False,,,,,,62,bicycle,0.1,0.1,argmax,mask2former_swinb_cityscapes,acdc_night_targetcal100,24
,,,0.9993207963673828,528,True,0.33173105720275525,0.3317310572027553,0.03408537805080414,13.950738916256158,525.0,106,248.0,72.0,0.2903225806451613,0.04916256157635468,False,0.41843971631205673,0.12941176470588237,0.09090909090909091,,,62,bicycle,0.2,0.1,region_crc,mask2former_swinb_cityscapes,acdc_night_targetcal100,24
,,,0.9991409864784946,511,True,0.3543725666367175,0.35437256663671757,0.02882038801908493,12.083743842364532,500.0,106,248.0,78.0,0.31451612903225806,0.05886699507389159,False,0.46099290780141844,0.12941176470588237,0.09090909090909091,,,62,bicycle,0.2,0.1,heuristic,mask2former_swinb_cityscapes,acdc_night_targetcal100,24
,,,,-1,True,,0.832902815214136,0.0006592388381250203,,,406,,,0.8104838709677419,,False,,,,,,62,bicycle,0.2,0.1,argmax,mask2former_swinb_cityscapes,acdc_night_targetcal100,24
,,,0.9999779199526698,776,True,0.11489218328840971,0.11489218328840971,0.26566535234451294,28.830049261083744,775.0,106,248.0,24.0,0.0967741935483871,0.05236453201970437,False,0.1276595744680851,0.07058823529411765,0.0,,,62,bicycle,0.05,0.5,region_crc,mask2former_swinb_cityscapes,acdc_night_targetcal100,24
,,,0.9999696610881581,753,True,0.13982479784366578,0.13982479784366578,0.22719033062458038,29.071428571428573,750.0,106,248.0,28.0,0.11290322580645161,0.07226600985221675,False,0.15602836879432624,0.07058823529411765,0.0,,,62,bicycle,0.05,0.5,heuristic,mask2former_swinb_cityscapes,acdc_night_targetcal100,24
,,,,-1,True,,0.8817497753818507,0.0006592388381250203,,,406,,,0.8588709677419355,,False,,,,,,62,bicycle,0.05,0.5,argmax,mask2former_swinb_cityscapes,acdc_night_targetcal100,24
,,,0.9999665804959974,746,True,0.15869272237196763,0.15869272237196763,0.21734103560447693,28.45320197044335,725.0,106,248.0,30.0,0.12096774193548387,0.06630541871921183,False,0.1702127659574468,0.07058823529411765,0.0,,,62,bicycle,0.1,0.5,region_crc,mask2former_swinb_cityscapes,acdc_night_targetcal100,24
,,,0.9998903521803857,660,True,0.23685983827493262,0.23685983827493262,0.10996446758508682,24.26847290640394,650.0,106,248.0,50.0,0.20161290322580644,0.05517241379310345,False,0.2907801418439716,0.09411764705882353,0.045454545454545456,,,62,bicycle,0.1,0.5,heuristic,mask2former_swinb_cityscapes,acdc_night_targetcal100,24
,,,,-1,True,,0.8817497753818507,0.0006592388381250203,,,406,,,0.8588709677419355,,False,,,,,,62,bicycle,0.1,0.5,argmax,mask2former_swinb_cityscapes,acdc_night_targetcal100,24
,,,0.9996548562606642,577,True,0.3456199460916442,0.3456199460916442,0.05326152965426445,17.958128078817733,575.0,106,248.0,78.0,0.31451612903225806,0.10088669950738915,False,0.41843971631205673,0.18823529411764706,0.13636363636363635,,,62,bicycle,0.2,0.5,region_crc,mask2former_swinb_cityscapes,acdc_night_targetcal100,24
,,,0.9995926197221959,565,True,0.3702530697813717,0.3702530697813716,0.04789050668478012,15.812807881773399,550.0,106,248.0,83.0,0.3346774193548387,0.061625615763546804,False,0.45390070921985815,0.18823529411764706,0.13636363636363635,,,62,bicycle,0.2,0.5,heuristic,mask2former_swinb_cityscapes,acdc_night_targetcal100,24
,,,,-1,True,,0.8817497753818507,0.0006592388381250203,,,406,,,0.8588709677419355,,False,,,,,,62,bicycle,0.2,0.5,argmax,mask2former_swinb_cityscapes,acdc_night_targetcal100,24
,,,0.9999839305874698,799,True,0.013347763347763348,0.013347763347763344,0.4960455000400543,23.56896551724138,775.0,198,678.0,6.0,0.008849557522123894,0.0758128078817734,False,0.013215859030837005,0.0,0.0,,,63,person,0.05,0.1,region_crc,mask2former_swinb_cityscapes,acdc_night_targetcal100,49
,,,0.9999812931785963,788,True,0.013347763347763348,0.013347763347763344,0.47071170806884766,23.56896551724138,775.0,198,678.0,6.0,0.008849557522123894,0.06842364532019704,False,0.013215859030837005,0.0,0.0,,,63,person,0.05,0.1,heuristic,mask2former_swinb_cityscapes,acdc_night_targetcal100,49
,,,,-1,True,,0.48863385492173367,0.0049665989354252815,,,406,,,0.4808259587020649,,False,,,,,,63,person,0.05,0.1,argmax,mask2former_swinb_cityscapes,acdc_night_targetcal100,49
,,,0.9999411156344644,705,True,0.038303762735580914,0.038303762735580914,0.3003053367137909,27.970443349753694,700.0,198,678.0,23.0,0.03392330383480826,0.05320197044334973,False,0.046255506607929514,0.010050251256281407,0.0,,,63,person,0.1,0.1,region_crc,mask2former_swinb_cityscapes,acdc_night_targetcal100,49
,,,0.9999004594582649,667,True,0.0561259237395601,0.056125923739560095,0.2331242710351944,28.93103448275862,650.0,198,678.0,33.0,0.048672566371681415,0.0485714285714286,False,0.06828193832599119,0.010050251256281407,0.0,,,63,person,0.1,0.1,heuristic,mask2former_swinb_cityscapes,acdc_night_targetcal100,49
,,,,-1,True,,0.48863385492173367,0.0049665989354252815,,,406,,,0.4808259587020649,,False,,,,,,63,person,0.1,0.1,argmax,mask2former_swinb_cityscapes,acdc_night_targetcal100,49
,,,0.9994847713554182,548,True,0.11244534085443178,0.11244534085443178,0.10715822875499725,21.305418719211822,525.0,198,678.0,75.0,0.11061946902654868,0.08793103448275863,False,0.16079295154185022,0.010050251256281407,0.0,,,63,person,0.2,0.1,region_crc,mask2former_swinb_cityscapes,acdc_night_targetcal100,49
,,,0.9982380239535884,459,True,0.1729638417138417,0.17296384171384174,0.06066274270415306,15.839901477832512,450.0,198,678.0,116.0,0.1710914454277286,0.08458128078817734,False,0.2444933920704846,0.02512562814070352,0.0,,,63,person,0.2,0.1,heuristic,mask2former_swinb_cityscapes,acdc_night_targetcal100,49
,,,,-1,True,,0.48863385492173367,0.0049665989354252815,,,406,,,0.4808259587020649,,False,,,,,,63,person,0.2,0.1,argmax,mask2former_swinb_cityscapes,acdc_night_targetcal100,49
,,,0.9999923792098997,853,True,0.007876382876382875,0.007876382876382875,0.5942069888114929,16.738916256157637,850.0,198,678.0,6.0,0.008849557522123894,0.06669950738916255,False,0.013215859030837005,0.0,0.0,,,63,person,0.05,0.5,region_crc,mask2former_swinb_cityscapes,acdc_night_targetcal100,49
,,,0.9999899538420972,833,True,0.014189514189514188,0.014189514189514188,0.5580244660377502,19.002463054187192,825.0,198,678.0,10.0,0.014749262536873156,0.06714285714285714,False,0.019823788546255508,0.005025125628140704,0.0,,,63,person,0.05,0.5,heuristic,mask2former_swinb_cityscapes,acdc_night_targetcal100,49
,,,,-1,True,,0.579035036232006,0.0049665989354252815,,,406,,,0.5707964601769911,,False,,,,,,63,person,0.05,0.5,argmax,mask2former_swinb_cityscapes,acdc_night_targetcal100,49
,,,0.9999594491464552,732,True,0.05259057020420657,0.052590570204206565,0.3474856913089752,27.194581280788178,725.0,198,678.0,34.0,0.05014749262536873,0.0468472906403941,False,0.07048458149779736,0.010050251256281407,0.0,,,63,person,0.1,0.5,region_crc,mask2former_swinb_cityscapes,acdc_night_targetcal100,49
,,,0.9999565489775828,727,True,0.05259057020420657,0.052590570204206565,0.3385244309902191,27.194581280788178,725.0,198,678.0,34.0,0.05014749262536873,0.0468472906403941,False,0.07048458149779736,0.010050251256281407,0.0,,,63,person,0.1,0.5,heuristic,mask2former_swinb_cityscapes,acdc_night_targetcal100,49
,,,,-1,True,,0.579035036232006,0.0049665989354252815,,,406,,,0.5707964601769911,,False,,,,,,63,person,0.1,0.5,argmax,mask2former_swinb_cityscapes,acdc_night_targetcal100,49
,,,0.9997453169747414,599,True,0.1225862521317067,0.12258625213170667,0.147380992770195,24.440886699507388,575.0,198,678.0,79.0,0.11651917404129794,0.08935960591133008,False,0.1696035242290749,0.010050251256281407,0.0,,,63,person,0.2,0.5,region_crc,mask2former_swinb_cityscapes,acdc_night_targetcal100,49
,,,0.9995753804360537,562,True,0.1555933614645736,0.1555933614645736,0.11735423654317856,23.214285714285715,550.0,198,678.0,103.0,0.15191740412979352,0.09837438423645317,False,0.21585903083700442,0.02512562814070352,0.0,,,63,person,0.2,0.5,heuristic,mask2former_swinb_cityscapes,acdc_night_targetcal100,49
,,,,-1,True,,0.579035036232006,0.0049665989354252815,,,406,,,0.5707964601769911,,False,,,,,,63,person,0.2,0.5,argmax,mask2former_swinb_cityscapes,acdc_night_targetcal100,49
,,,0.9998775383800735,652,True,0.1596045197740113,0.15960451977401133,0.12123826891183853,22.8128078817734,650.0,118,156.0,25.0,0.16025641025641027,0.10137931034482761,False,0.21929824561403508,0.0,0.0,,,63,rider,0.05,0.1,region_crc,mask2former_swinb_cityscapes,acdc_night_targetcal100,28
,,,0.9996866714275684,584,True,0.21468926553672316,0.21468926553672318,0.07335275411605835,17.50985221674877,575.0,118,156.0,32.0,0.20512820512820512,0.07458128078817738,False,0.2631578947368421,0.058823529411764705,0.0,,,63,rider,0.05,0.1,heuristic,mask2former_swinb_cityscapes,acdc_night_targetcal100,28
,,,,-1,True,,0.7853107344632767,0.00040977494791150093,,,406,,,0.7948717948717948,,False,,,,,,63,rider,0.05,0.1,argmax,mask2former_swinb_cityscapes,acdc_night_targetcal100,28
,,,0.9996866714275684,584,True,0.21468926553672316,0.21468926553672318,0.07335275411605835,17.50985221674877,575.0,118,156.0,32.0,0.20512820512820512,0.07458128078817738,False,0.2631578947368421,0.058823529411764705,0.0,,,63,rider,0.1,0.1,region_crc,mask2former_swinb_cityscapes,acdc_night_targetcal100,28
,,,0.9994988127663728,550,True,0.23163841807909605,0.23163841807909608,0.057781726121902466,15.704433497536947,550.0,118,156.0,34.0,0.21794871794871795,0.0921674876847291,False,0.2719298245614035,0.08823529411764706,0.0,,,63,rider,0.1,0.1,heuristic,mask2former_swinb_cityscapes,acdc_night_targetcal100,28
,,,,-1,True,,0.7853107344632767,0.00040977494791150093,,,406,,,0.7948717948717948,,False,,,,,,63,rider,0.1,0.1,argmax,mask2former_swinb_cityscapes,acdc_night_targetcal100,28
,,,0.9988984606904586,493,True,0.288135593220339,0.288135593220339,0.036346498876810074,10.862068965517242,475.0,118,156.0,45.0,0.28846153846153844,0.07290640394088665,False,0.34210526315789475,0.17647058823529413,0.0,,,63,rider,0.2,0.1,region_crc,mask2former_swinb_cityscapes,acdc_night_targetcal100,28
,,,0.998507205590421,471,True,0.2909604519774011,0.29096045197740117,0.030416805297136307,9.167487684729064,450.0,118,156.0,46.0,0.2948717948717949,0.07886699507389161,False,0.3508771929824561,0.17647058823529413,0.0,,,63,rider,0.2,0.1,heuristic,mask2former_swinb_cityscapes,acdc_night_targetcal100,28
,,,,-1,True,,0.7853107344632767,0.00040977494791150093,,,406,,,0.7948717948717948,,False,,,,,,63,rider,0.2,0.1,argmax,mask2former_swinb_cityscapes,acdc_night_targetcal100,28
,,,0.9999935434577096,865,True,0.03248587570621469,0.03248587570621469,0.48577767610549927,21.55665024630542,850.0,118,156.0,5.0,0.03205128205128205,0.09527093596059116,False,0.043859649122807015,0.0,0.0,,,63,rider,0.05,0.5,region_crc,mask2former_swinb_cityscapes,acdc_night_targetcal100,28
,,,0.9999314511773547,694,True,0.1384180790960452,0.13841807909604523,0.16039292514324188,23.842364532019705,675.0,118,156.0,21.0,0.1346153846153846,0.08438423645320195,False,0.17543859649122806,0.029411764705882353,0.0,,,63,rider,0.05,0.5,heuristic,mask2former_swinb_cityscapes,acdc_night_targetcal100,28
,,,,-1,True,,0.8488700564971751,0.00040977494791150093,,,406,,,0.8589743589743589,,False,,,,,,63,rider,0.05,0.5,argmax,mask2former_swinb_cityscapes,acdc_night_targetcal100,28
,,,0.9999314511773547,694,True,0.1384180790960452,0.13841807909604523,0.16039292514324188,23.842364532019705,675.0,118,156.0,21.0,0.1346153846153846,0.08438423645320195,False,0.17543859649122806,0.029411764705882353,0.0,,,63,rider,0.1,0.5,region_crc,mask2former_swinb_cityscapes,acdc_night_targetcal100,28
,,,0.999859395247587,642,True,0.19774011299435026,0.1977401129943503,0.1128191202878952,20.94334975369458,625.0,118,156.0,30.0,0.19230769230769232,0.09615763546798028,False,0.24561403508771928,0.058823529411764705,0.0,,,63,rider,0.1,0.5,heuristic,mask2former_swinb_cityscapes,acdc_night_targetcal100,28
,,,,-1,True,,0.8488700564971751,0.00040977494791150093,,,406,,,0.8589743589743589,,False,,,,,,63,rider,0.1,0.5,argmax,mask2former_swinb_cityscapes,acdc_night_targetcal100,28
,,,0.9994703365561084,546,True,0.27259887005649713,0.2725988700564972,0.056100327521562576,14.236453201970443,525.0,118,156.0,41.0,0.26282051282051283,0.08970443349753693,False,0.2807017543859649,0.2647058823529412,0.0,,,63,rider,0.2,0.5,region_crc,mask2former_swinb_cityscapes,acdc_night_targetcal100,28
,,,0.9990795504282468,506,True,0.3220338983050847,0.3220338983050847,0.040766917169094086,12.571428571428571,500.0,118,156.0,50.0,0.32051282051282054,0.07492610837438424,False,0.35964912280701755,0.2647058823529412,0.0,,,63,rider,0.2,0.5,heuristic,mask2former_swinb_cityscapes,acdc_night_targetcal100,28
,,,,-1,True,,0.8488700564971751,0.00040977494791150093,,,406,,,0.8589743589743589,,False,,,,,,63,rider,0.2,0.5,argmax,mask2former_swinb_cityscapes,acdc_night_targetcal100,28
,,,0.9999402964713416,704,True,0.1238762794837561,0.12387627948375612,0.15199661254882812,27.598522167487683,700.0,107,241.0,29.0,0.12033195020746888,0.07990147783251231,False,0.18115942028985507,0.05063291139240506,0.0,,,63,bicycle,0.05,0.1,region_crc,mask2former_swinb_cityscapes,acdc_night_targetcal100,23
,,,0.9998990747113923,666,True,0.14701824655095683,0.14701824655095683,0.114262156188488,24.169950738916256,650.0,107,241.0,33.0,0.13692946058091288,0.06467980295566503,False,0.21014492753623187,0.05063291139240506,0.0,,,63,bicycle,0.05,0.1,heuristic,mask2former_swinb_cityscapes,acdc_night_targetcal100,23
,,,,-1,True,,0.8198783563269544,0.0006848552147857845,,,406,,,0.7966804979253111,,False,,,,,,63,bicycle,0.05,0.1,argmax,mask2former_swinb_cityscapes,acdc_night_targetcal100,23
,,,0.9998990747113923,666,True,0.14701824655095683,0.14701824655095683,0.114262156188488,24.169950738916256,650.0,107,241.0,33.0,0.13692946058091288,0.06467980295566503,False,0.21014492753623187,0.05063291139240506,0.0,,,63,bicycle,0.1,0.1,region_crc,mask2former_swinb_cityscapes,acdc_night_targetcal100,23
,,,0.9998962471584182,664,True,0.14701824655095683,0.14701824655095683,0.11277676373720169,24.169950738916256,650.0,107,241.0,33.0,0.13692946058091288,0.062216748768472885,False,0.21014492753623187,0.05063291139240506,0.0,,,63,bicycle,0.1,0.1,heuristic,mask2former_swinb_cityscapes,acdc_night_targetcal100,23
,,,,-1,True,,0.8198783563269544,0.0006848552147857845,,,406,,,0.7966804979253111,,False,,,,,,63,bicycle,0.1,0.1,argmax,mask2former_swinb_cityscapes,acdc_night_targetcal100,23
,,,0.9996451866107664,575,True,0.2836226079216733,0.2836226079216733,0.05150501802563667,18.054187192118228,575.0,107,241.0,63.0,0.26141078838174275,0.11059113300492607,False,0.38405797101449274,0.10126582278481013,0.08333333333333333,,,63,bicycle,0.2,0.1,region_crc,mask2former_swinb_cityscapes,acdc_night_targetcal100,23
,,,0.9996145216423342,569,True,0.2851802403204272,0.28518024032042727,0.048869725316762924,15.751231527093596,550.0,107,241.0,64.0,0.26556016597510373,0.11014778325123153,False,0.391304347826087,0.10126582278481013,0.08333333333333333,,,63,bicycle,0.2,0.1,heuristic,mask2former_swinb_cityscapes,acdc_night_targetcal100,23
,,,,-1,True,,0.8198783563269544,0.0006848552147857845,,,406,,,0.7966804979253111,,False,,,,,,63,bicycle,0.2,0.1,argmax,mask2former_swinb_cityscapes,acdc_night_targetcal100,23
,,,0.9999881423125183,821,True,0.06263907432131731,0.06263907432131731,0.35300907492637634,28.236453201970445,800.0,107,241.0,14.0,0.058091286307053944,0.07083743842364532,False,0.08695652173913043,0.02531645569620253,0.0,,,63,bicycle,0.05,0.5,region_crc,mask2former_swinb_cityscapes,acdc_night_targetcal100,23
,,,0.9999683772233983,750,True,0.14381397418780595,0.14381397418780595,0.21830539405345917,29.4064039408867,750.0,107,241.0,29.0,0.12033195020746888,0.07921182266009852,False,0.17391304347826086,0.06329113924050633,0.0,,,63,bicycle,0.05,0.5,heuristic,mask2former_swinb_cityscapes,acdc_night_targetcal100,23
,,,,-1,True,,0.8746773475745439,0.0006848552147857845,,,406,,,0.8630705394190872,,False,,,,,,63,bicycle,0.05,0.5,argmax,mask2former_swinb_cityscapes,acdc_night_targetcal100,23
,,,0.9999683772233983,750,True,0.14381397418780595,0.14381397418780595,0.21830539405345917,29.4064039408867,750.0,107,241.0,29.0,0.12033195020746888,0.07921182266009852,False,0.17391304347826086,0.06329113924050633,0.0,,,63,bicycle,0.1,0.5,region_crc,mask2former_swinb_cityscapes,acdc_night_targetcal100,23
,,,0.9999083779509877,673,True,0.20020026702269691,0.20020026702269691,0.1201978474855423,24.169950738916256,650.0,107,241.0,44.0,0.1825726141078838,0.06955665024630536,False,0.26811594202898553,0.08860759493670886,0.0,,,63,bicycle,0.1,0.5,heuristic,mask2former_swinb_cityscapes,acdc_night_targetcal100,23
,,,,-1,True,,0.8746773475745439,0.0006848552147857845,,,406,,,0.8630705394190872,,False,,,,,,63,bicycle,0.1,0.5,argmax,mask2former_swinb_cityscapes,acdc_night_targetcal100,23
,,,0.9997194566362049,592,True,0.32343124165554077,0.3234312416555407,0.05957236886024475,18.054187192118228,575.0,107,241.0,77.0,0.31950207468879666,0.09334975369458126,False,0.427536231884058,0.189873417721519,0.125,,,63,bicycle,0.2,0.5,region_crc,mask2former_swinb_cityscapes,acdc_night_targetcal100,23
,,,0.9996548562606642,577,True,0.3346461949265688,0.33464619492656866,0.05242452770471573,18.054187192118228,575.0,107,241.0,79.0,0.3278008298755187,0.12044334975369453,False,0.4420289855072464,0.189873417721519,0.125,,,63,bicycle,0.2,0.5,heuristic,mask2former_swinb_cityscapes,acdc_night_targetcal100,23
,,,,-1,True,,0.8746773475745439,0.0006848552147857845,,,406,,,0.8630705394190872,,False,,,,,,63,bicycle,0.2,0.5,argmax,mask2former_swinb_cityscapes,acdc_night_targetcal100,23
,,,0.9999610954855006,735,True,0.03410084813146038,0.03410084813146037,0.3654019832611084,27.460591133004925,725.0,196,681.0,17.0,0.024963289280469897,0.1719704433497537,False,0.03470715835140998,0.005208333333333333,0.0,,,64,person,0.05,0.1,region_crc,mask2former_swinb_cityscapes,acdc_night_targetcal100,51
,,,0.9999244907772334,687,True,0.05493224887357541,0.054932248873575396,0.2790856659412384,29.108374384236452,675.0,196,681.0,33.0,0.048458149779735685,0.16635467980295565,False,0.0650759219088937,0.015625,0.0,,,64,person,0.05,0.1,heuristic,mask2former_swinb_cityscapes,acdc_night_targetcal100,51
,,,,-1,True,,0.4734977749008361,0.005332527682185173,,,406,,,0.461086637298091,,False,,,,,,64,person,0.05,0.1,argmax,mask2former_swinb_cityscapes,acdc_night_targetcal100,51
,,,0.9999058110403477,671,True,0.05970961436522661,0.0597096143652266,0.249265655875206,29.68472906403941,650.0,196,681.0,38.0,0.055800293685756244,0.16448275862068967,False,0.0737527114967462,0.020833333333333332,0.0,,,64,person,0.1,0.1,region_crc,mask2former_swinb_cityscapes,acdc_night_targetcal100,51
,,,0.999765577118468,605,True,0.08094906793886386,0.08094906793886385,0.15862207114696503,27.076354679802957,600.0,196,681.0,55.0,0.08076358296622614,0.13940886699507388,False,0.10845986984815618,0.026041666666666668,0.0,,,64,person,0.1,0.1,heuristic,mask2former_swinb_cityscapes,acdc_night_targetcal100,51
,,,,-1,True,,0.4734977749008361,0.005332527682185173,,,406,,,0.461086637298091,,False,,,,,,64,person,0.1,0.1,argmax,mask2former_swinb_cityscapes,acdc_night_targetcal100,51
,,,0.9967640634307037,415,True,0.21331895853579527,0.21331895853579527,0.04543142020702362,12.847290640394089,400.0,196,681.0,141.0,0.20704845814977973,0.0624137931034483,False,0.2841648590021692,0.052083333333333336,0.0,,,64,person,0.2,0.1,region_crc,mask2former_swinb_cityscapes,acdc_night_targetcal100,51
,,,0.9956748616896499,394,True,0.21852627955944282,0.21852627955944282,0.039507053792476654,11.273399014778326,375.0,196,681.0,146.0,0.2143906020558003,0.0744827586206896,False,0.2950108459869848,0.052083333333333336,0.0,,,64,person,0.2,0.1,heuristic,mask2former_swinb_cityscapes,acdc_night_targetcal100,51
,,,,-1,True,,0.4734977749008361,0.005332527682185173,,,406,,,0.461086637298091,,False,,,,,,64,person,0.2,0.1,argmax,mask2former_swinb_cityscapes,acdc_night_targetcal100,51
,,,0.9999782229022764,777,True,0.038820235886562415,0.038820235886562415,0.459211140871048,23.591133004926107,775.0,196,681.0,23.0,0.033773861967694566,0.1975369458128079,True,0.04338394793926247,0.015625,0.0,,,64,person,0.05,0.5,region_crc,mask2former_swinb_cityscapes,acdc_night_targetcal100,51
,,,0.9999712921941798,757,True,0.04421796315928969,0.044217963159289685,0.4119855761528015,25.58128078817734,750.0,196,681.0,29.0,0.042584434654919234,0.18428571428571433,True,0.05422993492407809,0.020833333333333332,0.0,,,64,person,0.05,0.5,heuristic,mask2former_swinb_cityscapes,acdc_night_targetcal100,51
,,,,-1,True,,0.5634969480632747,0.005332527682185173,,,406,,,0.5506607929515418,,False,,,,,,64,person,0.05,0.5,argmax,mask2former_swinb_cityscapes,acdc_night_targetcal100,51
,,,0.9999514711499838,719,True,0.06332355994345791,0.0633235599434579,0.3347432315349579,28.41625615763547,700.0,196,681.0,43.0,0.0631424375917768,0.17009852216748766,False,0.0824295010845987,0.026041666666666668,0.0,,,64,person,0.1,0.5,region_crc,mask2former_swinb_cityscapes,acdc_night_targetcal100,51
,,,0.9999435063025188,708,True,0.0710790485025179,0.0710790485025179,0.31606340408325195,28.41625615763547,700.0,196,681.0,48.0,0.07048458149779736,0.17837438423645324,False,0.09327548806941431,0.026041666666666668,0.0,,,64,person,0.1,0.5,heuristic,mask2former_swinb_cityscapes,acdc_night_targetcal100,51
,,,,-1,True,,0.5634969480632747,0.005332527682185173,,,406,,,0.5506607929515418,,False,,,,,,64,person,0.1,0.5,argmax,mask2former_swinb_cityscapes,acdc_night_targetcal100,51
,,,0.9991409864784946,511,True,0.18884720013546544,0.18884720013546544,0.08517012745141983,19.889162561576356,500.0,196,681.0,125.0,0.18355359765051396,0.10177339901477833,False,0.24945770065075923,0.052083333333333336,0.0,,,64,person,0.2,0.5,region_crc,mask2former_swinb_cityscapes,acdc_night_targetcal100,51
,,,0.9990537628386342,504,True,0.1900995192449274,0.19009951924492738,0.08102744817733765,19.889162561576356,500.0,196,681.0,127.0,0.18649045521292218,0.09655172413793112,False,0.25379609544468545,0.052083333333333336,0.0,,,64,person,0.2,0.5,heuristic,mask2former_swinb_cityscapes,acdc_night_targetcal100,51
,,,,-1,True,,0.5634969480632747,0.005332527682185173,,,406,,,0.5506607929515418,,False,,,,,,64,person,0.2,0.5,argmax,mask2former_swinb_cityscapes,acdc_night_targetcal100,51
,,,0.9999045007413978,670,True,0.12044817927170867,0.12044817927170867,0.14142251014709473,23.076354679802957,650.0,119,162.0,19.0,0.11728395061728394,0.13088669950738918,False,0.1532258064516129,0.0,0.0,,,64,rider,0.05,0.1,region_crc,mask2former_swinb_cityscapes,acdc_night_targetcal100,27
,,,0.9998903521803857,660,True,0.12885154061624648,0.12885154061624648,0.13287007808685303,23.076354679802957,650.0,119,162.0,21.0,0.12962962962962962,0.13103448275862073,False,0.1693548387096774,0.0,0.0,,,64,rider,0.05,0.1,heuristic,mask2former_swinb_cityscapes,acdc_night_targetcal100,27
,,,,-1,True,,0.7787114845938374,0.00036398586235009134,,,406,,,0.7962962962962963,,False,,,,,,64,rider,0.05,0.1,argmax,mask2former_swinb_cityscapes,acdc_night_targetcal100,27
,,,0.9998903521803857,660,True,0.12885154061624648,0.12885154061624648,0.13287007808685303,23.076354679802957,650.0,119,162.0,21.0,0.12962962962962962,0.13103448275862073,False,0.1693548387096774,0.0,0.0,,,64,rider,0.1,0.1,region_crc,mask2former_swinb_cityscapes,acdc_night_targetcal100,27
,,,0.9998872802543824,658,True,0.12885154061624648,0.12885154061624648,0.13083277642726898,23.076354679802957,650.0,119,162.0,21.0,0.12962962962962962,0.1329064039408867,False,0.1693548387096774,0.0,0.0,,,64,rider,0.1,0.1,heuristic,mask2former_swinb_cityscapes,acdc_night_targetcal100,27
,,,,-1,True,,0.7787114845938374,0.00036398586235009134,,,406,,,0.7962962962962963,,False,,,,,,64,rider,0.1,0.1,argmax,mask2former_swinb_cityscapes,acdc_night_targetcal100,27
,,,0.9995982091891511,566,True,0.19607843137254902,0.19607843137254902,0.06678352504968643,15.736453201970443,550.0,119,162.0,30.0,0.18518518518518517,0.08911330049261085,False,0.22580645161290322,0.0625,0.0,,,64,rider,0.2,0.1,region_crc,mask2former_swinb_cityscapes,acdc_night_targetcal100,27
,,,0.9993918649987212,536,True,0.2198879551820728,0.21988795518207285,0.0533747598528862,14.251231527093596,525.0,119,162.0,34.0,0.20987654320987653,0.08064039408866994,False,0.25,0.09375,0.0,,,64,rider,0.2,0.1,heuristic,mask2former_swinb_cityscapes,acdc_night_targetcal100,27
,,,,-1,True,,0.7787114845938374,0.00036398586235009134,,,406,,,0.7962962962962963,,False,,,,,,64,rider,0.2,0.1,argmax,mask2former_swinb_cityscapes,acdc_night_targetcal100,27
,,,0.9999935434577096,865,True,0.03221288515406162,0.03221288515406162,0.4966072142124176,21.591133004926107,850.0,119,162.0,5.0,0.030864197530864196,0.18827586206896552,True,0.04032258064516129,0.0,0.0,,,64,rider,0.05,0.5,region_crc,mask2former_swinb_cityscapes,acdc_night_targetcal100,27
,,,0.9999314511773547,694,True,0.1372549019607843,0.1372549019607843,0.16524504125118256,23.980295566502463,675.0,119,162.0,21.0,0.12962962962962962,0.12753694581280783,False,0.16129032258064516,0.03125,0.0,,,64,rider,0.05,0.5,heuristic,mask2former_swinb_cityscapes,acdc_night_targetcal100,27
,,,,-1,True,,0.8249299719887955,0.00036398586235009134,,,406,,,0.8395061728395061,,False,,,,,,64,rider,0.05,0.5,argmax,mask2former_swinb_cityscapes,acdc_night_targetcal100,27
,,,0.9999314511773547,694,True,0.1372549019607843,0.1372549019607843,0.16524504125118256,23.980295566502463,675.0,119,162.0,21.0,0.12962962962962962,0.12753694581280783,False,0.16129032258064516,0.03125,0.0,,,64,rider,0.1,0.5,region_crc,mask2former_swinb_cityscapes,acdc_night_targetcal100,27
,,,0.9999234403393089,686,True,0.1456582633053221,0.1456582633053221,0.1563444286584854,23.980295566502463,675.0,119,162.0,22.0,0.13580246913580246,0.11768472906403937,False,0.1693548387096774,0.03125,0.0,,,64,rider,0.1,0.5,heuristic,mask2former_swinb_cityscapes,acdc_night_targetcal100,27
,,,,-1,True,,0.8249299719887955,0.00036398586235009134,,,406,,,0.8395061728395061,,False,,,,,,64,rider,0.1,0.5,argmax,mask2former_swinb_cityscapes,acdc_night_targetcal100,27
,,,0.999893340387877,662,True,0.16246498599439774,0.16246498599439774,0.13453420996665955,23.076354679802957,650.0,119,162.0,26.0,0.16049382716049382,0.12536945812807887,False,0.20161290322580644,0.03125,0.0,,,64,rider,0.2,0.5,region_crc,mask2former_swinb_cityscapes,acdc_night_targetcal100,27
,,,0.9997590094571314,603,True,0.22549019607843138,0.2254901960784314,0.08827342838048935,19.56896551724138,600.0,119,162.0,34.0,0.20987654320987653,0.12753694581280783,False,0.24193548387096775,0.125,0.0,,,64,rider,0.2,0.5,heuristic,mask2former_swinb_cityscapes,acdc_night_targetcal100,27
,,,,-1,True,,0.8249299719887955,0.00036398586235009134,,,406,,,0.8395061728395061,,False,,,,,,64,rider,0.2,0.5,argmax,mask2former_swinb_cityscapes,acdc_night_targetcal100,27
,,,0.9999763408030251,771,True,0.04922161172161172,0.04922161172161172,0.2589167356491089,30.041871921182267,750.0,104,253.0,10.0,0.039525691699604744,0.15113300492610843,False,0.06578947368421052,0.0,0.0,,,64,bicycle,0.05,0.1,region_crc,mask2former_swinb_cityscapes,acdc_night_targetcal100,26
,,,0.999974996546383,767,True,0.04922161172161172,0.04922161172161172,0.251788467168808,30.041871921182267,750.0,104,253.0,10.0,0.039525691699604744,0.15128078817733998,False,0.06578947368421052,0.0,0.0,,,64,bicycle,0.05,0.1,heuristic,mask2former_swinb_cityscapes,acdc_night_targetcal100,26
,,,,-1,True,,0.8650831807081807,0.0006459993892349303,,,406,,,0.8181818181818182,,False,,,,,,64,bicycle,0.05,0.1,argmax,mask2former_swinb_cityscapes,acdc_night_targetcal100,26
,,,0.9999621557415282,737,True,0.07536630036630036,0.07536630036630038,0.20555178821086884,29.43349753694581,725.0,104,253.0,19.0,0.07509881422924901,0.15000000000000002,False,0.1118421052631579,0.02564102564102564,0.0,,,64,bicycle,0.1,0.1,region_crc,mask2former_swinb_cityscapes,acdc_night_targetcal100,26
,,,0.9999285503673925,691,True,0.11302655677655678,0.11302655677655678,0.1436532437801361,25.97536945812808,675.0,104,253.0,27.0,0.1067193675889328,0.15359605911330054,False,0.15789473684210525,0.038461538461538464,0.0,,,64,bicycle,0.1,0.1,heuristic,mask2former_swinb_cityscapes,acdc_night_targetcal100,26
,,,,-1,True,,0.8650831807081807,0.0006459993892349303,,,406,,,0.8181818181818182,,False,,,,,,64,bicycle,0.1,0.1,argmax,mask2former_swinb_cityscapes,acdc_night_targetcal100,26
,,,0.998717669417344,482,True,0.39291056166056165,0.39291056166056165,0.021682631224393845,10.258620689655173,475.0,104,253.0,93.0,0.3675889328063241,0.0753201970443349,False,0.5263157894736842,0.14102564102564102,0.08695652173913043,,,64,bicycle,0.2,0.1,region_crc,mask2former_swinb_cityscapes,acdc_night_targetcal100,26
,,,0.9985276874975673,472,True,0.39451312576312575,0.39451312576312575,0.01964394748210907,8.450738916256158,450.0,104,253.0,94.0,0.3715415019762846,0.06330049261083748,False,0.5263157894736842,0.15384615384615385,0.08695652173913043,,,64,bicycle,0.2,0.1,heuristic,mask2former_swinb_cityscapes,acdc_night_targetcal100,26
,,,,-1,True,,0.8650831807081807,0.0006459993892349303,,,406,,,0.8181818181818182,,False,,,,,,64,bicycle,0.2,0.1,argmax,mask2former_swinb_cityscapes,acdc_night_targetcal100,26
,,,0.9999830175634754,795,True,0.07566391941391941,0.07566391941391941,0.3039785623550415,29.5935960591133,775.0,104,253.0,17.0,0.06719367588932806,0.11157635467980298,False,0.09210526315789473,0.038461538461538464,0.0,,,64,bicycle,0.05,0.5,region_crc,mask2former_swinb_cityscapes,acdc_night_targetcal100,26
,,,0.9999799552797264,783,True,0.08527930402930403,0.08527930402930403,0.28151974081993103,29.5935960591133,775.0,104,253.0,18.0,0.07114624505928854,0.11837438423645319,False,0.09868421052631579,0.038461538461538464,0.0,,,64,bicycle,0.05,0.5,heuristic,mask2former_swinb_cityscapes,acdc_night_targetcal100,26
,,,,-1,True,,0.8987065018315019,0.0006459993892349303,,,406,,,0.8656126482213439,,False,,,,,,64,bicycle,0.05,0.5,argmax,mask2former_swinb_cityscapes,acdc_night_targetcal100,26
,,,0.9999799552797264,783,True,0.08527930402930403,0.08527930402930403,0.28151974081993103,29.5935960591133,775.0,104,253.0,18.0,0.07114624505928854,0.11837438423645319,False,0.09868421052631579,0.038461538461538464,0.0,,,64,bicycle,0.1,0.5,region_crc,mask2former_swinb_cityscapes,acdc_night_targetcal100,26
,,,0.9999779199526698,776,True,0.09306318681318682,0.09306318681318682,0.26793885231018066,29.5935960591133,775.0,104,253.0,21.0,0.08300395256916997,0.1372413793103448,False,0.10526315789473684,0.0641025641025641,0.0,,,64,bicycle,0.1,0.5,heuristic,mask2former_swinb_cityscapes,acdc_night_targetcal100,26
,,,,-1,True,,0.8987065018315019,0.0006459993892349303,,,406,,,0.8656126482213439,,False,,,,,,64,bicycle,0.1,0.5,argmax,mask2former_swinb_cityscapes,acdc_night_targetcal100,26
,,,0.9996091591042076,568,True,0.36075244200244205,0.360752442002442,0.04961017891764641,15.980295566502463,550.0,104,253.0,87.0,0.3438735177865613,0.056453201970443456,False,0.45394736842105265,0.19230769230769232,0.13043478260869565,,,64,bicycle,0.2,0.5,region_crc,mask2former_swinb_cityscapes,acdc_night_targetcal100,26
,,,0.9992201698894767,518,True,0.4445131257631258,0.4445131257631258,0.030961493030190468,12.204433497536947,500.0,104,253.0,106.0,0.4189723320158103,0.049261083743842415,False,0.5592105263157895,0.23076923076923078,0.13043478260869565,,,64,bicycle,0.2,0.5,heuristic,mask2former_swinb_cityscapes,acdc_night_targetcal100,26
,,,,-1,True,,0.8987065018315019,0.0006459993892349303,,,406,,,0.8656126482213439,,False,,,,,,64,bicycle,0.2,0.5,argmax,mask2former_swinb_cityscapes,acdc_night_targetcal100,26
,,,0.9999411156344644,705,True,0.049348451886522954,0.04934845188652295,0.2961443364620209,28.32758620689655,700.0,197,654.0,27.0,0.04128440366972477,0.08886699507389162,False,0.05869074492099323,0.005405405405405406,0.0,,,65,person,0.05,0.1,region_crc,mask2former_swinb_cityscapes,acdc_night_targetcal100,50
,,,0.9999108749061866,675,True,0.062184938580877674,0.06218493858087766,0.24342790246009827,28.554187192118228,675.0,197,654.0,38.0,0.0581039755351682,0.10103448275862059,False,0.07900677200902935,0.016216216216216217,0.0,,,65,person,0.05,0.1,heuristic,mask2former_swinb_cityscapes,acdc_night_targetcal100,50
,,,,-1,True,,0.5184719257054282,0.004925873596221209,,,406,,,0.4984709480122324,,False,,,,,,65,person,0.05,0.1,argmax,mask2former_swinb_cityscapes,acdc_night_targetcal100,50
,,,0.9996402506648443,574,True,0.11045278748324433,0.11045278748324434,0.12294372916221619,23.261083743842363,550.0,197,654.0,72.0,0.11009174311926606,0.12975369458128083,False,0.15349887133182843,0.021621621621621623,0.0,,,65,person,0.1,0.1,region_crc,mask2former_swinb_cityscapes,acdc_night_targetcal100,50
,,,0.9995322648587128,555,True,0.12394686531742369,0.12394686531742367,0.10786044597625732,23.261083743842363,550.0,197,654.0,83.0,0.12691131498470948,0.13206896551724145,False,0.17832957110609482,0.021621621621621623,0.0,,,65,person,0.1,0.1,heuristic,mask2former_swinb_cityscapes,acdc_night_targetcal100,50
,,,,-1,True,,0.5184719257054282,0.004925873596221209,,,406,,,0.4984709480122324,,False,,,,,,65,person,0.1,0.1,argmax,mask2former_swinb_cityscapes,acdc_night_targetcal100,50
,,,0.9978620379104978,445,True,0.18558040943827747,0.18558040943827744,0.052157171070575714,14.201970443349754,425.0,197,654.0,126.0,0.1926605504587156,0.0868965517241379,False,0.2708803611738149,0.032432432432432434,0.0,,,65,person,0.2,0.1,region_crc,mask2former_swinb_cityscapes,acdc_night_targetcal100,50
,,,0.9975111426817176,434,True,0.19308181947775857,0.19308181947775857,0.04855088144540787,14.201970443349754,425.0,197,654.0,132.0,0.2018348623853211,0.08561576354679801,False,0.28216704288939054,0.03783783783783784,0.0,,,65,person,0.2,0.1,heuristic,mask2former_swinb_cityscapes,acdc_night_targetcal100,50
,,,,-1,True,,0.5184719257054282,0.004925873596221209,,,406,,,0.4984709480122324,,False,,,,,,65,person,0.2,0.1,argmax,mask2former_swinb_cityscapes,acdc_night_targetcal100,50
,,,0.9999679373067549,749,True,0.05379007625200519,0.05379007625200518,0.3787095248699188,27.645320197044335,725.0,197,654.0,32.0,0.04892966360856269,0.08931034482758615,False,0.0654627539503386,0.016216216216216217,0.0,,,65,person,0.05,0.5,region_crc,mask2former_swinb_cityscapes,acdc_night_targetcal100,50
,,,0.9999527936958736,721,True,0.06814940558595381,0.0681494055859538,0.3238980174064636,28.32758620689655,700.0,197,654.0,42.0,0.06422018348623854,0.09123152709359605,False,0.08577878103837472,0.021621621621621623,0.0,,,65,person,0.05,0.5,heuristic,mask2former_swinb_cityscapes,acdc_night_targetcal100,50
,,,,-1,True,,0.6136556900516291,0.004925873596221209,,,406,,,0.5840978593272171,,False,,,,,,65,person,0.05,0.5,argmax,mask2former_swinb_cityscapes,acdc_night_targetcal100,50
,,,0.9999314511773547,694,True,0.08456226514602148,0.08456226514602151,0.2771202325820923,28.554187192118228,675.0,197,654.0,50.0,0.0764525993883792,0.09467980295566503,False,0.1038374717832957,0.021621621621621623,0.0,,,65,person,0.1,0.5,region_crc,mask2former_swinb_cityscapes,acdc_night_targetcal100,50
,,,0.9996909704567486,585,True,0.15132983204049194,0.15132983204049194,0.13151483237743378,24.38177339901478,575.0,197,654.0,96.0,0.14678899082568808,0.12236453201970443,False,0.20316027088036118,0.032432432432432434,0.0,,,65,person,0.1,0.5,heuristic,mask2former_swinb_cityscapes,acdc_night_targetcal100,50
,,,,-1,True,,0.6136556900516291,0.004925873596221209,,,406,,,0.5840978593272171,,False,,,,,,65,person,0.1,0.5,argmax,mask2former_swinb_cityscapes,acdc_night_targetcal100,50
,,,0.9991643969817687,513,True,0.18484640007482644,0.18484640007482647,0.08016416430473328,19.15270935960591,500.0,197,654.0,123.0,0.18807339449541285,0.11482758620689659,False,0.2595936794582393,0.043243243243243246,0.0,,,65,person,0.2,0.5,region_crc,mask2former_swinb_cityscapes,acdc_night_targetcal100,50
,,,0.9985678121007264,474,True,0.2121656966834632,0.21216569668346316,0.06270480155944824,15.701970443349754,450.0,197,654.0,143.0,0.21865443425076453,0.08438423645320192,False,0.3047404063205418,0.043243243243243246,0.0,,,65,person,0.2,0.5,heuristic,mask2former_swinb_cityscapes,acdc_night_targetcal100,50
,,,,-1,True,,0.6136556900516291,0.004925873596221209,,,406,,,0.5840978593272171,,False,,,,,,65,person,0.2,0.5,argmax,mask2former_swinb_cityscapes,acdc_night_targetcal100,50
,,,0.9999827813142501,794,True,0.04096045197740113,0.040960451977401134,0.31941884756088257,27.14039408866995,775.0,118,157.0,6.0,0.03821656050955414,0.061724137931034484,False,0.05,0.0,0.0,,,65,rider,0.05,0.1,region_crc,mask2former_swinb_cityscapes,acdc_night_targetcal100,28
,,,0.9999651662684964,743,True,0.06214689265536723,0.062146892655367235,0.22183385491371155,26.677339901477833,725.0,118,157.0,9.0,0.05732484076433121,0.07871921182266017,False,0.075,0.0,0.0,,,65,rider,0.05,0.1,heuristic,mask2former_swinb_cityscapes,acdc_night_targetcal100,28
,,,,-1,True,,0.7966101694915254,0.00031072538695298135,,,406,,,0.821656050955414,,False,,,,,,65,rider,0.05,0.1,argmax,mask2former_swinb_cityscapes,acdc_night_targetcal100,28
,,,0.9999651662684964,743,True,0.06214689265536723,0.062146892655367235,0.22183385491371155,26.677339901477833,725.0,118,157.0,9.0,0.05732484076433121,0.07871921182266017,False,0.075,0.0,0.0,,,65,rider,0.1,0.1,region_crc,mask2former_swinb_cityscapes,acdc_night_targetcal100,28
,,,0.9998872802543824,658,True,0.12570621468926552,0.12570621468926554,0.12181105464696884,22.665024630541872,650.0,118,157.0,20.0,0.12738853503184713,0.12285714285714289,False,0.16666666666666666,0.0,0.0,,,65,rider,0.1,0.1,heuristic,mask2former_swinb_cityscapes,acdc_night_targetcal100,28
,,,,-1,True,,0.7966101694915254,0.00031072538695298135,,,406,,,0.821656050955414,,False,,,,,,65,rider,0.1,0.1,argmax,mask2former_swinb_cityscapes,acdc_night_targetcal100,28
,,,0.9997986275750138,616,True,0.15536723163841806,0.1553672316384181,0.09032003581523895,19.236453201970445,600.0,118,157.0,24.0,0.15286624203821655,0.07995073891625615,False,0.19166666666666668,0.03225806451612903,0.0,,,65,rider,0.2,0.1,region_crc,mask2former_swinb_cityscapes,acdc_night_targetcal100,28
,,,0.9992201698894767,518,True,0.24011299435028247,0.2401129943502825,0.044178545475006104,12.253694581280788,500.0,118,157.0,37.0,0.2356687898089172,0.08330049261083744,False,0.275,0.12903225806451613,0.0,,,65,rider,0.2,0.1,heuristic,mask2former_swinb_cityscapes,acdc_night_targetcal100,28
,,,,-1,True,,0.7966101694915254,0.00031072538695298135,,,406,,,0.821656050955414,,False,,,,,,65,rider,0.2,0.1,argmax,mask2former_swinb_cityscapes,acdc_night_targetcal100,28
,,,0.9999863855531753,811,True,0.06638418079096045,0.06638418079096045,0.3567148447036743,26.123152709359605,800.0,118,157.0,10.0,0.06369426751592357,0.04492610837438421,False,0.075,0.03225806451612903,0.0,,,65,rider,0.05,0.5,region_crc,mask2former_swinb_cityscapes,acdc_night_targetcal100,28
,,,0.9999815498458082,789,True,0.0748587570621469,0.0748587570621469,0.3099229037761688,27.14039408866995,775.0,118,157.0,11.0,0.07006369426751592,0.06423645320197036,False,0.08333333333333333,0.03225806451612903,0.0,,,65,rider,0.05,0.5,heuristic,mask2former_swinb_cityscapes,acdc_night_targetcal100,28
,,,,-1,True,,0.8516949152542372,0.00031072538695298135,,,406,,,0.8789808917197452,,False,,,,,,65,rider,0.05,0.5,argmax,mask2former_swinb_cityscapes,acdc_night_targetcal100,28
,,,0.9999815498458082,789,True,0.0748587570621469,0.0748587570621469,0.3099229037761688,27.14039408866995,775.0,118,157.0,11.0,0.07006369426751592,0.06423645320197036,False,0.08333333333333333,0.03225806451612903,0.0,,,65,rider,0.1,0.5,region_crc,mask2former_swinb_cityscapes,acdc_night_targetcal100,28
,,,0.999901825205698,668,True,0.1638418079096045,0.16384180790960454,0.1300039440393448,22.665024630541872,650.0,118,157.0,25.0,0.1592356687898089,0.11793103448275866,False,0.2,0.03225806451612903,0.0,,,65,rider,0.1,0.5,heuristic,mask2former_swinb_cityscapes,acdc_night_targetcal100,28
,,,,-1,True,,0.8516949152542372,0.00031072538695298135,,,406,,,0.8789808917197452,,False,,,,,,65,rider,0.1,0.5,argmax,mask2former_swinb_cityscapes,acdc_night_targetcal100,28
,,,0.999882510244506,655,True,0.17231638418079095,0.17231638418079098,0.1194462776184082,22.665024630541872,650.0,118,157.0,26.0,0.16560509554140126,0.11532019704433494,False,0.20833333333333334,0.03225806451612903,0.0,,,65,rider,0.2,0.5,region_crc,mask2former_swinb_cityscapes,acdc_night_targetcal100,28
,,,0.9996778931208716,582,True,0.24717514124293782,0.24717514124293785,0.07061335444450378,17.33743842364532,575.0,118,157.0,37.0,0.2356687898089172,0.05733990147783252,False,0.25833333333333336,0.1935483870967742,0.0,,,65,rider,0.2,0.5,heuristic,mask2former_swinb_cityscapes,acdc_night_targetcal100,28
,,,,-1,True,,0.8516949152542372,0.00031072538695298135,,,406,,,0.8789808917197452,,False,,,,,,65,rider,0.2,0.5,argmax,mask2former_swinb_cityscapes,acdc_night_targetcal100,28
,,,0.9999837070396737,798,True,0.038718291054739645,0.038718291054739645,0.3034408688545227,29.386699507389164,775.0,107,228.0,6.0,0.02631578947368421,0.07482758620689656,False,0.0410958904109589,0.0,0.0,,,65,bicycle,0.05,0.1,region_crc,mask2former_swinb_cityscapes,acdc_night_targetcal100,23
,,,0.999974996546383,767,True,0.04939919893190921,0.04939919893190921,0.2457752674818039,29.18472906403941,750.0,107,228.0,9.0,0.039473684210526314,0.06857142857142862,False,0.06164383561643835,0.0,0.0,,,65,bicycle,0.05,0.1,heuristic,mask2former_swinb_cityscapes,acdc_night_targetcal100,23
,,,,-1,True,,0.8412550066755673,0.0005032406188547611,,,406,,,0.8333333333333334,,False,,,,,,65,bicycle,0.05,0.1,argmax,mask2former_swinb_cityscapes,acdc_night_targetcal100,23
,,,0.9999735759124267,763,True,0.04939919893190921,0.04939919893190921,0.2393091470003128,29.18472906403941,750.0,107,228.0,9.0,0.039473684210526314,0.08581280788177342,False,0.06164383561643835,0.0,0.0,,,65,bicycle,0.1,0.1,region_crc,mask2former_swinb_cityscapes,acdc_night_targetcal100,23
,,,0.9998493392933814,637,True,0.17271918113039608,0.17271918113039608,0.08776833117008209,21.775862068965516,625.0,107,228.0,38.0,0.16666666666666666,0.06266009852216747,False,0.2465753424657534,0.03125,0.0,,,65,bicycle,0.1,0.1,heuristic,mask2former_swinb_cityscapes,acdc_night_targetcal100,23
,,,,-1,True,,0.8412550066755673,0.0005032406188547611,,,406,,,0.8333333333333334,,False,,,,,,65,bicycle,0.1,0.1,argmax,mask2former_swinb_cityscapes,acdc_night_targetcal100,23
,,,0.9996548562606642,577,True,0.2794837561192701,0.2794837561192702,0.05299811437726021,17.800492610837438,575.0,107,228.0,61.0,0.2675438596491228,0.06827586206896552,False,0.363013698630137,0.09375,0.1111111111111111,,,65,bicycle,0.2,0.1,region_crc,mask2former_swinb_cityscapes,acdc_night_targetcal100,23
,,,0.9996091591042076,568,True,0.2928793947485536,0.2928793947485536,0.04897824302315712,15.600985221674877,550.0,107,228.0,67.0,0.29385964912280704,0.07044334975369454,False,0.3972602739726027,0.109375,0.1111111111111111,,,65,bicycle,0.2,0.1,heuristic,mask2former_swinb_cityscapes,acdc_night_targetcal100,23
,,,,-1,True,,0.8412550066755673,0.0005032406188547611,,,406,,,0.8333333333333334,,False,,,,,,65,bicycle,0.2,0.1,argmax,mask2former_swinb_cityscapes,acdc_night_targetcal100,23
,,,0.999989383044428,829,True,0.05952380952380952,0.05952380952380952,0.36896029114723206,26.564039408866996,825.0,107,228.0,12.0,0.05263157894736842,0.09073891625615765,False,0.0684931506849315,0.03125,0.0,,,65,bicycle,0.05,0.5,region_crc,mask2former_swinb_cityscapes,acdc_night_targetcal100,23
,,,0.9999830175634754,795,True,0.06886960391633289,0.06886960391633289,0.2979342043399811,29.386699507389164,775.0,107,228.0,14.0,0.06140350877192982,0.05960591133004928,False,0.0821917808219178,0.03125,0.0,,,65,bicycle,0.05,0.5,heuristic,mask2former_swinb_cityscapes,acdc_night_targetcal100,23
,,,,-1,True,,0.8978193146417445,0.0005032406188547611,,,406,,,0.8903508771929824,,False,,,,,,65,bicycle,0.05,0.5,argmax,mask2former_swinb_cityscapes,acdc_night_targetcal100,23
,,,0.9999830175634754,795,True,0.06886960391633289,0.06886960391633289,0.2979342043399811,29.386699507389164,775.0,107,228.0,14.0,0.06140350877192982,0.05960591133004928,False,0.0821917808219178,0.03125,0.0,,,65,bicycle,0.1,0.5,region_crc,mask2former_swinb_cityscapes,acdc_night_targetcal100,23
,,,0.9999045007413978,670,True,0.20954606141522028,0.20954606141522028,0.11619683355093002,24.032019704433498,650.0,107,228.0,44.0,0.19298245614035087,0.09625615763546796,False,0.2602739726027397,0.078125,0.05555555555555555,,,65,bicycle,0.1,0.5,heuristic,mask2former_swinb_cityscapes,acdc_night_targetcal100,23
,,,,-1,True,,0.8978193146417445,0.0005032406188547611,,,406,,,0.8903508771929824,,False,,,,,,65,bicycle,0.1,0.5,argmax,mask2former_swinb_cityscapes,acdc_night_targetcal100,23
,,,0.9998472433941762,636,True,0.2545838896306186,0.2545838896306186,0.08695349097251892,21.775862068965516,625.0,107,228.0,54.0,0.23684210526315788,0.06512315270935959,False,0.3219178082191781,0.09375,0.05555555555555555,,,65,bicycle,0.2,0.5,region_crc,mask2former_swinb_cityscapes,acdc_night_targetcal100,23
,,,0.9997233058354589,593,True,0.30798842901646645,0.3079884290164664,0.060185354202985764,17.800492610837438,575.0,107,228.0,70.0,0.30701754385964913,0.06871921182266005,False,0.3972602739726027,0.15625,0.1111111111111111,,,65,bicycle,0.2,0.5,heuristic,mask2former_swinb_cityscapes,acdc_night_targetcal100,23
,,,,-1,True,,0.8978193146417445,0.0005032406188547611,,,406,,,0.8903508771929824,,False,,,,,,65,bicycle,0.2,0.5,argmax,mask2former_swinb_cityscapes,acdc_night_targetcal100,23
,,,0.9999812931785963,788,True,0.015728715728715727,0.015728715728715727,0.46538975834846497,23.625615763546797,775.0,195,678.0,8.0,0.011799410029498525,0.14541871921182267,False,0.017057569296375266,0.0,0.0,,,66,person,0.05,0.1,region_crc,mask2former_swinb_cityscapes,acdc_night_targetcal100,52
,,,0.9999265486131843,689,True,0.05158147408147407,0.05158147408147408,0.27119919657707214,28.586206896551722,675.0,195,678.0,33.0,0.048672566371681415,0.15423645320197046,False,0.06609808102345416,0.010810810810810811,0.0,,,66,person,0.05,0.1,heuristic,mask2former_swinb_cityscapes,acdc_night_targetcal100,52
,,,,-1,True,,0.5085205535205535,0.0052741700783371925,,,406,,,0.4911504424778761,,False,,,,,,66,person,0.05,0.1,argmax,mask2former_swinb_cityscapes,acdc_night_targetcal100,52
,,,0.9997958262055331,615,True,0.08179154179154179,0.08179154179154179,0.16423669457435608,26.411330049261085,600.0,195,678.0,57.0,0.084070796460177,0.12364532019704433,False,0.11300639658848614,0.021621621621621623,0.0,,,66,person,0.1,0.1,region_crc,mask2former_swinb_cityscapes,acdc_night_targetcal100,52
,,,0.9997453169747414,599,True,0.08670607170607171,0.08670607170607171,0.14802829921245575,24.608374384236452,575.0,195,678.0,61.0,0.08997050147492626,0.1333497536945813,False,0.12153518123667377,0.021621621621621623,0.0,,,66,person,0.1,0.1,heuristic,mask2former_swinb_cityscapes,acdc_night_targetcal100,52
,,,,-1,True,,0.5085205535205535,0.0052741700783371925,,,406,,,0.4911504424778761,,False,,,,,,66,person,0.1,0.1,argmax,mask2former_swinb_cityscapes,acdc_night_targetcal100,52
,,,0.992483771059818,354,True,0.25570374781913247,0.2557037478191324,0.03044430911540985,10.231527093596059,350.0,195,678.0,170.0,0.25073746312684364,0.06921182266009851,False,0.34541577825159914,0.043243243243243246,0.0,,,66,person,0.2,0.1,region_crc,mask2former_swinb_cityscapes,acdc_night_targetcal100,52
,,,0.9908798916064409,340,True,0.2709601580755427,0.2709601580755427,0.027482517063617706,8.950738916256158,325.0,195,678.0,179.0,0.2640117994100295,0.07965517241379316,False,0.3646055437100213,0.043243243243243246,0.0,,,66,person,0.2,0.1,heuristic,mask2former_swinb_cityscapes,acdc_night_targetcal100,52
,,,,-1,True,,0.5085205535205535,0.0052741700783371925,,,406,,,0.4911504424778761,,False,,,,,,66,person,0.2,0.1,argmax,mask2former_swinb_cityscapes,acdc_night_targetcal100,52
,,,0.9999899538420972,833,True,0.01466033966033966,0.014660339660339658,0.5516754388809204,19.22906403940887,825.0,195,678.0,11.0,0.016224188790560472,0.15251231527093595,False,0.021321961620469083,0.005405405405405406,0.0,,,66,person,0.05,0.5,region_crc,mask2former_swinb_cityscapes,acdc_night_targetcal100,52
,,,0.9999621557415282,737,True,0.05924658674658674,0.05924658674658674,0.3550702929496765,27.366995073891626,725.0,195,678.0,41.0,0.06047197640117994,0.1555665024630542,False,0.08102345415778252,0.016216216216216217,0.0,,,66,person,0.05,0.5,heuristic,mask2former_swinb_cityscapes,acdc_night_targetcal100,52
,,,,-1,True,,0.5866378066378066,0.0052741700783371925,,,406,,,0.5722713864306784,,False,,,,,,66,person,0.05,0.5,argmax,mask2former_swinb_cityscapes,acdc_night_targetcal100,52
,,,0.9998669545582022,646,True,0.11063381063381063,0.11063381063381063,0.20239001512527466,27.86945812807882,625.0,195,678.0,71.0,0.10471976401179942,0.13684729064039408,False,0.14285714285714285,0.021621621621621623,0.0,,,66,person,0.1,0.5,region_crc,mask2former_swinb_cityscapes,acdc_night_targetcal100,52
,,,0.9998013905082642,617,True,0.13409534909534906,0.13409534909534906,0.16671651601791382,26.411330049261085,600.0,195,678.0,85.0,0.12536873156342182,0.11379310344827587,False,0.17270788912579957,0.021621621621621623,0.0,,,66,person,0.1,0.5,heuristic,mask2former_swinb_cityscapes,acdc_night_targetcal100,52
,,,,-1,True,,0.5866378066378066,0.0052741700783371925,,,406,,,0.5722713864306784,,False,,,,,,66,person,0.1,0.5,argmax,mask2former_swinb_cityscapes,acdc_night_targetcal100,52
,,,0.998507205590421,471,True,0.2240445523137831,0.2240445523137831,0.06558220833539963,15.736453201970443,450.0,195,678.0,151.0,0.22271386430678466,0.0845812807881774,False,0.3070362473347548,0.03783783783783784,0.0,,,66,person,0.2,0.5,region_crc,mask2former_swinb_cityscapes,acdc_night_targetcal100,52
,,,0.997740564229779,441,True,0.24557818961665112,0.24557818961665115,0.055036142468452454,14.283251231527094,425.0,195,678.0,169.0,0.24926253687315633,0.08167487684729069,False,0.3411513859275053,0.04864864864864865,0.0,,,66,person,0.2,0.5,heuristic,mask2former_swinb_cityscapes,acdc_night_targetcal100,52
,,,,-1,True,,0.5866378066378066,0.0052741700783371925,,,406,,,0.5722713864306784,,False,,,,,,66,person,0.2,0.5,argmax,mask2former_swinb_cityscapes,acdc_night_targetcal100,52
,,,0.9999605542697925,734,True,0.07563025210084033,0.07563025210084033,0.21080422401428223,26.386699507389164,725.0,119,150.0,10.0,0.06666666666666667,0.12059113300492608,False,0.08620689655172414,0.0,0.0,,,66,rider,0.05,0.1,region_crc,mask2former_swinb_cityscapes,acdc_night_targetcal100,27
,,,0.9998171899783858,623,True,0.16806722689075632,0.16806722689075632,0.09626283496618271,19.211822660098523,600.0,119,150.0,25.0,0.16666666666666666,0.061921182266009844,False,0.20689655172413793,0.037037037037037035,0.0,,,66,rider,0.05,0.1,heuristic,mask2former_swinb_cityscapes,acdc_night_targetcal100,27
,,,,-1,True,,0.7773109243697479,0.0003563410718925297,,,406,,,0.7866666666666666,,False,,,,,,66,rider,0.05,0.1,argmax,mask2former_swinb_cityscapes,acdc_night_targetcal100,27
,,,0.9998171899783858,623,True,0.16806722689075632,0.16806722689075632,0.09626283496618271,19.211822660098523,600.0,119,150.0,25.0,0.16666666666666666,0.061921182266009844,False,0.20689655172413793,0.037037037037037035,0.0,,,66,rider,0.1,0.1,region_crc,mask2former_swinb_cityscapes,acdc_night_targetcal100,27
,,,0.9995982091891511,566,True,0.21008403361344538,0.21008403361344538,0.0649271234869957,15.44088669950739,550.0,119,150.0,30.0,0.2,0.05369458128078808,False,0.2413793103448276,0.07407407407407407,0.0,,,66,rider,0.1,0.1,heuristic,mask2former_swinb_cityscapes,acdc_night_targetcal100,27
,,,,-1,True,,0.7773109243697479,0.0003563410718925297,,,406,,,0.7866666666666666,,False,,,,,,66,rider,0.1,0.1,argmax,mask2former_swinb_cityscapes,acdc_night_targetcal100,27
,,,0.999175861884987,514,True,0.25210084033613445,0.25210084033613445,0.044418852776288986,12.160098522167488,500.0,119,150.0,38.0,0.25333333333333335,0.06891625615763547,False,0.29310344827586204,0.14814814814814814,0.0,,,66,rider,0.2,0.1,region_crc,mask2former_swinb_cityscapes,acdc_night_targetcal100,27
,,,0.9990795504282468,506,True,0.2549019607843137,0.2549019607843137,0.04181687906384468,12.160098522167488,500.0,119,150.0,39.0,0.26,0.07615763546798032,False,0.3017241379310345,0.14814814814814814,0.0,,,66,rider,0.2,0.1,heuristic,mask2former_swinb_cityscapes,acdc_night_targetcal100,27
,,,,-1,True,,0.7773109243697479,0.0003563410718925297,,,406,,,0.7866666666666666,,False,,,,,,66,rider,0.2,0.1,argmax,mask2former_swinb_cityscapes,acdc_night_targetcal100,27
,,,0.999971686080042,758,True,0.09663865546218488,0.09663865546218488,0.2511902153491974,27.20689655172414,750.0,119,150.0,13.0,0.08666666666666667,0.13645320197044333,False,0.10344827586206896,0.037037037037037035,0.0,,,66,rider,0.05,0.5,region_crc,mask2former_swinb_cityscapes,acdc_night_targetcal100,27
,,,0.999859395247587,642,True,0.20168067226890757,0.20168067226890757,0.11089517921209335,20.788177339901477,625.0,119,150.0,29.0,0.19333333333333333,0.11261083743842365,False,0.23275862068965517,0.07407407407407407,0.0,,,66,rider,0.05,0.5,heuristic,mask2former_swinb_cityscapes,acdc_night_targetcal100,27
,,,,-1,True,,0.8319327731092437,0.0003563410718925297,,,406,,,0.8466666666666667,,False,,,,,,66,rider,0.05,0.5,argmax,mask2former_swinb_cityscapes,acdc_night_targetcal100,27
,,,0.999859395247587,642,True,0.20168067226890757,0.20168067226890757,0.11089517921209335,20.788177339901477,625.0,119,150.0,29.0,0.19333333333333333,0.11261083743842365,False,0.23275862068965517,0.07407407407407407,0.0,,,66,rider,0.1,0.5,region_crc,mask2former_swinb_cityscapes,acdc_night_targetcal100,27
,,,0.9998534452159044,639,True,0.20168067226890757,0.20168067226890757,0.10881635546684265,20.788177339901477,625.0,119,150.0,29.0,0.19333333333333333,0.10768472906403942,False,0.23275862068965517,0.07407407407407407,0.0,,,66,rider,0.1,0.5,heuristic,mask2former_swinb_cityscapes,acdc_night_targetcal100,27
,,,,-1,True,,0.8319327731092437,0.0003563410718925297,,,406,,,0.8466666666666667,,False,,,,,,66,rider,0.1,0.5,argmax,mask2former_swinb_cityscapes,acdc_night_targetcal100,27
,,,0.9997308465196073,595,True,0.23809523809523808,0.23809523809523808,0.07954906672239304,17.357142857142858,575.0,119,150.0,35.0,0.23333333333333334,0.059211822660098556,False,0.25862068965517243,0.18518518518518517,0.0,,,66,rider,0.2,0.5,region_crc,mask2former_swinb_cityscapes,acdc_night_targetcal100,27
,,,0.9994165548957262,539,True,0.28291316526610644,0.2829131652661065,0.053847458213567734,13.844827586206897,525.0,119,150.0,43.0,0.2866666666666667,0.06832512315270944,False,0.3103448275862069,0.25925925925925924,0.0,,,66,rider,0.2,0.5,heuristic,mask2former_swinb_cityscapes,acdc_night_targetcal100,27
,,,,-1,True,,0.8319327731092437,0.0003563410718925297,,,406,,,0.8466666666666667,,False,,,,,,66,rider,0.2,0.5,argmax,mask2former_swinb_cityscapes,acdc_night_targetcal100,27
,,,0.9999763408030251,771,True,0.046536796536796536,0.046536796536796536,0.25550350546836853,29.386699507389164,750.0,110,245.0,10.0,0.04081632653061224,0.049064039408867,False,0.06944444444444445,0.0,0.0,,,66,bicycle,0.05,0.1,region_crc,mask2former_swinb_cityscapes,acdc_night_targetcal100,20
,,,0.9999419235582478,706,True,0.1098917748917749,0.1098917748917749,0.1582312434911728,27.554187192118228,700.0,110,245.0,26.0,0.10612244897959183,0.05935960591133005,False,0.1527777777777778,0.05263157894736842,0.0,,,66,bicycle,0.05,0.1,heuristic,mask2former_swinb_cityscapes,acdc_night_targetcal100,20
,,,,-1,True,,0.8140584415584413,0.0006420380086638033,,,406,,,0.7959183673469388,,False,,,,,,66,bicycle,0.05,0.1,argmax,mask2former_swinb_cityscapes,acdc_night_targetcal100,20
,,,0.9999419235582478,706,True,0.1098917748917749,0.1098917748917749,0.1582312434911728,27.554187192118228,700.0,110,245.0,26.0,0.10612244897959183,0.05935960591133005,False,0.1527777777777778,0.05263157894736842,0.0,,,66,bicycle,0.1,0.1,region_crc,mask2former_swinb_cityscapes,acdc_night_targetcal100,20
,,,0.999885712166521,657,True,0.14906926406926405,0.14906926406926405,0.10697799921035767,24.15270935960591,650.0,110,245.0,34.0,0.13877551020408163,0.048325123152709426,False,0.2013888888888889,0.06578947368421052,0.0,,,66,bicycle,0.1,0.1,heuristic,mask2former_swinb_cityscapes,acdc_night_targetcal100,20
,,,,-1,True,,0.8140584415584413,0.0006420380086638033,,,406,,,0.7959183673469388,,False,,,,,,66,bicycle,0.1,0.1,argmax,mask2former_swinb_cityscapes,acdc_night_targetcal100,20
,,,0.9998451183381087,635,True,0.18272727272727274,0.1827272727272727,0.08842658251523972,21.8128078817734,625.0,110,245.0,41.0,0.1673469387755102,0.0579310344827586,False,0.25,0.06578947368421052,0.0,,,66,bicycle,0.2,0.1,region_crc,mask2former_swinb_cityscapes,acdc_night_targetcal100,20
,,,0.9996352460530744,573,True,0.2789177489177489,0.2789177489177489,0.05379973724484444,15.647783251231527,550.0,110,245.0,64.0,0.2612244897959184,0.05807881773399015,False,0.375,0.10526315789473684,0.08,,,66,bicycle,0.2,0.1,heuristic,mask2former_swinb_cityscapes,acdc_night_targetcal100,20
,,,,-1,True,,0.8140584415584413,0.0006420380086638033,,,406,,,0.7959183673469388,,False,,,,,,66,bicycle,0.2,0.1,argmax,mask2former_swinb_cityscapes,acdc_night_targetcal100,20
,,,0.9999952356901319,887,True,0.024025974025974027,0.024025974025974027,0.5128609538078308,22.27093596059113,875.0,110,245.0,4.0,0.0163265306122449,0.09640394088669951,False,0.027777777777777776,0.0,0.0,,,66,bicycle,0.05,0.5,region_crc,mask2former_swinb_cityscapes,acdc_night_targetcal100,20
,,,0.9999782229022764,777,True,0.09707792207792208,0.09707792207792208,0.265665739774704,29.041871921182267,775.0,110,245.0,22.0,0.08979591836734693,0.046600985221674884,False,0.11805555555555555,0.06578947368421052,0.0,,,66,bicycle,0.05,0.5,heuristic,mask2former_swinb_cityscapes,acdc_night_targetcal100,20
,,,,-1,True,,0.875443722943723,0.0006420380086638033,,,406,,,0.8612244897959184,,False,,,,,,66,bicycle,0.05,0.5,argmax,mask2former_swinb_cityscapes,acdc_night_targetcal100,20
,,,0.9999782229022764,777,True,0.09707792207792208,0.09707792207792208,0.265665739774704,29.041871921182267,775.0,110,245.0,22.0,0.08979591836734693,0.046600985221674884,False,0.11805555555555555,0.06578947368421052,0.0,,,66,bicycle,0.1,0.5,region_crc,mask2former_swinb_cityscapes,acdc_night_targetcal100,20
,,,0.9999605542697925,734,True,0.1629220779220779,0.1629220779220779,0.19784042239189148,28.807881773399014,725.0,110,245.0,33.0,0.1346938775510204,0.0730541871921182,False,0.19444444444444445,0.06578947368421052,0.0,,,66,bicycle,0.1,0.5,heuristic,mask2former_swinb_cityscapes,acdc_night_targetcal100,20
,,,,-1,True,,0.875443722943723,0.0006420380086638033,,,406,,,0.8612244897959184,,False,,,,,,66,bicycle,0.1,0.5,argmax,mask2former_swinb_cityscapes,acdc_night_targetcal100,20
,,,0.9998948038126176,663,True,0.2155194805194805,0.21551948051948053,0.1121918335556984,24.15270935960591,650.0,110,245.0,48.0,0.19591836734693877,0.05113300492610837,False,0.2777777777777778,0.09210526315789473,0.04,,,66,bicycle,0.2,0.5,region_crc,mask2former_swinb_cityscapes,acdc_night_targetcal100,20
,,,0.9997417739809366,598,True,0.2933116883116883,0.2933116883116883,0.06579267233610153,17.94334975369458,575.0,110,245.0,72.0,0.2938775510204082,0.061576354679802936,False,0.3958333333333333,0.15789473684210525,0.12,,,66,bicycle,0.2,0.5,heuristic,mask2former_swinb_cityscapes,acdc_night_targetcal100,20
,,,,-1,True,,0.875443722943723,0.0006420380086638033,,,406,,,0.8612244897959184,,False,,,,,,66,bicycle,0.2,0.5,argmax,mask2former_swinb_cityscapes,acdc_night_targetcal100,20
,,,0.9999465435640603,712,True,0.04678619647679054,0.04678619647679054,0.3075833022594452,27.911330049261085,700.0,202,673.0,27.0,0.04011887072808321,0.1476847290640394,False,0.05543237250554324,0.01020408163265306,0.0,,,67,person,0.05,0.1,region_crc,mask2former_swinb_cityscapes,acdc_night_targetcal100,45
,,,0.9999377699714831,701,True,0.04823009086622948,0.04823009086622948,0.28984948992729187,27.911330049261085,700.0,202,673.0,29.0,0.04309063893016345,0.14522167487684728,False,0.0598669623059867,0.01020408163265306,0.0,,,67,person,0.05,0.1,heuristic,mask2former_swinb_cityscapes,acdc_night_targetcal100,45
,,,,-1,True,,0.4753038215909503,0.005176679231226444,,,406,,,0.4769687964338782,,False,,,,,,67,person,0.05,0.1,argmax,mask2former_swinb_cityscapes,acdc_night_targetcal100,45
,,,0.9999004594582649,667,True,0.06349411726886975,0.06349411726886975,0.2329496145248413,28.598522167487683,650.0,202,673.0,38.0,0.05646359583952452,0.11162561576354679,False,0.07538802660753881,0.02040816326530612,0.0,,,67,person,0.1,0.1,region_crc,mask2former_swinb_cityscapes,acdc_night_targetcal100,45
,,,0.9998270183640785,627,True,0.07069885559984569,0.0706988555998457,0.1776755154132843,27.926108374384235,625.0,202,673.0,47.0,0.06983655274888559,0.1051231527093596,False,0.09312638580931264,0.025510204081632654,0.0,,,67,person,0.1,0.1,heuristic,mask2former_swinb_cityscapes,acdc_night_targetcal100,45
,,,,-1,True,,0.4753038215909503,0.005176679231226444,,,406,,,0.4769687964338782,,False,,,,,,67,person,0.1,0.1,argmax,mask2former_swinb_cityscapes,acdc_night_targetcal100,45
,,,0.9991409864784946,511,True,0.13790411321351914,0.13790411321351914,0.0862511619925499,19.519704433497537,500.0,202,673.0,92.0,0.13670133729569092,0.13453201970443351,False,0.19290465631929046,0.025510204081632654,0.0,,,67,person,0.2,0.1,region_crc,mask2former_swinb_cityscapes,acdc_night_targetcal100,45
,,,0.9988831367522194,492,True,0.14860768357055487,0.14860768357055487,0.07577287405729294,17.322660098522167,475.0,202,673.0,99.0,0.14710252600297177,0.14118226600985223,False,0.20620842572062084,0.030612244897959183,0.0,,,67,person,0.2,0.1,heuristic,mask2former_swinb_cityscapes,acdc_night_targetcal100,45
,,,,-1,True,,0.4753038215909503,0.005176679231226444,,,406,,,0.4769687964338782,,False,,,,,,67,person,0.2,0.1,argmax,mask2former_swinb_cityscapes,acdc_night_targetcal100,45
,,,0.9999760116708099,770,True,0.04505539839698255,0.045055398396982554,0.4237830340862274,25.482758620689655,750.0,202,673.0,28.0,0.041604754829123326,0.1216256157635468,False,0.05321507760532151,0.02040816326530612,0.0,,,67,person,0.05,0.5,region_crc,mask2former_swinb_cityscapes,acdc_night_targetcal100,45
,,,0.9999527936958736,721,True,0.06700071792893575,0.06700071792893575,0.32378602027893066,27.911330049261085,700.0,202,673.0,43.0,0.0638930163447251,0.15536945812807884,False,0.08425720620842572,0.025510204081632654,0.0,,,67,person,0.05,0.5,heuristic,mask2former_swinb_cityscapes,acdc_night_targetcal100,45
,,,,-1,True,,0.5665151405250416,0.005176679231226444,,,406,,,0.563150074294205,,False,,,,,,67,person,0.05,0.5,argmax,mask2former_swinb_cityscapes,acdc_night_targetcal100,45
,,,0.9999314511773547,694,True,0.08546193905104796,0.08546193905104796,0.2784285843372345,28.211822660098523,675.0,202,673.0,50.0,0.07429420505200594,0.12492610837438423,False,0.09977827050997783,0.025510204081632654,0.0,,,67,person,0.1,0.5,region_crc,mask2former_swinb_cityscapes,acdc_night_targetcal100,45
,,,0.9999004594582649,667,True,0.09301733744803051,0.09301733744803053,0.2329496145248413,28.598522167487683,650.0,202,673.0,58.0,0.0861812778603269,0.11162561576354679,False,0.11751662971175167,0.025510204081632654,0.0,,,67,person,0.1,0.5,heuristic,mask2former_swinb_cityscapes,acdc_night_targetcal100,45
,,,,-1,True,,0.5665151405250416,0.005176679231226444,,,406,,,0.563150074294205,,False,,,,,,67,person,0.1,0.5,argmax,mask2former_swinb_cityscapes,acdc_night_targetcal100,45
,,,0.9997115968496874,590,True,0.1292778384981355,0.1292778384981355,0.14168664813041687,24.458128078817733,575.0,202,673.0,84.0,0.12481426448736999,0.0969950738916256,False,0.17516629711751663,0.025510204081632654,0.0,,,67,person,0.2,0.5,region_crc,mask2former_swinb_cityscapes,acdc_night_targetcal100,45
,,,0.9996866714275684,584,True,0.13477838855314103,0.13477838855314103,0.13676999509334564,24.458128078817733,575.0,202,673.0,86.0,0.1277860326894502,0.07438423645320197,False,0.17738359201773837,0.030612244897959183,0.0,,,67,person,0.2,0.5,heuristic,mask2former_swinb_cityscapes,acdc_night_targetcal100,45
,,,,-1,True,,0.5665151405250416,0.005176679231226444,,,406,,,0.563150074294205,,False,,,,,,67,person,0.2,0.5,argmax,mask2former_swinb_cityscapes,acdc_night_targetcal100,45
,,,0.9999973331413354,929,True,0.0026455026455026454,0.0026455026455026454,0.6196810603141785,13.293103448275861,925.0,126,170.0,1.0,0.0058823529411764705,0.141871921182266,False,0.008,0.0,0.0,,,67,rider,0.05,0.1,region_crc,mask2former_swinb_cityscapes,acdc_night_targetcal100,20
,,,0.9999827813142501,794,True,0.03042328042328042,0.03042328042328042,0.31978002190589905,27.17241379310345,775.0,126,170.0,5.0,0.029411764705882353,0.09507389162561575,False,0.04,0.0,0.0,,,67,rider,0.05,0.1,heuristic,mask2former_swinb_cityscapes,acdc_night_targetcal100,20
,,,,-1,True,,0.7552910052910052,0.0004290876677259803,,,406,,,0.7705882352941177,,False,,,,,,67,rider,0.05,0.1,argmax,mask2former_swinb_cityscapes,acdc_night_targetcal100,20
,,,0.9999827813142501,794,True,0.03042328042328042,0.03042328042328042,0.31978002190589905,27.17241379310345,775.0,126,170.0,5.0,0.029411764705882353,0.09507389162561575,False,0.04,0.0,0.0,,,67,rider,0.1,0.1,region_crc,mask2former_swinb_cityscapes,acdc_night_targetcal100,20
,,,0.9999045007413978,670,True,0.09788359788359788,0.09788359788359788,0.13852593302726746,22.67487684729064,650.0,126,170.0,17.0,0.1,0.07241379310344831,False,0.136,0.0,0.0,,,67,rider,0.1,0.1,heuristic,mask2former_swinb_cityscapes,acdc_night_targetcal100,20
,,,,-1,True,,0.7552910052910052,0.0004290876677259803,,,406,,,0.7705882352941177,,False,,,,,,67,rider,0.1,0.1,argmax,mask2former_swinb_cityscapes,acdc_night_targetcal100,20
,,,0.9998775383800735,652,True,0.12566137566137564,0.12566137566137564,0.12351120263338089,22.67487684729064,650.0,126,170.0,22.0,0.12941176470588237,0.08472906403940883,False,0.176,0.0,0.0,,,67,rider,0.2,0.1,region_crc,mask2former_swinb_cityscapes,acdc_night_targetcal100,20
,,,0.9997986275750138,616,True,0.1455026455026455,0.1455026455026455,0.0955176055431366,19.342364532019705,600.0,126,170.0,25.0,0.14705882352941177,0.06995073891625614,False,0.192,0.027777777777777776,0.0,,,67,rider,0.2,0.1,heuristic,mask2former_swinb_cityscapes,acdc_night_targetcal100,20
,,,,-1,True,,0.7552910052910052,0.0004290876677259803,,,406,,,0.7705882352941177,,False,,,,,,67,rider,0.2,0.1,argmax,mask2former_swinb_cityscapes,acdc_night_targetcal100,20
,,,0.9999984004419714,966,True,0.0026455026455026454,0.0026455026455026454,0.7010523676872253,10.007389162561577,966.0,126,170.0,1.0,0.0058823529411764705,0.12591133004926114,False,0.008,0.0,0.0,,,67,rider,0.05,0.5,region_crc,mask2former_swinb_cityscapes,acdc_night_targetcal100,20
,,,0.9999890855966355,827,True,0.046296296296296294,0.046296296296296294,0.3948543071746826,23.598522167487683,825.0,126,170.0,8.0,0.047058823529411764,0.08467980295566502,False,0.056,0.027777777777777776,0.0,,,67,rider,0.05,0.5,heuristic,mask2former_swinb_cityscapes,acdc_night_targetcal100,20
,,,,-1,True,,0.8148148148148148,0.0004290876677259803,,,406,,,0.8294117647058824,,False,,,,,,67,rider,0.05,0.5,argmax,mask2former_swinb_cityscapes,acdc_night_targetcal100,20
,,,0.9999890855966355,827,True,0.046296296296296294,0.046296296296296294,0.3948543071746826,23.598522167487683,825.0,126,170.0,8.0,0.047058823529411764,0.08467980295566502,False,0.056,0.027777777777777776,0.0,,,67,rider,0.1,0.5,region_crc,mask2former_swinb_cityscapes,acdc_night_targetcal100,20
,,,0.9999314511773547,694,True,0.1216931216931217,0.12169312169312169,0.16105973720550537,23.551724137931036,675.0,126,170.0,20.0,0.11764705882352941,0.10768472906403942,False,0.152,0.027777777777777776,0.0,,,67,rider,0.1,0.5,heuristic,mask2former_swinb_cityscapes,acdc_night_targetcal100,20
,,,,-1,True,,0.8148148148148148,0.0004290876677259803,,,406,,,0.8294117647058824,,False,,,,,,67,rider,0.1,0.5,argmax,mask2former_swinb_cityscapes,acdc_night_targetcal100,20
,,,0.9999234403393089,686,True,0.12962962962962965,0.12962962962962962,0.15307870507240295,23.551724137931036,675.0,126,170.0,21.0,0.12352941176470589,0.09507389162561575,False,0.16,0.027777777777777776,0.0,,,67,rider,0.2,0.5,region_crc,mask2former_swinb_cityscapes,acdc_night_targetcal100,20
,,,0.999882510244506,655,True,0.1613756613756614,0.16137566137566137,0.1262982040643692,22.67487684729064,650.0,126,170.0,27.0,0.1588235294117647,0.08472906403940883,False,0.208,0.027777777777777776,0.0,,,67,rider,0.2,0.5,heuristic,mask2former_swinb_cityscapes,acdc_night_targetcal100,20
,,,,-1,True,,0.8148148148148148,0.0004290876677259803,,,406,,,0.8294117647058824,,False,,,,,,67,rider,0.2,0.5,argmax,mask2former_swinb_cityscapes,acdc_night_targetcal100,20
,,,0.9999974414141131,932,True,0.009433962264150943,0.009433962264150943,0.6211487650871277,15.677339901477833,925.0,106,252.0,1.0,0.003968253968253968,0.12147783251231525,False,0.006896551724137931,0.0,0.0,,,67,bicycle,0.05,0.1,region_crc,mask2former_swinb_cityscapes,acdc_night_targetcal100,24
,,,0.9999898140861194,832,True,0.010781671159029648,0.010781671159029648,0.3748471140861511,26.23152709359606,825.0,106,252.0,2.0,0.007936507936507936,0.10768472906403942,False,0.013793103448275862,0.0,0.0,,,67,bicycle,0.05,0.1,heuristic,mask2former_swinb_cityscapes,acdc_night_targetcal100,24
,,,,-1,True,,0.8178646301287809,0.0006924619665369391,,,406,,,0.8015873015873016,,False,,,,,,67,bicycle,0.05,0.1,argmax,mask2former_swinb_cityscapes,acdc_night_targetcal100,24
,,,0.9999720745615877,759,True,0.049640610961365676,0.04964061096136567,0.233328714966774,29.527093596059114,750.0,106,252.0,11.0,0.04365079365079365,0.06591133004926109,False,0.06896551724137931,0.011764705882352941,0.0,,,67,bicycle,0.1,0.1,region_crc,mask2former_swinb_cityscapes,acdc_night_targetcal100,24
,,,0.9999605542697925,734,True,0.08180592991913746,0.08180592991913746,0.196382537484169,29.142857142857142,725.0,106,252.0,20.0,0.07936507936507936,0.05256157635467984,False,0.11724137931034483,0.03529411764705882,0.0,,,67,bicycle,0.1,0.1,heuristic,mask2former_swinb_cityscapes,acdc_night_targetcal100,24
,,,,-1,True,,0.8178646301287809,0.0006924619665369391,,,406,,,0.8015873015873016,,False,,,,,,67,bicycle,0.1,0.1,argmax,mask2former_swinb_cityscapes,acdc_night_targetcal100,24
,,,0.9999402964713416,704,True,0.09438454627133873,0.0943845462713387,0.15604287385940552,27.413793103448278,700.0,106,252.0,24.0,0.09523809523809523,0.05428571428571427,False,0.13793103448275862,0.047058823529411764,0.0,,,67,bicycle,0.2,0.1,region_crc,mask2former_swinb_cityscapes,acdc_night_targetcal100,24
,,,0.9998962471584182,664,True,0.1224618149146451,0.1224618149146451,0.11584288626909256,24.300492610837438,650.0,106,252.0,29.0,0.11507936507936507,0.07152709359605913,False,0.1724137931034483,0.047058823529411764,0.0,,,67,bicycle,0.2,0.1,heuristic,mask2former_swinb_cityscapes,acdc_night_targetcal100,24
,,,,-1,True,,0.8178646301287809,0.0006924619665369391,,,406,,,0.8015873015873016,,False,,,,,,67,bicycle,0.2,0.1,argmax,mask2former_swinb_cityscapes,acdc_night_targetcal100,24
,,,0.9999986448105876,978,True,0.0,0.0,0.744482159614563,9.68472906403941,978.0,106,252.0,0.0,0.0,0.15970443349753694,False,0.0,0.0,0.0,,,67,bicycle,0.05,0.5,region_crc,mask2former_swinb_cityscapes,acdc_night_targetcal100,24
,,,0.9999918341762865,848,True,0.034141958670260555,0.034141958670260555,0.41340330243110657,26.23152709359606,825.0,106,252.0,7.0,0.027777777777777776,0.0997536945812808,False,0.041379310344827586,0.011764705882352941,0.0,,,67,bicycle,0.05,0.5,heuristic,mask2former_swinb_cityscapes,acdc_night_targetcal100,24
,,,,-1,True,,0.8731805929919136,0.0006924619665369391,,,406,,,0.8650793650793651,,False,,,,,,67,bicycle,0.05,0.5,argmax,mask2former_swinb_cityscapes,acdc_night_targetcal100,24
,,,0.9999908798916064,840,True,0.04043126684636118,0.04043126684636119,0.39355459809303284,26.23152709359606,825.0,106,252.0,9.0,0.03571428571428571,0.09871921182266008,False,0.04827586206896552,0.023529411764705882,0.0,,,67,bicycle,0.1,0.5,region_crc,mask2former_swinb_cityscapes,acdc_night_targetcal100,24
,,,0.9999881423125183,821,True,0.04200359389038635,0.04200359389038635,0.35237979888916016,27.88177339901478,800.0,106,252.0,10.0,0.03968253968253968,0.10581280788177339,False,0.05517241379310345,0.023529411764705882,0.0,,,67,bicycle,0.1,0.5,heuristic,mask2former_swinb_cityscapes,acdc_night_targetcal100,24
,,,,-1,True,,0.8731805929919136,0.0006924619665369391,,,406,,,0.8650793650793651,,False,,,,,,67,bicycle,0.1,0.5,argmax,mask2former_swinb_cityscapes,acdc_night_targetcal100,24
,,,0.9999683772233983,750,True,0.12394429469901168,0.12394429469901169,0.22037942707538605,29.527093596059114,750.0,106,252.0,25.0,0.0992063492063492,0.06591133004926109,False,0.13793103448275862,0.058823529411764705,0.0,,,67,bicycle,0.2,0.5,region_crc,mask2former_swinb_cityscapes,acdc_night_targetcal100,24
,,,0.9999616292754507,736,True,0.1384097035040431,0.1384097035040431,0.1994703859090805,29.142857142857142,725.0,106,252.0,28.0,0.1111111111111111,0.05004926108374386,False,0.15862068965517243,0.058823529411764705,0.0,,,67,bicycle,0.2,0.5,heuristic,mask2former_swinb_cityscapes,acdc_night_targetcal100,24
,,,,-1,True,,0.8731805929919136,0.0006924619665369391,,,406,,,0.8650793650793651,,False,,,,,,67,bicycle,0.2,0.5,argmax,mask2former_swinb_cityscapes,acdc_night_targetcal100,24
,,,0.9998651037117409,645,True,0.08256465756465756,0.08256465756465757,0.20771127939224243,28.332512315270936,625.0,195,667.0,48.0,0.07196401799100449,0.12310344827586217,False,0.10112359550561797,0.015306122448979591,0.0,,,68,person,0.05,0.1,region_crc,mask2former_swinb_cityscapes,acdc_night_targetcal100,52
,,,0.9996037219657445,567,True,0.12502775002775005,0.12502775002775002,0.126768559217453,23.913793103448278,550.0,195,667.0,79.0,0.1184407796101949,0.14758620689655177,False,0.1707865168539326,0.015306122448979591,0.0,,,68,person,0.05,0.1,heuristic,mask2former_swinb_cityscapes,acdc_night_targetcal100,52
,,,,-1,True,,0.5310036686959765,0.00502368388697505,,,406,,,0.4917541229385307,,False,,,,,,68,person,0.05,0.1,argmax,mask2former_swinb_cityscapes,acdc_night_targetcal100,52
,,,0.9984440343683949,468,True,0.19901434036049423,0.19901434036049423,0.06601182371377945,16.344827586206897,450.0,195,667.0,124.0,0.18590704647676162,0.1087684729064039,False,0.26741573033707866,0.025510204081632654,0.0,,,68,person,0.1,0.1,region_crc,mask2former_swinb_cityscapes,acdc_night_targetcal100,52
,,,0.9979488378211744,448,True,0.20581907408830488,0.20581907408830485,0.057982299476861954,14.711822660098521,425.0,195,667.0,130.0,0.19490254872563717,0.08876847290640388,False,0.2808988764044944,0.025510204081632654,0.0,,,68,person,0.1,0.1,heuristic,mask2former_swinb_cityscapes,acdc_night_targetcal100,52
,,,,-1,True,,0.5310036686959765,0.00502368388697505,,,406,,,0.4917541229385307,,False,,,,,,68,person,0.1,0.1,argmax,mask2former_swinb_cityscapes,acdc_night_targetcal100,52
,,,0.9869382911186816,314,True,0.2925873272027118,0.2925873272027118,0.021366307511925697,7.916256157635468,300.0,195,667.0,178.0,0.26686656671664166,0.08206896551724135,False,0.3752808988764045,0.05612244897959184,0.0,,,68,person,0.2,0.1,region_crc,mask2former_swinb_cityscapes,acdc_night_targetcal100,52
,,,0.9854118573972466,306,True,0.2925873272027118,0.2925873272027118,0.02024752087891102,7.916256157635468,300.0,195,667.0,178.0,0.26686656671664166,0.09192118226600982,False,0.3752808988764045,0.05612244897959184,0.0,,,68,person,0.2,0.1,heuristic,mask2former_swinb_cityscapes,acdc_night_targetcal100,52
,,,,-1,True,,0.5310036686959765,0.00502368388697505,,,406,,,0.4917541229385307,,False,,,,,,68,person,0.2,0.1,argmax,mask2former_swinb_cityscapes,acdc_night_targetcal100,52
,,,0.9999244907772334,687,True,0.1002958152958153,0.1002958152958153,0.27356138825416565,29.147783251231527,675.0,195,667.0,57.0,0.08545727136431784,0.10990147783251236,False,0.12134831460674157,0.015306122448979591,0.0,,,68,person,0.05,0.5,region_crc,mask2former_swinb_cityscapes,acdc_night_targetcal100,52
,,,0.9997958262055331,615,True,0.15552503052503056,0.15552503052503056,0.17052039504051208,26.91871921182266,600.0,195,667.0,90.0,0.13493253373313344,0.14729064039408868,False,0.19550561797752808,0.015306122448979591,0.0,,,68,person,0.05,0.5,heuristic,mask2former_swinb_cityscapes,acdc_night_targetcal100,52
,,,,-1,True,,0.6158803304957151,0.00502368388697505,,,406,,,0.5757121439280359,,False,,,,,,68,person,0.05,0.5,argmax,mask2former_swinb_cityscapes,acdc_night_targetcal100,52
,,,0.9995512546100669,558,True,0.1909785584785585,0.1909785584785585,0.11884138733148575,23.913793103448278,550.0,195,667.0,117.0,0.17541229385307347,0.13527093596059114,False,0.24943820224719102,0.030612244897959183,0.0,,,68,person,0.1,0.5,region_crc,mask2former_swinb_cityscapes,acdc_night_targetcal100,52
,,,0.9995512546100669,558,True,0.1909785584785585,0.1909785584785585,0.11884138733148575,23.913793103448278,550.0,195,667.0,117.0,0.17541229385307347,0.13527093596059114,False,0.24943820224719102,0.030612244897959183,0.0,,,68,person,0.1,0.5,heuristic,mask2former_swinb_cityscapes,acdc_night_targetcal100,52
,,,,-1,True,,0.6158803304957151,0.00502368388697505,,,406,,,0.5757121439280359,,False,,,,,,68,person,0.1,0.5,argmax,mask2former_swinb_cityscapes,acdc_night_targetcal100,52
,,,0.9926886091651659,356,True,0.32272221368375215,0.32272221368375215,0.03003729321062565,10.445812807881774,350.0,195,667.0,197.0,0.29535232383808097,0.07990147783251234,False,0.40898876404494383,0.07142857142857142,0.038461538461538464,,,68,person,0.2,0.5,region_crc,mask2former_swinb_cityscapes,acdc_night_targetcal100,52
,,,0.9911284398796204,342,True,0.3379928689544074,0.3379928689544074,0.026753515005111694,9.05911330049261,325.0,195,667.0,204.0,0.3058470764617691,0.08482758620689657,False,0.4202247191011236,0.08163265306122448,0.038461538461538464,,,68,person,0.2,0.5,heuristic,mask2former_swinb_cityscapes,acdc_night_targetcal100,52
,,,,-1,True,,0.6158803304957151,0.00502368388697505,,,406,,,0.5757121439280359,,False,,,,,,68,person,0.2,0.5,argmax,mask2former_swinb_cityscapes,acdc_night_targetcal100,52
,,,0.9999973331413354,929,True,0.0027777777777777775,0.0027777777777777775,0.6339816451072693,13.027093596059114,925.0,120,154.0,1.0,0.006493506493506494,0.17044334975369468,False,0.008849557522123894,0.0,0.0,,,68,rider,0.05,0.1,region_crc,mask2former_swinb_cityscapes,acdc_night_targetcal100,26
,,,0.999988779815457,825,True,0.023611111111111114,0.023611111111111114,0.40169116854667664,23.54679802955665,825.0,120,154.0,4.0,0.025974025974025976,0.15394088669950734,False,0.035398230088495575,0.0,0.0,,,68,rider,0.05,0.1,heuristic,mask2former_swinb_cityscapes,acdc_night_targetcal100,26
,,,,-1,True,,0.7722222222222221,0.00038499239599332213,,,406,,,0.7857142857142857,,False,,,,,,68,rider,0.05,0.1,argmax,mask2former_swinb_cityscapes,acdc_night_targetcal100,26
,,,0.999988779815457,825,True,0.023611111111111114,0.023611111111111114,0.40169116854667664,23.54679802955665,825.0,120,154.0,4.0,0.025974025974025976,0.15394088669950734,False,0.035398230088495575,0.0,0.0,,,68,rider,0.1,0.1,region_crc,mask2former_swinb_cityscapes,acdc_night_targetcal100,26
,,,0.9999333193230786,696,True,0.07777777777777777,0.07777777777777778,0.16452200710773468,24.300492610837438,675.0,120,154.0,12.0,0.07792207792207792,0.11886699507389153,False,0.10619469026548672,0.0,0.0,,,68,rider,0.1,0.1,heuristic,mask2former_swinb_cityscapes,acdc_night_targetcal100,26
,,,,-1,True,,0.7722222222222221,0.00038499239599332213,,,406,,,0.7857142857142857,,False,,,,,,68,rider,0.1,0.1,argmax,mask2former_swinb_cityscapes,acdc_night_targetcal100,26
,,,0.9998962471584182,664,True,0.09861111111111111,0.09861111111111111,0.13250191509723663,23.334975369458128,650.0,120,154.0,16.0,0.1038961038961039,0.09251231527093595,False,0.1415929203539823,0.0,0.0,,,68,rider,0.2,0.1,region_crc,mask2former_swinb_cityscapes,acdc_night_targetcal100,26
,,,0.9998872802543824,658,True,0.10694444444444444,0.10694444444444445,0.12693734467029572,23.334975369458128,650.0,120,154.0,17.0,0.11038961038961038,0.0923645320197044,False,0.1504424778761062,0.0,0.0,,,68,rider,0.2,0.1,heuristic,mask2former_swinb_cityscapes,acdc_night_targetcal100,26
,,,,-1,True,,0.7722222222222221,0.00038499239599332213,,,406,,,0.7857142857142857,,False,,,,,,68,rider,0.2,0.1,argmax,mask2former_swinb_cityscapes,acdc_night_targetcal100,26
,,,0.9999984004419714,966,True,0.0027777777777777775,0.0027777777777777775,0.7101089954376221,9.901477832512315,966.0,120,154.0,1.0,0.006493506493506494,0.11940886699507386,False,0.008849557522123894,0.0,0.0,,,68,rider,0.05,0.5,region_crc,mask2former_swinb_cityscapes,acdc_night_targetcal100,26
,,,0.9999978021401272,943,True,0.0027777777777777775,0.0027777777777777775,0.6638264656066895,13.027093596059114,925.0,120,154.0,1.0,0.006493506493506494,0.15566502463054188,False,0.008849557522123894,0.0,0.0,,,68,rider,0.05,0.5,heuristic,mask2former_swinb_cityscapes,acdc_night_targetcal100,26
,,,,-1,True,,0.8180555555555554,0.00038499239599332213,,,406,,,0.8311688311688312,,False,,,,,,68,rider,0.05,0.5,argmax,mask2former_swinb_cityscapes,acdc_night_targetcal100,26
,,,0.9999899538420972,833,True,0.03611111111111111,0.03611111111111111,0.41961443424224854,23.54679802955665,825.0,120,154.0,6.0,0.03896103896103896,0.14571428571428569,False,0.04424778761061947,0.029411764705882353,0.0,,,68,rider,0.1,0.5,region_crc,mask2former_swinb_cityscapes,acdc_night_targetcal100,26
,,,0.9999670390287823,747,True,0.08194444444444443,0.08194444444444443,0.23983490467071533,26.896551724137932,725.0,120,154.0,12.0,0.07792207792207792,0.12857142857142867,False,0.09734513274336283,0.029411764705882353,0.0,,,68,rider,0.1,0.5,heuristic,mask2former_swinb_cityscapes,acdc_night_targetcal100,26
,,,,-1,True,,0.8180555555555554,0.00038499239599332213,,,406,,,0.8311688311688312,,False,,,,,,68,rider,0.1,0.5,argmax,mask2former_swinb_cityscapes,acdc_night_targetcal100,26
,,,0.999950111551254,717,True,0.09444444444444443,0.09444444444444443,0.19334003329277039,26.123152709359605,700.0,120,154.0,15.0,0.09740259740259741,0.13133004926108371,False,0.12389380530973451,0.029411764705882353,0.0,,,68,rider,0.2,0.5,region_crc,mask2former_swinb_cityscapes,acdc_night_targetcal100,26
,,,0.999907103361322,672,True,0.1361111111111111,0.1361111111111111,0.13964268565177917,23.334975369458128,650.0,120,154.0,21.0,0.13636363636363635,0.09743842364532018,False,0.17699115044247787,0.029411764705882353,0.0,,,68,rider,0.2,0.5,heuristic,mask2former_swinb_cityscapes,acdc_night_targetcal100,26
,,,,-1,True,,0.8180555555555554,0.00038499239599332213,,,406,,,0.8311688311688312,,False,,,,,,68,rider,0.2,0.5,argmax,mask2former_swinb_cityscapes,acdc_night_targetcal100,26
,,,0.9999974414141131,932,True,0.00909090909090909,0.00909090909090909,0.6328730583190918,15.497536945812808,925.0,110,242.0,1.0,0.004132231404958678,0.1197536945812808,False,0.007518796992481203,0.0,0.0,,,68,bicycle,0.05,0.1,region_crc,mask2former_swinb_cityscapes,acdc_night_targetcal100,20
,,,0.999974996546383,767,True,0.04393939393939394,0.04393939393939394,0.25021201372146606,30.19704433497537,750.0,110,242.0,8.0,0.03305785123966942,0.07108374384236452,False,0.06015037593984962,0.0,0.0,,,68,bicycle,0.05,0.1,heuristic,mask2former_swinb_cityscapes,acdc_night_targetcal100,20
,,,,-1,True,,0.8069877344877342,0.0006412659422494471,,,406,,,0.7727272727272727,,False,,,,,,68,bicycle,0.05,0.1,argmax,mask2former_swinb_cityscapes,acdc_night_targetcal100,20
,,,0.999974996546383,767,True,0.04393939393939394,0.04393939393939394,0.25021201372146606,30.19704433497537,750.0,110,242.0,8.0,0.03305785123966942,0.07108374384236452,False,0.06015037593984962,0.0,0.0,,,68,bicycle,0.1,0.1,region_crc,mask2former_swinb_cityscapes,acdc_night_targetcal100,20
,,,0.9999720745615877,759,True,0.04523809523809524,0.04523809523809524,0.23752450942993164,30.19704433497537,750.0,110,242.0,9.0,0.0371900826446281,0.07862068965517241,False,0.06766917293233082,0.0,0.0,,,68,bicycle,0.1,0.1,heuristic,mask2former_swinb_cityscapes,acdc_night_targetcal100,20
,,,,-1,True,,0.8069877344877342,0.0006412659422494471,,,406,,,0.7727272727272727,,False,,,,,,68,bicycle,0.1,0.1,argmax,mask2former_swinb_cityscapes,acdc_night_targetcal100,20
,,,0.999897670700772,665,True,0.13023809523809524,0.13023809523809524,0.11509894579648972,24.472906403940886,650.0,110,242.0,27.0,0.1115702479338843,0.0644827586206897,False,0.18796992481203006,0.023529411764705882,0.0,,,68,bicycle,0.2,0.1,region_crc,mask2former_swinb_cityscapes,acdc_night_targetcal100,20
,,,0.9998613244171128,643,True,0.14841991341991342,0.14841991341991342,0.0945763885974884,22.137931034482758,625.0,110,242.0,30.0,0.12396694214876033,0.07507389162561573,False,0.21052631578947367,0.023529411764705882,0.0,,,68,bicycle,0.2,0.1,heuristic,mask2former_swinb_cityscapes,acdc_night_targetcal100,20
,,,,-1,True,,0.8069877344877342,0.0006412659422494471,,,406,,,0.7727272727272727,,False,,,,,,68,bicycle,0.2,0.1,argmax,mask2former_swinb_cityscapes,acdc_night_targetcal100,20
,,,0.9999986448105876,978,True,0.0,0.0,0.7557105422019958,9.55911330049261,978.0,110,242.0,0.0,0.0,0.10561576354679802,False,0.0,0.0,0.0,,,68,bicycle,0.05,0.5,region_crc,mask2former_swinb_cityscapes,acdc_night_targetcal100,20
,,,0.9999942983572772,874,True,0.02878787878787879,0.02878787878787879,0.4864867329597473,24.408866995073893,850.0,110,242.0,4.0,0.01652892561983471,0.09093596059113301,False,0.022556390977443608,0.011764705882352941,0.0,,,68,bicycle,0.05,0.5,heuristic,mask2former_swinb_cityscapes,acdc_night_targetcal100,20
,,,,-1,True,,0.8648376623376623,0.0006412659422494471,,,406,,,0.8388429752066116,,False,,,,,,68,bicycle,0.05,0.5,argmax,mask2former_swinb_cityscapes,acdc_night_targetcal100,20
,,,0.9999942983572772,874,True,0.02878787878787879,0.02878787878787879,0.4864867329597473,24.408866995073893,850.0,110,242.0,4.0,0.01652892561983471,0.09093596059113301,False,0.022556390977443608,0.011764705882352941,0.0,,,68,bicycle,0.1,0.5,region_crc,mask2former_swinb_cityscapes,acdc_night_targetcal100,20
,,,0.9999830175634754,795,True,0.05984848484848485,0.05984848484848485,0.3037927448749542,29.70689655172414,775.0,110,242.0,13.0,0.05371900826446281,0.1002463054187192,False,0.07518796992481203,0.03529411764705882,0.0,,,68,bicycle,0.1,0.5,heuristic,mask2former_swinb_cityscapes,acdc_night_targetcal100,20
,,,,-1,True,,0.8648376623376623,0.0006412659422494471,,,406,,,0.8388429752066116,,False,,,,,,68,bicycle,0.1,0.5,argmax,mask2former_swinb_cityscapes,acdc_night_targetcal100,20
,,,0.9999739384645,764,True,0.0975108225108225,0.0975108225108225,0.2455434501171112,30.19704433497537,750.0,110,242.0,19.0,0.07851239669421488,0.07354679802955666,False,0.12030075187969924,0.03529411764705882,0.0,,,68,bicycle,0.2,0.5,region_crc,mask2former_swinb_cityscapes,acdc_night_targetcal100,20
,,,0.9999739384645,764,True,0.0975108225108225,0.0975108225108225,0.2455434501171112,30.19704433497537,750.0,110,242.0,19.0,0.07851239669421488,0.07354679802955666,False,0.12030075187969924,0.03529411764705882,0.0,,,68,bicycle,0.2,0.5,heuristic,mask2former_swinb_cityscapes,acdc_night_targetcal100,20
,,,,-1,True,,0.8648376623376623,0.0006412659422494471,,,406,,,0.8388429752066116,,False,,,,,,68,bicycle,0.2,0.5,argmax,mask2former_swinb_cityscapes,acdc_night_targetcal100,20
,,,0.9999839305874698,799,True,0.013232471995358593,0.013232471995358593,0.4855188727378845,24.40394088669951,775.0,194,677.0,8.0,0.011816838995568686,0.17394088669950739,False,0.017582417582417582,0.0,0.0,,,69,person,0.05,0.1,region_crc,mask2former_swinb_cityscapes,acdc_night_targetcal100,53
,,,0.9999304975682412,693,True,0.050644608827598525,0.050644608827598525,0.2736666202545166,28.517241379310345,675.0,194,677.0,32.0,0.047267355982274745,0.12699507389162562,False,0.06373626373626373,0.015228426395939087,0.0,,,69,person,0.05,0.1,heuristic,mask2former_swinb_cityscapes,acdc_night_targetcal100,53
,,,,-1,True,,0.4836900356230253,0.005203337408602238,,,406,,,0.4608567208271787,,False,,,,,,69,person,0.05,0.1,argmax,mask2former_swinb_cityscapes,acdc_night_targetcal100,53
,,,0.9997958262055331,615,True,0.07808943633685901,0.07808943633685901,0.1616051197052002,26.27093596059113,600.0,194,677.0,53.0,0.07828655834564253,0.14541871921182267,False,0.1054945054945055,0.025380710659898477,0.0,,,69,person,0.1,0.1,region_crc,mask2former_swinb_cityscapes,acdc_night_targetcal100,53
,,,0.999765577118468,605,True,0.08109630918909269,0.08109630918909269,0.15176159143447876,26.27093596059113,600.0,194,677.0,55.0,0.08124076809453472,0.16497536945812805,False,0.10989010989010989,0.025380710659898477,0.0,,,69,person,0.1,0.1,heuristic,mask2former_swinb_cityscapes,acdc_night_targetcal100,53
,,,,-1,True,,0.4836900356230253,0.005203337408602238,,,406,,,0.4608567208271787,,False,,,,,,69,person,0.1,0.1,argmax,mask2former_swinb_cityscapes,acdc_night_targetcal100,53
,,,0.9986259580249874,477,True,0.1610169255143482,0.16101692551434818,0.0660438984632492,17.2807881773399,475.0,194,677.0,108.0,0.15952732644017725,0.1266502463054187,False,0.22417582417582418,0.030456852791878174,0.0,,,69,person,0.2,0.1,region_crc,mask2former_swinb_cityscapes,acdc_night_targetcal100,53
,,,0.9979488378211744,448,True,0.1782849667514616,0.1782849667514616,0.05526527762413025,14.35960591133005,425.0,194,677.0,120.0,0.17725258493353027,0.10596059113300493,False,0.24835164835164836,0.03553299492385787,0.0,,,69,person,0.2,0.1,heuristic,mask2former_swinb_cityscapes,acdc_night_targetcal100,53
,,,,-1,True,,0.4836900356230253,0.005203337408602238,,,406,,,0.4608567208271787,,False,,,,,,69,person,0.2,0.1,argmax,mask2former_swinb_cityscapes,acdc_night_targetcal100,53
,,,0.9999890855966355,827,True,0.0250451867719909,0.0250451867719909,0.5351018309593201,19.83743842364532,825.0,194,677.0,15.0,0.022156573116691284,0.17236453201970445,False,0.02857142857142857,0.01015228426395939,0.0,,,69,person,0.05,0.5,region_crc,mask2former_swinb_cityscapes,acdc_night_targetcal100,53
,,,0.9999665804959974,746,True,0.049656636319007456,0.04965663631900745,0.36731114983558655,27.7192118226601,725.0,194,677.0,34.0,0.050221565731166914,0.1695566502463054,False,0.06593406593406594,0.02030456852791878,0.0,,,69,person,0.05,0.5,heuristic,mask2former_swinb_cityscapes,acdc_night_targetcal100,53
,,,,-1,True,,0.5728584702811507,0.005203337408602238,,,406,,,0.55096011816839,,False,,,,,,69,person,0.05,0.5,argmax,mask2former_swinb_cityscapes,acdc_night_targetcal100,53
,,,0.9999045007413978,670,True,0.0948810639532289,0.09488106395322891,0.23556022346019745,29.30295566502463,650.0,194,677.0,63.0,0.0930576070901034,0.12862068965517243,False,0.12747252747252746,0.025380710659898477,0.0,,,69,person,0.1,0.5,region_crc,mask2former_swinb_cityscapes,acdc_night_targetcal100,53
,,,0.999897670700772,665,True,0.09591199178828044,0.09591199178828044,0.22798964381217957,29.30295566502463,650.0,194,677.0,64.0,0.09453471196454949,0.11862068965517242,False,0.12967032967032968,0.025380710659898477,0.0,,,69,person,0.1,0.5,heuristic,mask2former_swinb_cityscapes,acdc_night_targetcal100,53
,,,,-1,True,,0.5728584702811507,0.005203337408602238,,,406,,,0.55096011816839,,False,,,,,,69,person,0.1,0.5,argmax,mask2former_swinb_cityscapes,acdc_night_targetcal100,53
,,,0.9995753804360537,562,True,0.15830943827077845,0.15830943827077848,0.11622046679258347,23.03448275862069,550.0,194,677.0,107.0,0.15805022156573117,0.12655172413793103,False,0.21978021978021978,0.03553299492385787,0.0,,,69,person,0.2,0.5,region_crc,mask2former_swinb_cityscapes,acdc_night_targetcal100,53
,,,0.9991409864784946,511,True,0.184952154088752,0.184952154088752,0.0823633223772049,19.120689655172413,500.0,194,677.0,122.0,0.18020679468242246,0.15261083743842363,False,0.24835164835164836,0.04568527918781726,0.0,,,69,person,0.2,0.5,heuristic,mask2former_swinb_cityscapes,acdc_night_targetcal100,53
,,,,-1,True,,0.5728584702811507,0.005203337408602238,,,406,,,0.55096011816839,,False,,,,,,69,person,0.2,0.5,argmax,mask2former_swinb_cityscapes,acdc_night_targetcal100,53
,,,0.999988779815457,825,True,0.03194444444444445,0.03194444444444444,0.38097599148750305,24.189655172413794,825.0,120,161.0,5.0,0.031055900621118012,0.15694581280788178,False,0.041666666666666664,0.0,0.0,,,69,rider,0.05,0.1,region_crc,mask2former_swinb_cityscapes,acdc_night_targetcal100,26
,,,0.9998903521803857,660,True,0.12777777777777777,0.1277777777777778,0.12899324297904968,22.785714285714285,650.0,120,161.0,21.0,0.13043478260869565,0.0644334975369458,False,0.175,0.0,0.0,,,69,rider,0.05,0.1,heuristic,mask2former_swinb_cityscapes,acdc_night_targetcal100,26
,,,,-1,True,,0.7722222222222223,0.0003759566752705723,,,406,,,0.7888198757763976,,False,,,,,,69,rider,0.05,0.1,argmax,mask2former_swinb_cityscapes,acdc_night_targetcal100,26
,,,0.9998903521803857,660,True,0.12777777777777777,0.1277777777777778,0.12899324297904968,22.785714285714285,650.0,120,161.0,21.0,0.13043478260869565,0.0644334975369458,False,0.175,0.0,0.0,,,69,rider,0.1,0.1,region_crc,mask2former_swinb_cityscapes,acdc_night_targetcal100,26
,,,0.9995386824254396,556,True,0.21944444444444444,0.21944444444444447,0.061557523906230927,15.408866995073891,550.0,120,161.0,33.0,0.20496894409937888,0.07073891625615764,False,0.25,0.09375,0.0,,,69,rider,0.1,0.1,heuristic,mask2former_swinb_cityscapes,acdc_night_targetcal100,26
,,,,-1,True,,0.7722222222222223,0.0003759566752705723,,,406,,,0.7888198757763976,,False,,,,,,69,rider,0.1,0.1,argmax,mask2former_swinb_cityscapes,acdc_night_targetcal100,26
,,,0.9992201698894767,518,True,0.24444444444444444,0.24444444444444446,0.045554086565971375,12.305418719211822,500.0,120,161.0,37.0,0.22981366459627328,0.07536945812807883,False,0.275,0.125,0.0,,,69,rider,0.2,0.1,region_crc,mask2former_swinb_cityscapes,acdc_night_targetcal100,26
,,,0.9991643969817687,513,True,0.2486111111111111,0.24861111111111114,0.043546319007873535,12.305418719211822,500.0,120,161.0,38.0,0.2360248447204969,0.0876847290640394,False,0.2833333333333333,0.125,0.0,,,69,rider,0.2,0.1,heuristic,mask2former_swinb_cityscapes,acdc_night_targetcal100,26
,,,,-1,True,,0.7722222222222223,0.0003759566752705723,,,406,,,0.7888198757763976,,False,,,,,,69,rider,0.2,0.1,argmax,mask2former_swinb_cityscapes,acdc_night_targetcal100,26
,,,0.9999935434577096,865,True,0.03194444444444444,0.03194444444444444,0.4755500853061676,22.389162561576356,850.0,120,161.0,5.0,0.031055900621118012,0.10985221674876844,False,0.041666666666666664,0.0,0.0,,,69,rider,0.05,0.5,region_crc,mask2former_swinb_cityscapes,acdc_night_targetcal100,26
,,,0.9999899538420972,833,True,0.04027777777777777,0.04027777777777777,0.39894580841064453,24.189655172413794,825.0,120,161.0,7.0,0.043478260869565216,0.14724137931034487,False,0.05,0.03125,0.0,,,69,rider,0.05,0.5,heuristic,mask2former_swinb_cityscapes,acdc_night_targetcal100,26
,,,,-1,True,,0.8347222222222223,0.0003759566752705723,,,406,,,0.8509316770186336,,False,,,,,,69,rider,0.05,0.5,argmax,mask2former_swinb_cityscapes,acdc_night_targetcal100,26
,,,0.9999899538420972,833,True,0.04027777777777777,0.04027777777777777,0.39894580841064453,24.189655172413794,825.0,120,161.0,7.0,0.043478260869565216,0.14724137931034487,False,0.05,0.03125,0.0,,,69,rider,0.1,0.5,region_crc,mask2former_swinb_cityscapes,acdc_night_targetcal100,26
,,,0.9999314511773547,694,True,0.12777777777777777,0.1277777777777778,0.1602238118648529,23.679802955665025,675.0,120,161.0,20.0,0.12422360248447205,0.05078817733990146,False,0.15833333333333333,0.03125,0.0,,,69,rider,0.1,0.5,heuristic,mask2former_swinb_cityscapes,acdc_night_targetcal100,26
,,,,-1,True,,0.8347222222222223,0.0003759566752705723,,,406,,,0.8509316770186336,,False,,,,,,69,rider,0.1,0.5,argmax,mask2former_swinb_cityscapes,acdc_night_targetcal100,26
,,,0.9998293917610996,628,True,0.20694444444444443,0.20694444444444446,0.1028139591217041,20.908866995073893,625.0,120,161.0,32.0,0.19875776397515527,0.08630541871921182,False,0.24166666666666667,0.09375,0.0,,,69,rider,0.2,0.5,region_crc,mask2former_swinb_cityscapes,acdc_night_targetcal100,26
,,,0.999738181699178,597,True,0.22777777777777777,0.2277777777777778,0.08187837898731232,17.460591133004925,575.0,120,161.0,35.0,0.21739130434782608,0.06408866995073892,False,0.25833333333333336,0.125,0.0,,,69,rider,0.2,0.5,heuristic,mask2former_swinb_cityscapes,acdc_night_targetcal100,26
,,,,-1,True,,0.8347222222222223,0.0003759566752705723,,,406,,,0.8509316770186336,,False,,,,,,69,rider,0.2,0.5,argmax,mask2former_swinb_cityscapes,acdc_night_targetcal100,26
,,,0.9999810329407879,787,True,0.045,0.045,0.2803097069263458,29.147783251231527,775.0,100,235.0,6.0,0.02553191489361702,0.11576354679802958,False,0.044444444444444446,0.0,0.0,,,69,bicycle,0.05,0.1,region_crc,mask2former_swinb_cityscapes,acdc_night_targetcal100,30
,,,0.999868780010098,647,True,0.1799285714285714,0.17992857142857144,0.09777011722326279,22.064039408866996,625.0,100,235.0,34.0,0.14468085106382977,0.06660098522167487,False,0.22962962962962963,0.0379746835443038,0.0,,,69,bicycle,0.05,0.1,heuristic,mask2former_swinb_cityscapes,acdc_night_targetcal100,30
,,,,-1,True,,0.8473531746031746,0.0006333455676212907,,,406,,,0.7957446808510639,,False,,,,,,69,bicycle,0.05,0.1,argmax,mask2former_swinb_cityscapes,acdc_night_targetcal100,30
,,,0.9998613244171128,643,True,0.1824285714285714,0.18242857142857144,0.09446842968463898,22.064039408866996,625.0,100,235.0,35.0,0.14893617021276595,0.061527093596059096,False,0.23703703703703705,0.0379746835443038,0.0,,,69,bicycle,0.1,0.1,region_crc,mask2former_swinb_cityscapes,acdc_night_targetcal100,30
,,,0.9998451183381087,635,True,0.20385714285714285,0.20385714285714285,0.0878438800573349,22.064039408866996,625.0,100,235.0,38.0,0.16170212765957448,0.056896551724137934,False,0.25925925925925924,0.0379746835443038,0.0,,,69,bicycle,0.1,0.1,heuristic,mask2former_swinb_cityscapes,acdc_night_targetcal100,30
,,,,-1,True,,0.8473531746031746,0.0006333455676212907,,,406,,,0.7957446808510639,,False,,,,,,69,bicycle,0.1,0.1,argmax,mask2former_swinb_cityscapes,acdc_night_targetcal100,30
,,,0.9997194566362049,592,True,0.23764285714285713,0.23764285714285716,0.06063206121325493,18.160098522167488,575.0,100,235.0,48.0,0.20425531914893616,0.07004926108374382,False,0.32592592592592595,0.05063291139240506,0.0,,,69,bicycle,0.2,0.1,region_crc,mask2former_swinb_cityscapes,acdc_night_targetcal100,30
,,,0.9996993923697371,587,True,0.24764285714285714,0.24764285714285716,0.05809865519404411,18.160098522167488,575.0,100,235.0,49.0,0.20851063829787234,0.0685221674876847,False,0.32592592592592595,0.06329113924050633,0.0,,,69,bicycle,0.2,0.1,heuristic,mask2former_swinb_cityscapes,acdc_night_targetcal100,30
,,,,-1,True,,0.8473531746031746,0.0006333455676212907,,,406,,,0.7957446808510639,,False,,,,,,69,bicycle,0.2,0.1,argmax,mask2former_swinb_cityscapes,acdc_night_targetcal100,30
,,,0.9999952356901319,887,True,0.025,0.025,0.5108277201652527,22.482758620689655,875.0,100,235.0,3.0,0.01276595744680851,0.06527093596059119,False,0.022222222222222223,0.0,0.0,,,69,bicycle,0.05,0.5,region_crc,mask2former_swinb_cityscapes,acdc_night_targetcal100,30
,,,0.999989383044428,829,True,0.05083333333333334,0.05083333333333334,0.36544838547706604,27.226600985221676,825.0,100,235.0,9.0,0.03829787234042553,0.11546798029556649,False,0.05925925925925926,0.012658227848101266,0.0,,,69,bicycle,0.05,0.5,heuristic,mask2former_swinb_cityscapes,acdc_night_targetcal100,30
,,,,-1,True,,0.8943214285714285,0.0006333455676212907,,,406,,,0.8553191489361702,,False,,,,,,69,bicycle,0.05,0.5,argmax,mask2former_swinb_cityscapes,acdc_night_targetcal100,30
,,,0.9999815498458082,789,True,0.07083333333333335,0.07083333333333335,0.28398245573043823,29.147783251231527,775.0,100,235.0,12.0,0.05106382978723404,0.11822660098522164,False,0.07407407407407407,0.02531645569620253,0.0,,,69,bicycle,0.1,0.5,region_crc,mask2former_swinb_cityscapes,acdc_night_targetcal100,30
,,,0.9999739384645,764,True,0.10892857142857143,0.10892857142857143,0.24056638777256012,29.5,750.0,100,235.0,19.0,0.08085106382978724,0.08039408866995074,False,0.11851851851851852,0.0379746835443038,0.0,,,69,bicycle,0.1,0.5,heuristic,mask2former_swinb_cityscapes,acdc_night_targetcal100,30
,,,,-1,True,,0.8943214285714285,0.0006333455676212907,,,406,,,0.8553191489361702,,False,,,,,,69,bicycle,0.1,0.5,argmax,mask2former_swinb_cityscapes,acdc_night_targetcal100,30
,,,0.9999083779509877,673,True,0.18326190476190476,0.18326190476190476,0.12074261903762817,24.472906403940886,650.0,100,235.0,37.0,0.1574468085106383,0.07472906403940886,False,0.24444444444444444,0.05063291139240506,0.0,,,69,bicycle,0.2,0.5,region_crc,mask2former_swinb_cityscapes,acdc_night_targetcal100,30
,,,0.9998903521803857,660,True,0.2149285714285714,0.2149285714285714,0.10954619944095612,24.472906403940886,650.0,100,235.0,42.0,0.17872340425531916,0.05950738916256157,False,0.2814814814814815,0.05063291139240506,0.0,,,69,bicycle,0.2,0.5,heuristic,mask2former_swinb_cityscapes,acdc_night_targetcal100,30
,,,,-1,True,,0.8943214285714285,0.0006333455676212907,,,406,,,0.8553191489361702,,False,,,,,,69,bicycle,0.2,0.5,argmax,mask2former_swinb_cityscapes,acdc_night_targetcal100,30
,,,0.9999527936958736,721,True,0.0398860674980078,0.03988606749800779,0.33045509457588196,28.04679802955665,700.0,201,670.0,22.0,0.03283582089552239,0.062118226600985205,False,0.04666666666666667,0.005128205128205128,0.0,,,70,person,0.05,0.1,region_crc,mask2former_swinb_cityscapes,acdc_night_targetcal100,46
,,,0.9999144933287115,678,True,0.06125837263896965,0.06125837263896965,0.2525235712528229,28.70689655172414,675.0,201,670.0,38.0,0.056716417910447764,0.053251231527093656,False,0.07555555555555556,0.020512820512820513,0.0,,,70,person,0.05,0.1,heuristic,mask2former_swinb_cityscapes,acdc_night_targetcal100,46
,,,,-1,True,,0.49286759398699703,0.0050779893063008785,,,406,,,0.4791044776119403,,False,,,,,,70,person,0.05,0.1,argmax,mask2former_swinb_cityscapes,acdc_night_targetcal100,46
,,,0.9997958262055331,615,True,0.08181872025155607,0.08181872025155607,0.16189217567443848,26.657635467980295,600.0,201,670.0,57.0,0.08507462686567165,0.05916256157635458,False,0.11555555555555555,0.02564102564102564,0.0,,,70,person,0.1,0.1,region_crc,mask2former_swinb_cityscapes,acdc_night_targetcal100,46
,,,0.9996402506648443,574,True,0.10277077814391249,0.10277077814391247,0.12386281043291092,23.48768472906404,550.0,201,670.0,73.0,0.10895522388059702,0.07315270935960583,False,0.1511111111111111,0.02564102564102564,0.0,,,70,person,0.1,0.1,heuristic,mask2former_swinb_cityscapes,acdc_night_targetcal100,46
,,,,-1,True,,0.49286759398699703,0.0050779893063008785,,,406,,,0.4791044776119403,,False,,,,,,70,person,0.1,0.1,argmax,mask2former_swinb_cityscapes,acdc_night_targetcal100,46
,,,0.9978322958951803,444,True,0.1892177681356786,0.1892177681356786,0.05096719413995743,14.25615763546798,425.0,201,670.0,125.0,0.1865671641791045,0.10596059113300493,False,0.26,0.041025641025641026,0.0,,,70,person,0.2,0.1,region_crc,mask2former_swinb_cityscapes,acdc_night_targetcal100,46
,,,0.9975111426817176,434,True,0.1964040589040589,0.1964040589040589,0.04781781882047653,14.25615763546798,425.0,201,670.0,130.0,0.19402985074626866,0.1106896551724138,False,0.2688888888888889,0.046153846153846156,0.0,,,70,person,0.2,0.1,heuristic,mask2former_swinb_cityscapes,acdc_night_targetcal100,46
,,,,-1,True,,0.49286759398699703,0.0050779893063008785,,,406,,,0.4791044776119403,,False,,,,,,70,person,0.2,0.1,argmax,mask2former_swinb_cityscapes,acdc_night_targetcal100,46
,,,0.9999712921941798,757,True,0.04767854450690272,0.04767854450690272,0.40167221426963806,25.75615763546798,750.0,201,670.0,33.0,0.049253731343283584,0.06891625615763547,False,0.06444444444444444,0.020512820512820513,0.0,,,70,person,0.05,0.5,region_crc,mask2former_swinb_cityscapes,acdc_night_targetcal100,46
,,,0.999950111551254,717,True,0.07416354375309599,0.07416354375309599,0.3232230246067047,28.04679802955665,700.0,201,670.0,50.0,0.07462686567164178,0.06822660098522171,False,0.1,0.02564102564102564,0.0,,,70,person,0.05,0.5,heuristic,mask2former_swinb_cityscapes,acdc_night_targetcal100,46
,,,,-1,True,,0.582320277842666,0.0050779893063008785,,,406,,,0.5656716417910448,,False,,,,,,70,person,0.05,0.5,argmax,mask2former_swinb_cityscapes,acdc_night_targetcal100,46
,,,0.9999244907772334,687,True,0.08762303202601711,0.08762303202601711,0.26953035593032837,28.70689655172414,675.0,201,670.0,57.0,0.08507462686567165,0.05054187192118226,False,0.11555555555555555,0.02564102564102564,0.0,,,70,person,0.1,0.5,region_crc,mask2former_swinb_cityscapes,acdc_night_targetcal100,46
,,,0.9998723561191188,649,True,0.09947664276022486,0.09947664276022486,0.20695428550243378,28.411330049261085,625.0,201,670.0,68.0,0.10149253731343283,0.05714285714285716,False,0.14,0.02564102564102564,0.0,,,70,person,0.1,0.5,heuristic,mask2former_swinb_cityscapes,acdc_night_targetcal100,46
,,,,-1,True,,0.582320277842666,0.0050779893063008785,,,406,,,0.5656716417910448,,False,,,,,,70,person,0.1,0.5,argmax,mask2former_swinb_cityscapes,acdc_night_targetcal100,46
,,,0.9994629682036298,545,True,0.17728172187127408,0.17728172187127408,0.10063087195158005,21.56896551724138,525.0,201,670.0,116.0,0.17313432835820897,0.10241379310344823,False,0.23777777777777778,0.046153846153846156,0.0,,,70,person,0.2,0.5,region_crc,mask2former_swinb_cityscapes,acdc_night_targetcal100,46
,,,0.9990921794698218,507,True,0.18911146205922325,0.18911146205922325,0.07703639566898346,19.357142857142858,500.0,201,670.0,123.0,0.18358208955223881,0.1093596059113301,False,0.2511111111111111,0.05128205128205128,0.0,,,70,person,0.2,0.5,heuristic,mask2former_swinb_cityscapes,acdc_night_targetcal100,46
,,,,-1,True,,0.582320277842666,0.0050779893063008785,,,406,,,0.5656716417910448,,False,,,,,,70,person,0.2,0.5,argmax,mask2former_swinb_cityscapes,acdc_night_targetcal100,46
,,,0.9999952356901319,887,True,0.011494252873563218,0.011494252873563218,0.5345492959022522,19.716748768472907,875.0,116,152.0,2.0,0.013157894736842105,0.05561576354679798,False,0.017857142857142856,0.0,0.0,,,70,rider,0.05,0.1,region_crc,mask2former_swinb_cityscapes,acdc_night_targetcal100,30
,,,0.9999651662684964,743,True,0.0589080459770115,0.05890804597701149,0.22256679832935333,26.66256157635468,725.0,116,152.0,8.0,0.05263157894736842,0.09034482758620688,False,0.07142857142857142,0.0,0.0,,,70,rider,0.05,0.1,heuristic,mask2former_swinb_cityscapes,acdc_night_targetcal100,30
,,,,-1,True,,0.7672413793103449,0.00036321734660305083,,,406,,,0.7828947368421053,,False,,,,,,70,rider,0.05,0.1,argmax,mask2former_swinb_cityscapes,acdc_night_targetcal100,30
,,,0.9999651662684964,743,True,0.0589080459770115,0.05890804597701149,0.22256679832935333,26.66256157635468,725.0,116,152.0,8.0,0.05263157894736842,0.09034482758620688,False,0.07142857142857142,0.0,0.0,,,70,rider,0.1,0.1,region_crc,mask2former_swinb_cityscapes,acdc_night_targetcal100,30
,,,0.9999045007413978,670,True,0.09770114942528735,0.09770114942528735,0.1308099329471588,22.96551724137931,650.0,116,152.0,15.0,0.09868421052631579,0.10512315270935968,False,0.13392857142857142,0.0,0.0,,,70,rider,0.1,0.1,heuristic,mask2former_swinb_cityscapes,acdc_night_targetcal100,30
,,,,-1,True,,0.7672413793103449,0.00036321734660305083,,,406,,,0.7828947368421053,,False,,,,,,70,rider,0.1,0.1,argmax,mask2former_swinb_cityscapes,acdc_night_targetcal100,30
,,,0.9998775383800735,652,True,0.11925287356321838,0.11925287356321838,0.11560775339603424,22.96551724137931,650.0,116,152.0,19.0,0.125,0.08955665024630538,False,0.16964285714285715,0.0,0.0,,,70,rider,0.2,0.1,region_crc,mask2former_swinb_cityscapes,acdc_night_targetcal100,30
,,,0.9998613244171128,643,True,0.1278735632183908,0.1278735632183908,0.1083054393529892,20.95566502463054,625.0,116,152.0,20.0,0.13157894736842105,0.09172413793103446,False,0.17857142857142858,0.0,0.0,,,70,rider,0.2,0.1,heuristic,mask2former_swinb_cityscapes,acdc_night_targetcal100,30
,,,,-1,True,,0.7672413793103449,0.00036321734660305083,,,406,,,0.7828947368421053,,False,,,,,,70,rider,0.2,0.1,argmax,mask2former_swinb_cityscapes,acdc_night_targetcal100,30
,,,0.9999964843955947,909,True,0.011494252873563218,0.011494252873563218,0.582396388053894,16.450738916256157,900.0,116,152.0,2.0,0.013157894736842105,0.057980295566502416,False,0.017857142857142856,0.0,0.0,,,70,rider,0.05,0.5,region_crc,mask2former_swinb_cityscapes,acdc_night_targetcal100,30
,,,0.9999930816902908,860,True,0.03304597701149425,0.03304597701149425,0.4707070291042328,21.972906403940886,850.0,116,152.0,5.0,0.03289473684210526,0.04566502463054184,False,0.044642857142857144,0.0,0.0,,,70,rider,0.05,0.5,heuristic,mask2former_swinb_cityscapes,acdc_night_targetcal100,30
,,,,-1,True,,0.8232758620689655,0.00036321734660305083,,,406,,,0.8355263157894737,,False,,,,,,70,rider,0.05,0.5,argmax,mask2former_swinb_cityscapes,acdc_night_targetcal100,30
,,,0.9999815498458082,789,True,0.06752873563218391,0.06752873563218391,0.3114200830459595,27.248768472906406,775.0,116,152.0,9.0,0.05921052631578947,0.059655172413793145,False,0.08035714285714286,0.0,0.0,,,70,rider,0.1,0.5,region_crc,mask2former_swinb_cityscapes,acdc_night_targetcal100,30
,,,0.9999571451479603,728,True,0.09770114942528735,0.09770114942528735,0.2005077451467514,26.66256157635468,725.0,116,152.0,14.0,0.09210526315789473,0.08019704433497543,False,0.125,0.0,0.0,,,70,rider,0.1,0.5,heuristic,mask2former_swinb_cityscapes,acdc_night_targetcal100,30
,,,,-1,True,,0.8232758620689655,0.00036321734660305083,,,406,,,0.8355263157894737,,False,,,,,,70,rider,0.1,0.5,argmax,mask2former_swinb_cityscapes,acdc_night_targetcal100,30
,,,0.9999234403393089,686,True,0.1278735632183908,0.1278735632183908,0.14607560634613037,23.982758620689655,675.0,116,152.0,18.0,0.11842105263157894,0.10512315270935968,False,0.16071428571428573,0.0,0.0,,,70,rider,0.2,0.5,region_crc,mask2former_swinb_cityscapes,acdc_night_targetcal100,30
,,,0.9998948038126176,663,True,0.14511494252873564,0.14511494252873564,0.1249493956565857,22.96551724137931,650.0,116,152.0,22.0,0.14473684210526316,0.0926600985221675,False,0.19642857142857142,0.0,0.0,,,70,rider,0.2,0.5,heuristic,mask2former_swinb_cityscapes,acdc_night_targetcal100,30
,,,,-1,True,,0.8232758620689655,0.00036321734660305083,,,406,,,0.8355263157894737,,False,,,,,,70,rider,0.2,0.5,argmax,mask2former_swinb_cityscapes,acdc_night_targetcal100,30
,,,0.9999983327527875,963,True,0.0,0.0,0.7178546190261841,11.14039408866995,963.0,99,219.0,0.0,0.0,0.10123152709359606,False,0.0,0.0,0.0,,,70,bicycle,0.05,0.1,region_crc,mask2former_swinb_cityscapes,acdc_night_targetcal100,31
,,,0.9999810329407879,787,True,0.03535353535353535,0.03535353535353535,0.28342166543006897,29.716748768472907,775.0,99,219.0,5.0,0.0228310502283105,0.058866995073891704,False,0.0364963503649635,0.0,0.0,,,70,bicycle,0.05,0.1,heuristic,mask2former_swinb_cityscapes,acdc_night_targetcal100,31
,,,,-1,True,,0.8293129709796376,0.0005316793103702366,,,406,,,0.7990867579908676,,False,,,,,,70,bicycle,0.05,0.1,argmax,mask2former_swinb_cityscapes,acdc_night_targetcal100,31
,,,0.9999708928288193,756,True,0.051948051948051945,0.051948051948051945,0.22740185260772705,29.84729064039409,750.0,99,219.0,8.0,0.0365296803652968,0.0813793103448276,False,0.051094890510948905,0.01694915254237288,0.0,,,70,bicycle,0.1,0.1,region_crc,mask2former_swinb_cityscapes,acdc_night_targetcal100,31
,,,0.9999402964713416,704,True,0.10598845598845599,0.10598845598845598,0.1501024216413498,27.83743842364532,700.0,99,219.0,19.0,0.0867579908675799,0.09177339901477832,False,0.13138686131386862,0.01694915254237288,0.0,,,70,bicycle,0.1,0.1,heuristic,mask2former_swinb_cityscapes,acdc_night_targetcal100,31
,,,,-1,True,,0.8293129709796376,0.0005316793103702366,,,406,,,0.7990867579908676,,False,,,,,,70,bicycle,0.1,0.1,argmax,mask2former_swinb_cityscapes,acdc_night_targetcal100,31
,,,0.9998962471584182,664,True,0.1278739778739779,0.1278739778739779,0.10893350094556808,23.960591133004925,650.0,99,219.0,23.0,0.1050228310502283,0.12192118226600984,False,0.15328467153284672,0.03389830508474576,0.0,,,70,bicycle,0.2,0.1,region_crc,mask2former_swinb_cityscapes,acdc_night_targetcal100,31
,,,0.9998493392933814,637,True,0.14555074555074554,0.14555074555074554,0.08599166572093964,21.805418719211822,625.0,99,219.0,26.0,0.1187214611872146,0.10625615763546797,False,0.17518248175182483,0.03389830508474576,0.0,,,70,bicycle,0.2,0.1,heuristic,mask2former_swinb_cityscapes,acdc_night_targetcal100,31
,,,,-1,True,,0.8293129709796376,0.0005316793103702366,,,406,,,0.7990867579908676,,False,,,,,,70,bicycle,0.2,0.1,argmax,mask2former_swinb_cityscapes,acdc_night_targetcal100,31
,,,0.9999984004419714,966,True,0.005050505050505051,0.005050505050505051,0.7251003384590149,10.827586206896552,966.0,99,219.0,1.0,0.0045662100456621,0.09379310344827585,False,0.0072992700729927005,0.0,0.0,,,70,bicycle,0.05,0.5,region_crc,mask2former_swinb_cityscapes,acdc_night_targetcal100,31
,,,0.999991946215588,849,True,0.030303030303030304,0.030303030303030304,0.41792982816696167,26.970443349753694,825.0,99,219.0,4.0,0.0182648401826484,0.04073891625615761,False,0.021897810218978103,0.01694915254237288,0.0,,,70,bicycle,0.05,0.5,heuristic,mask2former_swinb_cityscapes,acdc_night_targetcal100,31
,,,,-1,True,,0.8717051467051468,0.0005316793103702366,,,406,,,0.8584474885844748,,False,,,,,,70,bicycle,0.05,0.5,argmax,mask2former_swinb_cityscapes,acdc_night_targetcal100,31
,,,0.9999881423125183,821,True,0.047979797979797977,0.047979797979797977,0.3547855615615845,28.59605911330049,800.0,99,219.0,7.0,0.0319634703196347,0.05137931034482757,False,0.043795620437956206,0.01694915254237288,0.0,,,70,bicycle,0.1,0.5,region_crc,mask2former_swinb_cityscapes,acdc_night_targetcal100,31
,,,0.9999782229022764,777,True,0.09006734006734007,0.09006734006734007,0.26427891850471497,29.716748768472907,775.0,99,219.0,13.0,0.0593607305936073,0.0712807881773399,False,0.072992700729927,0.05084745762711865,0.0,,,70,bicycle,0.1,0.5,heuristic,mask2former_swinb_cityscapes,acdc_night_targetcal100,31
,,,,-1,True,,0.8717051467051468,0.0005316793103702366,,,406,,,0.8584474885844748,,False,,,,,,70,bicycle,0.1,0.5,argmax,mask2former_swinb_cityscapes,acdc_night_targetcal100,31
,,,0.9999571451479603,728,True,0.14975949975949976,0.14975949975949976,0.18487583100795746,29.554187192118228,725.0,99,219.0,24.0,0.1095890410958904,0.07990147783251234,False,0.15328467153284672,0.05084745762711865,0.0,,,70,bicycle,0.2,0.5,region_crc,mask2former_swinb_cityscapes,acdc_night_targetcal100,31
,,,0.9999571451479603,728,True,0.14975949975949976,0.14975949975949976,0.18487583100795746,29.554187192118228,725.0,99,219.0,24.0,0.1095890410958904,0.07990147783251234,False,0.15328467153284672,0.05084745762711865,0.0,,,70,bicycle,0.2,0.5,heuristic,mask2former_swinb_cityscapes,acdc_night_targetcal100,31
,,,,-1,True,,0.8717051467051468,0.0005316793103702366,,,406,,,0.8584474885844748,,False,,,,,,70,bicycle,0.2,0.5,argmax,mask2former_swinb_cityscapes,acdc_night_targetcal100,31
,,,0.9999004594582649,667,True,0.07461767713023994,0.07461767713023995,0.23697909712791443,29.47536945812808,650.0,199,645.0,42.0,0.06511627906976744,0.08935960591133008,False,0.08863636363636364,0.01675977653631285,0.0,,,71,person,0.05,0.1,region_crc,mask2former_swinb_cityscapes,acdc_night_targetcal100,48
,,,0.9997958262055331,615,True,0.08726641867345385,0.08726641867345385,0.16569864749908447,26.97536945812808,600.0,199,645.0,55.0,0.08527131782945736,0.09315270935960596,False,0.1159090909090909,0.0223463687150838,0.0,,,71,person,0.05,0.1,heuristic,mask2former_swinb_cityscapes,acdc_night_targetcal100,48
,,,,-1,True,,0.5033780429509073,0.004985579289495945,,,406,,,0.4790697674418605,,False,,,,,,71,person,0.05,0.1,argmax,mask2former_swinb_cityscapes,acdc_night_targetcal100,48
,,,0.9996993923697371,587,True,0.09967695620961954,0.09967695620961953,0.13768206536769867,24.992610837438423,575.0,199,645.0,65.0,0.10077519379844961,0.0712807881773399,False,0.13863636363636364,0.0223463687150838,0.0,,,71,person,0.1,0.1,region_crc,mask2former_swinb_cityscapes,acdc_night_targetcal100,48
,,,0.9995322648587128,555,True,0.12247275337727598,0.12247275337727598,0.11296974867582321,23.766009852216747,550.0,199,645.0,79.0,0.12248062015503876,0.06433497536945815,False,0.17045454545454544,0.0223463687150838,0.0,,,71,person,0.1,0.1,heuristic,mask2former_swinb_cityscapes,acdc_night_targetcal100,48
,,,,-1,True,,0.5033780429509073,0.004985579289495945,,,406,,,0.4790697674418605,,False,,,,,,71,person,0.1,0.1,argmax,mask2former_swinb_cityscapes,acdc_night_targetcal100,48
,,,0.9978620379104978,445,True,0.18525854380125736,0.18525854380125734,0.05431733280420303,14.46551724137931,425.0,199,645.0,120.0,0.18604651162790697,0.046403940886699524,False,0.25681818181818183,0.03910614525139665,0.0,,,71,person,0.2,0.1,region_crc,mask2former_swinb_cityscapes,acdc_night_targetcal100,48
,,,0.9975111426817176,434,True,0.19477836513012395,0.1947783651301239,0.050493672490119934,14.46551724137931,425.0,199,645.0,126.0,0.19534883720930232,0.043940886699507464,False,0.2681818181818182,0.0446927374301676,0.0,,,71,person,0.2,0.1,heuristic,mask2former_swinb_cityscapes,acdc_night_targetcal100,48
,,,,-1,True,,0.5033780429509073,0.004985579289495945,,,406,,,0.4790697674418605,,False,,,,,,71,person,0.2,0.1,argmax,mask2former_swinb_cityscapes,acdc_night_targetcal100,48
,,,0.9999665804959974,746,True,0.05559072418368901,0.05559072418368901,0.37670567631721497,27.8128078817734,725.0,199,645.0,33.0,0.05116279069767442,0.07546798029556656,False,0.06818181818181818,0.01675977653631285,0.0,,,71,person,0.05,0.5,region_crc,mask2former_swinb_cityscapes,acdc_night_targetcal100,48
,,,0.9999442814251068,709,True,0.08152341795557877,0.08152341795557877,0.3082559406757355,28.47783251231527,700.0,199,645.0,51.0,0.07906976744186046,0.0738423645320197,False,0.10681818181818181,0.0223463687150838,0.0,,,71,person,0.05,0.5,heuristic,mask2former_swinb_cityscapes,acdc_night_targetcal100,48
,,,,-1,True,,0.5906524937931974,0.004985579289495945,,,406,,,0.5627906976744186,,False,,,,,,71,person,0.05,0.5,argmax,mask2former_swinb_cityscapes,acdc_night_targetcal100,48
,,,0.9998669545582022,646,True,0.11008505732123822,0.1100850573212382,0.2053031027317047,28.472906403940886,625.0,199,645.0,68.0,0.10542635658914729,0.10704433497536947,False,0.14545454545454545,0.0223463687150838,0.0,,,71,person,0.1,0.5,region_crc,mask2former_swinb_cityscapes,acdc_night_targetcal100,48
,,,0.9998120683183197,621,True,0.12679360003480605,0.12679360003480605,0.17265324294567108,26.97536945812808,600.0,199,645.0,79.0,0.12248062015503876,0.08807881773399018,False,0.17045454545454544,0.0223463687150838,0.0,,,71,person,0.1,0.5,heuristic,mask2former_swinb_cityscapes,acdc_night_targetcal100,48
,,,,-1,True,,0.5906524937931974,0.004985579289495945,,,406,,,0.5627906976744186,,False,,,,,,71,person,0.1,0.5,argmax,mask2former_swinb_cityscapes,acdc_night_targetcal100,48
,,,0.9991409864784946,511,True,0.18966441152370797,0.18966441152370803,0.08318307995796204,19.573891625615765,500.0,199,645.0,121.0,0.1875968992248062,0.06783251231527088,False,0.25681818181818183,0.0446927374301676,0.0,,,71,person,0.2,0.5,region_crc,mask2former_swinb_cityscapes,acdc_night_targetcal100,48
,,,0.9990537628386342,504,True,0.19089785145061527,0.19089785145061527,0.07921477407217026,19.573891625615765,500.0,199,645.0,123.0,0.19069767441860466,0.07029556650246305,False,0.26136363636363635,0.0446927374301676,0.0,,,71,person,0.2,0.5,heuristic,mask2former_swinb_cityscapes,acdc_night_targetcal100,48
,,,,-1,True,,0.5906524937931974,0.004985579289495945,,,406,,,0.5627906976744186,,False,,,,,,71,person,0.2,0.5,argmax,mask2former_swinb_cityscapes,acdc_night_targetcal100,48
,,,0.999991946215588,849,True,0.019444444444444445,0.019444444444444445,0.4441849887371063,23.70689655172414,825.0,120,162.0,3.0,0.018518518518518517,0.12394088669950737,False,0.02459016393442623,0.0,0.0,,,71,rider,0.05,0.1,region_crc,mask2former_swinb_cityscapes,acdc_night_targetcal100,26
,,,0.999989383044428,829,True,0.019444444444444445,0.019444444444444445,0.39863109588623047,23.70689655172414,825.0,120,162.0,3.0,0.018518518518518517,0.09453201970443348,False,0.02459016393442623,0.0,0.0,,,71,rider,0.05,0.1,heuristic,mask2former_swinb_cityscapes,acdc_night_targetcal100,26
,,,,-1,True,,0.7930555555555555,0.0003919565351679921,,,406,,,0.7962962962962963,,False,,,,,,71,rider,0.05,0.1,argmax,mask2former_swinb_cityscapes,acdc_night_targetcal100,26
,,,0.9999045007413978,670,True,0.10694444444444444,0.10694444444444444,0.13852475583553314,23.43103448275862,650.0,120,162.0,17.0,0.10493827160493827,0.10536945812807885,False,0.13934426229508196,0.0,0.0,,,71,rider,0.1,0.1,region_crc,mask2former_swinb_cityscapes,acdc_night_targetcal100,26
,,,0.9998613244171128,643,True,0.15277777777777776,0.1527777777777778,0.11524879187345505,21.48768472906404,625.0,120,162.0,24.0,0.14814814814814814,0.09669950738916255,False,0.19672131147540983,0.0,0.0,,,71,rider,0.1,0.1,heuristic,mask2former_swinb_cityscapes,acdc_night_targetcal100,26
,,,,-1,True,,0.7930555555555555,0.0003919565351679921,,,406,,,0.7962962962962963,,False,,,,,,71,rider,0.1,0.1,argmax,mask2former_swinb_cityscapes,acdc_night_targetcal100,26
,,,0.9994847713554182,548,True,0.21944444444444444,0.21944444444444447,0.057471901178359985,14.135467980295566,525.0,120,162.0,32.0,0.19753086419753085,0.06778325123152706,False,0.2540983606557377,0.03125,0.0,,,71,rider,0.2,0.1,region_crc,mask2former_swinb_cityscapes,acdc_night_targetcal100,26
,,,0.9989860886142633,499,True,0.2722222222222222,0.27222222222222225,0.03853721171617508,10.793103448275861,475.0,120,162.0,43.0,0.2654320987654321,0.06901477832512315,False,0.319672131147541,0.125,0.0,,,71,rider,0.2,0.1,heuristic,mask2former_swinb_cityscapes,acdc_night_targetcal100,26
,,,,-1,True,,0.7930555555555555,0.0003919565351679921,,,406,,,0.7962962962962963,,False,,,,,,71,rider,0.2,0.1,argmax,mask2former_swinb_cityscapes,acdc_night_targetcal100,26
,,,0.9999949649939122,883,True,0.023611111111111107,0.023611111111111114,0.5239563584327698,19.199507389162562,875.0,120,162.0,4.0,0.024691358024691357,0.10541871921182266,False,0.03278688524590164,0.0,0.0,,,71,rider,0.05,0.5,region_crc,mask2former_swinb_cityscapes,acdc_night_targetcal100,26
,,,0.9999931766130585,861,True,0.03194444444444444,0.03194444444444445,0.47433915734291077,21.91625615763547,850.0,120,162.0,5.0,0.030864197530864196,0.10891625615763545,False,0.040983606557377046,0.0,0.0,,,71,rider,0.05,0.5,heuristic,mask2former_swinb_cityscapes,acdc_night_targetcal100,26
,,,,-1,True,,0.8388888888888888,0.0003919565351679921,,,406,,,0.845679012345679,,False,,,,,,71,rider,0.05,0.5,argmax,mask2former_swinb_cityscapes,acdc_night_targetcal100,26
,,,0.9999930816902908,860,True,0.03194444444444444,0.03194444444444445,0.4715104103088379,21.91625615763547,850.0,120,162.0,5.0,0.030864197530864196,0.10684729064039405,False,0.040983606557377046,0.0,0.0,,,71,rider,0.1,0.5,region_crc,mask2former_swinb_cityscapes,acdc_night_targetcal100,26
,,,0.9999234403393089,686,True,0.14444444444444443,0.14444444444444446,0.15396025776863098,24.295566502463053,675.0,120,162.0,21.0,0.12962962962962962,0.1106896551724138,False,0.1721311475409836,0.0,0.0,,,71,rider,0.1,0.5,heuristic,mask2former_swinb_cityscapes,acdc_night_targetcal100,26
,,,,-1,True,,0.8388888888888888,0.0003919565351679921,,,406,,,0.845679012345679,,False,,,,,,71,rider,0.1,0.5,argmax,mask2former_swinb_cityscapes,acdc_night_targetcal100,26
,,,0.9996866714275684,584,True,0.2472222222222222,0.24722222222222223,0.07330732047557831,17.738916256157637,575.0,120,162.0,37.0,0.22839506172839505,0.06807881773399016,False,0.26229508196721313,0.15625,0.0,,,71,rider,0.2,0.5,region_crc,mask2former_swinb_cityscapes,acdc_night_targetcal100,26
,,,0.9994165548957262,539,True,0.2833333333333333,0.2833333333333333,0.053627654910087585,14.135467980295566,525.0,120,162.0,43.0,0.2654320987654321,0.06300492610837438,False,0.29508196721311475,0.21875,0.0,,,71,rider,0.2,0.5,heuristic,mask2former_swinb_cityscapes,acdc_night_targetcal100,26
,,,,-1,True,,0.8388888888888888,0.0003919565351679921,,,406,,,0.845679012345679,,False,,,,,,71,rider,0.2,0.5,argmax,mask2former_swinb_cityscapes,acdc_night_targetcal100,26
,,,0.9999837070396737,798,True,0.039083557951482474,0.039083557951482474,0.30570992827415466,29.408866995073893,775.0,106,255.0,6.0,0.023529411764705882,0.08980295566502461,False,0.0392156862745098,0.0,0.0,,,71,bicycle,0.05,0.1,region_crc,mask2former_swinb_cityscapes,acdc_night_targetcal100,24
,,,0.9999223752883372,685,True,0.13919586702605571,0.1391958670260557,0.1318369209766388,26.310344827586206,675.0,106,255.0,28.0,0.10980392156862745,0.0701477832512315,False,0.16339869281045752,0.038461538461538464,0.0,,,71,bicycle,0.05,0.1,heuristic,mask2former_swinb_cityscapes,acdc_night_targetcal100,24
,,,,-1,True,,0.8119684037136867,0.0007038935436867177,,,406,,,0.788235294117647,,False,,,,,,71,bicycle,0.05,0.1,argmax,mask2former_swinb_cityscapes,acdc_night_targetcal100,24
,,,0.999748811356849,600,True,0.22778526504941596,0.22778526504941599,0.06573229283094406,20.45320197044335,600.0,106,255.0,52.0,0.20392156862745098,0.11871921182266021,False,0.30718954248366015,0.0641025641025641,0.0,,,71,bicycle,0.1,0.1,region_crc,mask2former_swinb_cityscapes,acdc_night_targetcal100,24
,,,0.9997194566362049,592,True,0.2464285714285714,0.2464285714285714,0.061347655951976776,18.32758620689655,575.0,106,255.0,56.0,0.2196078431372549,0.12886699507389154,False,0.32679738562091504,0.0641025641025641,0.041666666666666664,,,71,bicycle,0.1,0.1,heuristic,mask2former_swinb_cityscapes,acdc_night_targetcal100,24
,,,,-1,True,,0.8119684037136867,0.0007038935436867177,,,406,,,0.788235294117647,,False,,,,,,71,bicycle,0.1,0.1,argmax,mask2former_swinb_cityscapes,acdc_night_targetcal100,24
,,,0.9984223887303006,467,True,0.4211889787361485,0.4211889787361485,0.019274087622761726,8.571428571428571,450.0,106,255.0,100.0,0.39215686274509803,0.08748768472906404,False,0.5555555555555556,0.16666666666666666,0.08333333333333333,,,71,bicycle,0.2,0.1,region_crc,mask2former_swinb_cityscapes,acdc_night_targetcal100,24
,,,0.9981379128633371,455,True,0.4432015573525008,0.4432015573525007,0.017079561948776245,8.571428571428571,450.0,106,255.0,104.0,0.40784313725490196,0.0727093596059113,False,0.5751633986928104,0.1794871794871795,0.08333333333333333,,,71,bicycle,0.2,0.1,heuristic,mask2former_swinb_cityscapes,acdc_night_targetcal100,24
,,,,-1,True,,0.8119684037136867,0.0007038935436867177,,,406,,,0.788235294117647,,False,,,,,,71,bicycle,0.2,0.1,argmax,mask2former_swinb_cityscapes,acdc_night_targetcal100,24
,,,0.999989383044428,829,True,0.060085354896675644,0.06008535489667566,0.3712497055530548,26.852216748768473,825.0,106,255.0,12.0,0.047058823529411764,0.07344827586206892,False,0.06535947712418301,0.02564102564102564,0.0,,,71,bicycle,0.05,0.5,region_crc,mask2former_swinb_cityscapes,acdc_night_targetcal100,24
,,,0.9999683772233983,750,True,0.14831536388140162,0.14831536388140162,0.22106482088565826,29.6871921182266,750.0,106,255.0,28.0,0.10980392156862745,0.07300492610837439,False,0.1503267973856209,0.0641025641025641,0.0,,,71,bicycle,0.05,0.5,heuristic,mask2former_swinb_cityscapes,acdc_night_targetcal100,24
,,,,-1,True,,0.8767183288409705,0.0007038935436867177,,,406,,,0.8549019607843137,,False,,,,,,71,bicycle,0.05,0.5,argmax,mask2former_swinb_cityscapes,acdc_night_targetcal100,24
,,,0.9999571451479603,728,True,0.17535938903863432,0.1753593890386343,0.18656523525714874,29.399014778325125,725.0,106,255.0,33.0,0.12941176470588237,0.09719211822660101,False,0.1830065359477124,0.0641025641025641,0.0,,,71,bicycle,0.1,0.5,region_crc,mask2former_swinb_cityscapes,acdc_night_targetcal100,24
,,,0.9999571451479603,728,True,0.17535938903863432,0.1753593890386343,0.18656523525714874,29.399014778325125,725.0,106,255.0,33.0,0.12941176470588237,0.09719211822660101,False,0.1830065359477124,0.0641025641025641,0.0,,,71,bicycle,0.1,0.5,heuristic,mask2former_swinb_cityscapes,acdc_night_targetcal100,24
,,,,-1,True,,0.8767183288409705,0.0007038935436867177,,,406,,,0.8549019607843137,,False,,,,,,71,bicycle,0.1,0.5,argmax,mask2former_swinb_cityscapes,acdc_night_targetcal100,24
,,,0.9997417739809366,598,True,0.3122416891284816,0.3122416891284816,0.0645906925201416,18.32758620689655,575.0,106,255.0,73.0,0.28627450980392155,0.11640394088669948,False,0.39869281045751637,0.11538461538461539,0.125,,,71,bicycle,0.2,0.5,region_crc,mask2former_swinb_cityscapes,acdc_night_targetcal100,24
,,,0.9996091591042076,568,True,0.3495432764300688,0.3495432764300688,0.05032528564333916,15.88423645320197,550.0,106,255.0,86.0,0.33725490196078434,0.12655172413793103,False,0.46405228758169936,0.15384615384615385,0.125,,,71,bicycle,0.2,0.5,heuristic,mask2former_swinb_cityscapes,acdc_night_targetcal100,24
,,,,-1,True,,0.8767183288409705,0.0007038935436867177,,,406,,,0.8549019607843137,,False,,,,,,71,bicycle,0.2,0.5,argmax,mask2former_swinb_cityscapes,acdc_night_targetcal100,24
,,,0.9999610954855006,735,True,0.03341926080619548,0.03341926080619548,0.34767046570777893,27.84729064039409,725.0,199,642.0,18.0,0.028037383177570093,0.12354679802955659,False,0.03854875283446712,0.005681818181818182,0.0,,,72,person,0.05,0.1,region_crc,mask2former_swinb_cityscapes,acdc_night_targetcal100,48
,,,0.9999411156344644,705,True,0.044849518153538256,0.04484951815353825,0.29331567883491516,28.549261083743843,700.0,199,642.0,27.0,0.04205607476635514,0.1303448275862068,False,0.05668934240362812,0.011363636363636364,0.0,,,72,person,0.05,0.1,heuristic,mask2former_swinb_cityscapes,acdc_night_targetcal100,48
,,,,-1,True,,0.5153730412524382,0.005256932228803635,,,406,,,0.4968847352024922,,False,,,,,,72,person,0.05,0.1,argmax,mask2former_swinb_cityscapes,acdc_night_targetcal100,48
,,,0.9999168236228897,680,True,0.05167531379842937,0.05167531379842937,0.249844029545784,29.320197044334975,675.0,199,642.0,32.0,0.04984423676012461,0.119064039408867,False,0.06575963718820861,0.017045454545454544,0.0,,,72,person,0.1,0.1,region_crc,mask2former_swinb_cityscapes,acdc_night_targetcal100,48
,,,0.9997522577942367,601,True,0.08490232548021492,0.08490232548021492,0.14645732939243317,26.761083743842363,600.0,199,642.0,54.0,0.08411214953271028,0.12369458128078814,False,0.11564625850340136,0.017045454545454544,0.0,,,72,person,0.1,0.1,heuristic,mask2former_swinb_cityscapes,acdc_night_targetcal100,48
,,,,-1,True,,0.5153730412524382,0.005256932228803635,,,406,,,0.4968847352024922,,False,,,,,,72,person,0.1,0.1,argmax,mask2former_swinb_cityscapes,acdc_night_targetcal100,48
,,,0.9985874624553772,475,True,0.16461584897514547,0.16461584897514545,0.06386914104223251,17.211822660098523,475.0,199,642.0,109.0,0.16978193146417445,0.07901477832512305,False,0.24036281179138322,0.017045454545454544,0.0,,,72,person,0.2,0.1,region_crc,mask2former_swinb_cityscapes,acdc_night_targetcal100,48
,,,0.9978021401272151,443,True,0.18845298336504365,0.18845298336504365,0.051883481442928314,14.261083743842365,425.0,199,642.0,125.0,0.19470404984423675,0.10487684729064028,False,0.2743764172335601,0.022727272727272728,0.0,,,72,person,0.2,0.1,heuristic,mask2former_swinb_cityscapes,acdc_night_targetcal100,48
,,,,-1,True,,0.5153730412524382,0.005256932228803635,,,406,,,0.4968847352024922,,False,,,,,,72,person,0.2,0.1,argmax,mask2former_swinb_cityscapes,acdc_night_targetcal100,48
,,,0.9999782229022764,777,True,0.03924003132545846,0.03924003132545846,0.44256868958473206,24.137931034482758,775.0,199,642.0,24.0,0.037383177570093455,0.09379310344827585,False,0.049886621315192746,0.011363636363636364,0.0,,,72,person,0.05,0.5,region_crc,mask2former_swinb_cityscapes,acdc_night_targetcal100,48
,,,0.9999665804959974,746,True,0.05044187387152212,0.05044187387152211,0.37151649594306946,27.84729064039409,725.0,199,642.0,32.0,0.04984423676012461,0.11600985221674875,False,0.06575963718820861,0.017045454545454544,0.0,,,72,person,0.05,0.5,heuristic,mask2former_swinb_cityscapes,acdc_night_targetcal100,48
,,,,-1,True,,0.5904303262343463,0.005256932228803635,,,406,,,0.5809968847352025,,False,,,,,,72,person,0.05,0.5,argmax,mask2former_swinb_cityscapes,acdc_night_targetcal100,48
,,,0.9999565489775828,727,True,0.057199145076029495,0.05719914507602949,0.33137941360473633,27.84729064039409,725.0,199,642.0,39.0,0.06074766355140187,0.14078817733990145,False,0.08163265306122448,0.017045454545454544,0.0,,,72,person,0.1,0.5,region_crc,mask2former_swinb_cityscapes,acdc_night_targetcal100,48
,,,0.9999369042655519,700,True,0.0763117535730601,0.0763117535730601,0.2849147915840149,28.549261083743843,700.0,199,642.0,49.0,0.0763239875389408,0.12527093596059113,False,0.10430839002267574,0.017045454545454544,0.0,,,72,person,0.1,0.5,heuristic,mask2former_swinb_cityscapes,acdc_night_targetcal100,48
,,,,-1,True,,0.5904303262343463,0.005256932228803635,,,406,,,0.5809968847352025,,False,,,,,,72,person,0.1,0.5,argmax,mask2former_swinb_cityscapes,acdc_night_targetcal100,48
,,,0.9990537628386342,504,True,0.19406866862897015,0.1940686686289701,0.07714519649744034,19.396551724137932,500.0,199,642.0,124.0,0.19314641744548286,0.08201970443349754,False,0.272108843537415,0.022727272727272728,0.0,,,72,person,0.2,0.5,region_crc,mask2former_swinb_cityscapes,acdc_night_targetcal100,48
,,,0.9990137205143688,501,True,0.19713528375588674,0.1971352837558868,0.07559606432914734,19.396551724137932,500.0,199,642.0,127.0,0.19781931464174454,0.08940886699507383,False,0.2789115646258503,0.022727272727272728,0.0,,,72,person,0.2,0.5,heuristic,mask2former_swinb_cityscapes,acdc_night_targetcal100,48
,,,,-1,True,,0.5904303262343463,0.005256932228803635,,,406,,,0.5809968847352025,,False,,,,,,72,person,0.2,0.5,argmax,mask2former_swinb_cityscapes,acdc_night_targetcal100,48
,,,0.9999952356901319,887,True,0.008771929824561403,0.008771929824561403,0.5403847694396973,19.06650246305419,875.0,114,146.0,1.0,0.00684931506849315,0.09512315270935962,False,0.009174311926605505,0.0,0.0,,,72,rider,0.05,0.1,region_crc,mask2former_swinb_cityscapes,acdc_night_targetcal100,32
,,,0.999988779815457,825,True,0.021929824561403508,0.021929824561403508,0.39230072498321533,23.689655172413794,825.0,114,146.0,3.0,0.02054794520547945,0.12310344827586209,False,0.027522935779816515,0.0,0.0,,,72,rider,0.05,0.1,heuristic,mask2former_swinb_cityscapes,acdc_night_targetcal100,32
,,,,-1,True,,0.7631578947368421,0.0003427120973356068,,,406,,,0.7945205479452054,,False,,,,,,72,rider,0.05,0.1,argmax,mask2former_swinb_cityscapes,acdc_night_targetcal100,32
,,,0.999988779815457,825,True,0.021929824561403508,0.021929824561403508,0.39230072498321533,23.689655172413794,825.0,114,146.0,3.0,0.02054794520547945,0.12310344827586209,False,0.027522935779816515,0.0,0.0,,,72,rider,0.1,0.1,region_crc,mask2former_swinb_cityscapes,acdc_night_targetcal100,32
,,,0.9999465435640603,712,True,0.06578947368421052,0.06578947368421052,0.1819208413362503,25.495073891625616,700.0,114,146.0,9.0,0.06164383561643835,0.09423645320197044,False,0.08256880733944955,0.0,0.0,,,72,rider,0.1,0.1,heuristic,mask2former_swinb_cityscapes,acdc_night_targetcal100,32
,,,,-1,True,,0.7631578947368421,0.0003427120973356068,,,406,,,0.7945205479452054,,False,,,,,,72,rider,0.1,0.1,argmax,mask2former_swinb_cityscapes,acdc_night_targetcal100,32
,,,0.999868780010098,647,True,0.13157894736842105,0.13157894736842105,0.11784146726131439,21.192118226600986,625.0,114,146.0,18.0,0.1232876712328767,0.11236453201970445,False,0.1651376146788991,0.0,0.0,,,72,rider,0.2,0.1,region_crc,mask2former_swinb_cityscapes,acdc_night_targetcal100,32
,,,0.9997453169747414,599,True,0.15350877192982457,0.15350877192982457,0.08168523758649826,17.497536945812808,575.0,114,146.0,21.0,0.14383561643835616,0.0947290640394089,False,0.1743119266055046,0.06896551724137931,0.0,,,72,rider,0.2,0.1,heuristic,mask2former_swinb_cityscapes,acdc_night_targetcal100,32
,,,,-1,True,,0.7631578947368421,0.0003427120973356068,,,406,,,0.7945205479452054,,False,,,,,,72,rider,0.2,0.1,argmax,mask2former_swinb_cityscapes,acdc_night_targetcal100,32
,,,0.9999964843955947,909,True,0.013157894736842105,0.013157894736842105,0.590111494064331,16.248768472906406,900.0,114,146.0,2.0,0.0136986301369863,0.08453201970443347,False,0.01834862385321101,0.0,0.0,,,72,rider,0.05,0.5,region_crc,mask2former_swinb_cityscapes,acdc_night_targetcal100,32
,,,0.9999899538420972,833,True,0.039473684210526314,0.039473684210526314,0.40997084975242615,23.689655172413794,825.0,114,146.0,6.0,0.0410958904109589,0.11049261083743842,False,0.045871559633027525,0.034482758620689655,0.0,,,72,rider,0.05,0.5,heuristic,mask2former_swinb_cityscapes,acdc_night_targetcal100,32
,,,,-1,True,,0.8245614035087719,0.0003427120973356068,,,406,,,0.8561643835616438,,False,,,,,,72,rider,0.05,0.5,argmax,mask2former_swinb_cityscapes,acdc_night_targetcal100,32
,,,0.9999899538420972,833,True,0.039473684210526314,0.039473684210526314,0.40997084975242615,23.689655172413794,825.0,114,146.0,6.0,0.0410958904109589,0.11049261083743842,False,0.045871559633027525,0.034482758620689655,0.0,,,72,rider,0.1,0.5,region_crc,mask2former_swinb_cityscapes,acdc_night_targetcal100,32
,,,0.999985003151645,804,True,0.05701754385964912,0.05701754385964912,0.3413267135620117,26.019704433497537,800.0,114,146.0,8.0,0.0547945205479452,0.11571428571428571,False,0.06422018348623854,0.034482758620689655,0.0,,,72,rider,0.1,0.5,heuristic,mask2former_swinb_cityscapes,acdc_night_targetcal100,32
,,,,-1,True,,0.8245614035087719,0.0003427120973356068,,,406,,,0.8561643835616438,,False,,,,,,72,rider,0.1,0.5,argmax,mask2former_swinb_cityscapes,acdc_night_targetcal100,32
,,,0.9999507960464319,718,True,0.08333333333333333,0.08333333333333333,0.19047294557094574,25.495073891625616,700.0,114,146.0,12.0,0.0821917808219178,0.09901477832512316,False,0.10091743119266056,0.034482758620689655,0.0,,,72,rider,0.2,0.5,region_crc,mask2former_swinb_cityscapes,acdc_night_targetcal100,32
,,,0.999917964845567,681,True,0.12719298245614036,0.12719298245614036,0.14717821776866913,23.805418719211822,675.0,114,146.0,17.0,0.11643835616438356,0.11192118226600983,False,0.14678899082568808,0.034482758620689655,0.0,,,72,rider,0.2,0.5,heuristic,mask2former_swinb_cityscapes,acdc_night_targetcal100,32
,,,,-1,True,,0.8245614035087719,0.0003427120973356068,,,406,,,0.8561643835616438,,False,,,,,,72,rider,0.2,0.5,argmax,mask2former_swinb_cityscapes,acdc_night_targetcal100,32
,,,0.9999983327527875,963,True,0.0,0.0,0.7224235534667969,10.844827586206897,963.0,103,229.0,0.0,0.0,0.12064039408867,False,0.0,0.0,0.0,,,72,bicycle,0.05,0.1,region_crc,mask2former_swinb_cityscapes,acdc_night_targetcal100,27
,,,0.9999896723859424,831,True,0.016181229773462785,0.016181229773462782,0.3781052827835083,26.25862068965517,825.0,103,229.0,3.0,0.013100436681222707,0.09729064039408866,False,0.022222222222222223,0.0,0.0,,,72,bicycle,0.05,0.1,heuristic,mask2former_swinb_cityscapes,acdc_night_targetcal100,27
,,,,-1,True,,0.8146902450300507,0.0005878760130144656,,,406,,,0.7991266375545851,,False,,,,,,72,bicycle,0.05,0.1,argmax,mask2former_swinb_cityscapes,acdc_night_targetcal100,27
,,,0.9999867565846481,813,True,0.016181229773462785,0.016181229773462782,0.3379664719104767,28.08374384236453,800.0,103,229.0,3.0,0.013100436681222707,0.1193596059113301,False,0.022222222222222223,0.0,0.0,,,72,bicycle,0.1,0.1,region_crc,mask2former_swinb_cityscapes,acdc_night_targetcal100,27
,,,0.9999830175634754,795,True,0.01779935275080906,0.01779935275080906,0.29930350184440613,29.211822660098523,775.0,103,229.0,4.0,0.017467248908296942,0.12064039408866997,False,0.02962962962962963,0.0,0.0,,,72,bicycle,0.1,0.1,heuristic,mask2former_swinb_cityscapes,acdc_night_targetcal100,27
,,,,-1,True,,0.8146902450300507,0.0005878760130144656,,,406,,,0.7991266375545851,,False,,,,,,72,bicycle,0.1,0.1,argmax,mask2former_swinb_cityscapes,acdc_night_targetcal100,27
,,,0.9999621557415282,737,True,0.05154877484974573,0.051548774849745724,0.20101916790008545,29.40394088669951,725.0,103,229.0,11.0,0.048034934497816595,0.09364532019704434,False,0.06666666666666667,0.0273972602739726,0.0,,,72,bicycle,0.2,0.1,region_crc,mask2former_swinb_cityscapes,acdc_night_targetcal100,27
,,,0.9999547102420097,724,True,0.06611188164586222,0.06611188164586222,0.18049094080924988,27.61576354679803,700.0,103,229.0,14.0,0.0611353711790393,0.09886699507389163,False,0.08148148148148149,0.0410958904109589,0.0,,,72,bicycle,0.2,0.1,heuristic,mask2former_swinb_cityscapes,acdc_night_targetcal100,27
,,,,-1,True,,0.8146902450300507,0.0005878760130144656,,,406,,,0.7991266375545851,,False,,,,,,72,bicycle,0.2,0.1,argmax,mask2former_swinb_cityscapes,acdc_night_targetcal100,27
,,,0.9999984004419714,966,True,0.0048543689320388345,0.0048543689320388345,0.7287026643753052,10.514778325123153,966.0,103,229.0,1.0,0.004366812227074236,0.09802955665024637,False,0.007407407407407408,0.0,0.0,,,72,bicycle,0.05,0.5,region_crc,mask2former_swinb_cityscapes,acdc_night_targetcal100,27
,,,0.9999982860426925,961,True,0.0048543689320388345,0.0048543689320388345,0.7136973142623901,11.201970443349754,961.0,103,229.0,1.0,0.004366812227074236,0.11325123152709371,False,0.007407407407407408,0.0,0.0,,,72,bicycle,0.05,0.5,heuristic,mask2former_swinb_cityscapes,acdc_night_targetcal100,27
,,,,-1,True,,0.8747457235321313,0.0005878760130144656,,,406,,,0.8558951965065502,,False,,,,,,72,bicycle,0.05,0.5,argmax,mask2former_swinb_cityscapes,acdc_night_targetcal100,27
,,,0.9999982860426925,961,True,0.0048543689320388345,0.0048543689320388345,0.7136973142623901,11.201970443349754,961.0,103,229.0,1.0,0.004366812227074236,0.11325123152709371,False,0.007407407407407408,0.0,0.0,,,72,bicycle,0.1,0.5,region_crc,mask2former_swinb_cityscapes,acdc_night_targetcal100,27
,,,0.999991488619618,845,True,0.025080906148867314,0.025080906148867314,0.4111156761646271,26.25862068965517,825.0,103,229.0,6.0,0.026200873362445413,0.08586206896551724,False,0.037037037037037035,0.0136986301369863,0.0,,,72,bicycle,0.1,0.5,heuristic,mask2former_swinb_cityscapes,acdc_night_targetcal100,27
,,,,-1,True,,0.8747457235321313,0.0005878760130144656,,,406,,,0.8558951965065502,,False,,,,,,72,bicycle,0.1,0.5,argmax,mask2former_swinb_cityscapes,acdc_night_targetcal100,27
,,,0.9999742960421724,765,True,0.0863384188626907,0.0863384188626907,0.24478144943714142,29.711822660098523,750.0,103,229.0,18.0,0.07860262008733625,0.10921182266009855,False,0.0962962962962963,0.0684931506849315,0.0,,,72,bicycle,0.2,0.5,region_crc,mask2former_swinb_cityscapes,acdc_night_targetcal100,27
,,,0.9999739384645,764,True,0.0863384188626907,0.0863384188626907,0.2432870715856552,29.711822660098523,750.0,103,229.0,18.0,0.07860262008733625,0.10921182266009855,False,0.0962962962962963,0.0684931506849315,0.0,,,72,bicycle,0.2,0.5,heuristic,mask2former_swinb_cityscapes,acdc_night_targetcal100,27
,,,,-1,True,,0.8747457235321313,0.0005878760130144656,,,406,,,0.8558951965065502,,False,,,,,,72,bicycle,0.2,0.5,argmax,mask2former_swinb_cityscapes,acdc_night_targetcal100,27
,,,0.9999527936958736,721,True,0.04119484784509415,0.04119484784509415,0.33451882004737854,28.35960591133005,700.0,203,697.0,21.0,0.03012912482065997,0.11852216748768474,False,0.04132231404958678,0.005376344086021506,0.0,,,73,person,0.05,0.1,region_crc,mask2former_swinb_cityscapes,acdc_night_targetcal100,44
,,,0.9999304975682412,693,True,0.05094443733606295,0.05094443733606295,0.28588971495628357,28.91625615763547,675.0,203,697.0,29.0,0.04160688665710186,0.12073891625615762,False,0.05371900826446281,0.016129032258064516,0.0,,,73,person,0.05,0.1,heuristic,mask2former_swinb_cityscapes,acdc_night_targetcal100,44
,,,,-1,True,,0.5072374396266022,0.005245706532150507,,,406,,,0.4878048780487805,,False,,,,,,73,person,0.05,0.1,argmax,mask2former_swinb_cityscapes,acdc_night_targetcal100,44
,,,0.9999004594582649,667,True,0.06421880664491501,0.06421880664491503,0.23959849774837494,29.67487684729064,650.0,203,697.0,37.0,0.05308464849354376,0.09970443349753688,False,0.07024793388429752,0.016129032258064516,0.0,,,73,person,0.1,0.1,region_crc,mask2former_swinb_cityscapes,acdc_night_targetcal100,44
,,,0.9998472433941762,636,True,0.06933550849807008,0.06933550849807006,0.19555014371871948,28.834975369458128,625.0,203,697.0,44.0,0.06312769010043041,0.10788177339901484,False,0.08264462809917356,0.021505376344086023,0.0,,,73,person,0.1,0.1,heuristic,mask2former_swinb_cityscapes,acdc_night_targetcal100,44
,,,,-1,True,,0.5072374396266022,0.005245706532150507,,,406,,,0.4878048780487805,,False,,,,,,73,person,0.1,0.1,argmax,mask2former_swinb_cityscapes,acdc_night_targetcal100,44
,,,0.9956748616896499,394,True,0.22207147668970326,0.22207147668970328,0.03981977328658104,11.35960591133005,375.0,203,697.0,150.0,0.2152080344332855,0.06615763546798037,False,0.29132231404958675,0.04838709677419355,0.0,,,73,person,0.2,0.1,region_crc,mask2former_swinb_cityscapes,acdc_night_targetcal100,44
,,,0.9956748616896499,394,True,0.22207147668970326,0.22207147668970328,0.03981977328658104,11.35960591133005,375.0,203,697.0,150.0,0.2152080344332855,0.06615763546798037,False,0.29132231404958675,0.04838709677419355,0.0,,,73,person,0.2,0.1,heuristic,mask2former_swinb_cityscapes,acdc_night_targetcal100,44
,,,,-1,True,,0.5072374396266022,0.005245706532150507,,,406,,,0.4878048780487805,,False,,,,,,73,person,0.2,0.1,argmax,mask2former_swinb_cityscapes,acdc_night_targetcal100,44
,,,0.9999732083167518,762,True,0.047537212377113856,0.047537212377113856,0.41740402579307556,25.82758620689655,750.0,203,697.0,30.0,0.043041606886657105,0.12674876847290645,False,0.05371900826446281,0.021505376344086023,0.0,,,73,person,0.05,0.5,region_crc,mask2former_swinb_cityscapes,acdc_night_targetcal100,44
,,,0.9999631871026358,739,True,0.058061171176934726,0.058061171176934726,0.3697546720504761,27.79064039408867,725.0,203,697.0,37.0,0.05308464849354376,0.1358128078817734,False,0.06818181818181818,0.021505376344086023,0.0,,,73,person,0.05,0.5,heuristic,mask2former_swinb_cityscapes,acdc_night_targetcal100,44
,,,,-1,True,,0.5949977499238583,0.005245706532150507,,,406,,,0.5781922525107605,,False,,,,,,73,person,0.05,0.5,argmax,mask2former_swinb_cityscapes,acdc_night_targetcal100,44
,,,0.999950111551254,717,True,0.06795070692853944,0.06795070692853944,0.3269948363304138,28.35960591133005,700.0,203,697.0,43.0,0.06169296987087518,0.1211330049261084,False,0.08057851239669421,0.021505376344086023,0.0,,,73,person,0.1,0.5,region_crc,mask2former_swinb_cityscapes,acdc_night_targetcal100,44
,,,0.9999004594582649,667,True,0.09346597573198558,0.09346597573198558,0.23959849774837494,29.67487684729064,650.0,203,697.0,59.0,0.08464849354375897,0.09970443349753688,False,0.11363636363636363,0.021505376344086023,0.0,,,73,person,0.1,0.5,heuristic,mask2former_swinb_cityscapes,acdc_night_targetcal100,44
,,,,-1,True,,0.5949977499238583,0.005245706532150507,,,406,,,0.5781922525107605,,False,,,,,,73,person,0.1,0.5,argmax,mask2former_swinb_cityscapes,acdc_night_targetcal100,44
,,,0.9994629682036298,545,True,0.17885116388810968,0.1788511638881097,0.10894344002008438,22.147783251231527,525.0,203,697.0,118.0,0.16929698708751795,0.09871921182266019,False,0.22933884297520662,0.03763440860215054,0.0,,,73,person,0.2,0.5,region_crc,mask2former_swinb_cityscapes,acdc_night_targetcal100,44
,,,0.9987697312291877,485,True,0.2072239678766772,0.2072239678766772,0.07215841114521027,17.608374384236452,475.0,203,697.0,140.0,0.20086083213773315,0.12221674876847288,False,0.2727272727272727,0.043010752688172046,0.0,,,73,person,0.2,0.5,heuristic,mask2former_swinb_cityscapes,acdc_night_targetcal100,44
,,,,-1,True,,0.5949977499238583,0.005245706532150507,,,406,,,0.5781922525107605,,False,,,,,,73,person,0.2,0.5,argmax,mask2former_swinb_cityscapes,acdc_night_targetcal100,44
,,,0.9998872802543824,658,True,0.14637681159420288,0.14637681159420293,0.1271950751543045,23.216748768472907,650.0,115,151.0,22.0,0.1456953642384106,0.07221674876847284,False,0.1896551724137931,0.0,0.0,,,73,rider,0.05,0.1,region_crc,mask2former_swinb_cityscapes,acdc_night_targetcal100,31
,,,0.9997271022217192,594,True,0.19855072463768114,0.19855072463768117,0.080450139939785,17.61822660098522,575.0,115,151.0,29.0,0.19205298013245034,0.07098522167487686,False,0.23275862068965517,0.07142857142857142,0.0,,,73,rider,0.05,0.1,heuristic,mask2former_swinb_cityscapes,acdc_night_targetcal100,31
,,,,-1,True,,0.7927536231884058,0.00038969493471086025,,,406,,,0.8013245033112583,,False,,,,,,73,rider,0.05,0.1,argmax,mask2former_swinb_cityscapes,acdc_night_targetcal100,31
,,,0.9997271022217192,594,True,0.19855072463768114,0.19855072463768117,0.080450139939785,17.61822660098522,575.0,115,151.0,29.0,0.19205298013245034,0.07098522167487686,False,0.23275862068965517,0.07142857142857142,0.0,,,73,rider,0.1,0.1,region_crc,mask2former_swinb_cityscapes,acdc_night_targetcal100,31
,,,0.9992722201954631,523,True,0.2579710144927536,0.2579710144927536,0.0477580651640892,12.529556650246306,500.0,115,151.0,37.0,0.24503311258278146,0.04625615763546799,False,0.29310344827586204,0.10714285714285714,0.0,,,73,rider,0.1,0.1,heuristic,mask2former_swinb_cityscapes,acdc_night_targetcal100,31
,,,,-1,True,,0.7927536231884058,0.00038969493471086025,,,406,,,0.8013245033112583,,False,,,,,,73,rider,0.1,0.1,argmax,mask2former_swinb_cityscapes,acdc_night_targetcal100,31
,,,0.9988984606904586,493,True,0.2942028985507246,0.2942028985507246,0.03744753822684288,10.839901477832512,475.0,115,151.0,44.0,0.2913907284768212,0.06364532019704434,False,0.3448275862068966,0.14285714285714285,0.0,,,73,rider,0.2,0.1,region_crc,mask2former_swinb_cityscapes,acdc_night_targetcal100,31
,,,0.9981379128633371,455,True,0.30724637681159417,0.30724637681159417,0.027651946991682053,9.189655172413794,450.0,115,151.0,46.0,0.304635761589404,0.0699507389162562,False,0.3620689655172414,0.14285714285714285,0.0,,,73,rider,0.2,0.1,heuristic,mask2former_swinb_cityscapes,acdc_night_targetcal100,31
,,,,-1,True,,0.7927536231884058,0.00038969493471086025,,,406,,,0.8013245033112583,,False,,,,,,73,rider,0.2,0.1,argmax,mask2former_swinb_cityscapes,acdc_night_targetcal100,31
,,,0.9999935434577096,865,True,0.03333333333333333,0.03333333333333333,0.4903353154659271,22.02216748768473,850.0,115,151.0,5.0,0.033112582781456956,0.11241379310344829,False,0.04310344827586207,0.0,0.0,,,73,rider,0.05,0.5,region_crc,mask2former_swinb_cityscapes,acdc_night_targetcal100,31
,,,0.9998948038126176,663,True,0.18115942028985507,0.1811594202898551,0.13176830112934113,23.216748768472907,650.0,115,151.0,27.0,0.17880794701986755,0.07699507389162552,False,0.22413793103448276,0.03571428571428571,0.0,,,73,rider,0.05,0.5,heuristic,mask2former_swinb_cityscapes,acdc_night_targetcal100,31
,,,,-1,True,,0.8362318840579711,0.00038969493471086025,,,406,,,0.8410596026490066,,False,,,,,,73,rider,0.05,0.5,argmax,mask2former_swinb_cityscapes,acdc_night_targetcal100,31
,,,0.9998948038126176,663,True,0.18115942028985507,0.1811594202898551,0.13176830112934113,23.216748768472907,650.0,115,151.0,27.0,0.17880794701986755,0.07699507389162552,False,0.22413793103448276,0.03571428571428571,0.0,,,73,rider,0.1,0.5,region_crc,mask2former_swinb_cityscapes,acdc_night_targetcal100,31
,,,0.999893340387877,662,True,0.18115942028985507,0.1811594202898551,0.13093163073062897,23.216748768472907,650.0,115,151.0,27.0,0.17880794701986755,0.07699507389162552,False,0.22413793103448276,0.03571428571428571,0.0,,,73,rider,0.1,0.5,heuristic,mask2former_swinb_cityscapes,acdc_night_targetcal100,31
,,,,-1,True,,0.8362318840579711,0.00038969493471086025,,,406,,,0.8410596026490066,,False,,,,,,73,rider,0.1,0.5,argmax,mask2former_swinb_cityscapes,acdc_night_targetcal100,31
,,,0.999659591810299,578,True,0.2681159420289855,0.2681159420289855,0.07185536623001099,17.61822660098522,575.0,115,151.0,38.0,0.25165562913907286,0.04694581280788179,False,0.27586206896551724,0.21428571428571427,0.0,,,73,rider,0.2,0.5,region_crc,mask2former_swinb_cityscapes,acdc_night_targetcal100,31
,,,0.9994554973471576,544,True,0.2753623188405797,0.2753623188405797,0.056547507643699646,14.137931034482758,525.0,115,151.0,40.0,0.26490066225165565,0.055862068965517264,False,0.29310344827586204,0.21428571428571427,0.0,,,73,rider,0.2,0.5,heuristic,mask2former_swinb_cityscapes,acdc_night_targetcal100,31
,,,,-1,True,,0.8362318840579711,0.00038969493471086025,,,406,,,0.8410596026490066,,False,,,,,,73,rider,0.2,0.5,argmax,mask2former_swinb_cityscapes,acdc_night_targetcal100,31
,,,0.9999830175634754,795,True,0.04144620811287478,0.04144620811287478,0.3038374185562134,29.541871921182267,775.0,108,252.0,8.0,0.031746031746031744,0.12896551724137933,False,0.05161290322580645,0.0,0.0,,,73,bicycle,0.05,0.1,region_crc,mask2former_swinb_cityscapes,acdc_night_targetcal100,22
,,,0.9999704879077334,755,True,0.06393298059964726,0.06393298059964726,0.23145921528339386,30.054187192118228,750.0,108,252.0,14.0,0.05555555555555555,0.12522167487684732,False,0.07741935483870968,0.028169014084507043,0.0,,,73,bicycle,0.05,0.1,heuristic,mask2former_swinb_cityscapes,acdc_night_targetcal100,22
,,,,-1,True,,0.8549566431510875,0.000705959100741893,,,406,,,0.8134920634920635,,False,,,,,,73,bicycle,0.05,0.1,argmax,mask2former_swinb_cityscapes,acdc_night_targetcal100,22
,,,0.9999704879077334,755,True,0.06393298059964726,0.06393298059964726,0.23145921528339386,30.054187192118228,750.0,108,252.0,14.0,0.05555555555555555,0.12522167487684732,False,0.07741935483870968,0.028169014084507043,0.0,,,73,bicycle,0.1,0.1,region_crc,mask2former_swinb_cityscapes,acdc_night_targetcal100,22
,,,0.9999285503673925,691,True,0.11501322751322751,0.11501322751322751,0.14505530893802643,26.221674876847292,675.0,108,252.0,27.0,0.10714285714285714,0.11768472906403937,False,0.14838709677419354,0.056338028169014086,0.0,,,73,bicycle,0.1,0.1,heuristic,mask2former_swinb_cityscapes,acdc_night_targetcal100,22
,,,,-1,True,,0.8549566431510875,0.000705959100741893,,,406,,,0.8134920634920635,,False,,,,,,73,bicycle,0.1,0.1,argmax,mask2former_swinb_cityscapes,acdc_night_targetcal100,22
,,,0.9984653830172007,469,True,0.3996546149323927,0.3996546149323927,0.019766349345445633,8.576354679802956,450.0,108,252.0,97.0,0.38492063492063494,0.07177339901477842,False,0.5225806451612903,0.19718309859154928,0.07692307692307693,,,73,bicycle,0.2,0.1,region_crc,mask2former_swinb_cityscapes,acdc_night_targetcal100,22
,,,0.9984440343683949,468,True,0.3996546149323927,0.3996546149323927,0.01959322765469551,8.576354679802956,450.0,108,252.0,97.0,0.38492063492063494,0.06931034482758625,False,0.5225806451612903,0.19718309859154928,0.07692307692307693,,,73,bicycle,0.2,0.1,heuristic,mask2former_swinb_cityscapes,acdc_night_targetcal100,22
,,,,-1,True,,0.8549566431510875,0.000705959100741893,,,406,,,0.8134920634920635,,False,,,,,,73,bicycle,0.2,0.1,argmax,mask2former_swinb_cityscapes,acdc_night_targetcal100,22
,,,0.9999871175044831,815,True,0.06823192239858906,0.06823192239858906,0.34713008999824524,28.480295566502463,800.0,108,252.0,16.0,0.06349206349206349,0.15389162561576353,False,0.08387096774193549,0.04225352112676056,0.0,,,73,bicycle,0.05,0.5,region_crc,mask2former_swinb_cityscapes,acdc_night_targetcal100,22
,,,0.9999779199526698,776,True,0.1050485008818342,0.1050485008818342,0.2680487334728241,29.541871921182267,775.0,108,252.0,22.0,0.0873015873015873,0.10275862068965513,False,0.1032258064516129,0.08450704225352113,0.0,,,73,bicycle,0.05,0.5,heuristic,mask2former_swinb_cityscapes,acdc_night_targetcal100,22
,,,,-1,True,,0.8904210758377424,0.000705959100741893,,,406,,,0.8611111111111112,,False,,,,,,73,bicycle,0.05,0.5,argmax,mask2former_swinb_cityscapes,acdc_night_targetcal100,22
,,,0.9999779199526698,776,True,0.1050485008818342,0.1050485008818342,0.2680487334728241,29.541871921182267,775.0,108,252.0,22.0,0.0873015873015873,0.10275862068965513,False,0.1032258064516129,0.08450704225352113,0.0,,,73,bicycle,0.1,0.5,region_crc,mask2former_swinb_cityscapes,acdc_night_targetcal100,22
,,,0.999971686080042,758,True,0.12211199294532628,0.12211199294532626,0.23663552105426788,30.054187192118228,750.0,108,252.0,26.0,0.10317460317460317,0.12768472906403938,False,0.12903225806451613,0.08450704225352113,0.0,,,73,bicycle,0.1,0.5,heuristic,mask2former_swinb_cityscapes,acdc_night_targetcal100,22
,,,,-1,True,,0.8904210758377424,0.000705959100741893,,,406,,,0.8611111111111112,,False,,,,,,73,bicycle,0.1,0.5,argmax,mask2former_swinb_cityscapes,acdc_night_targetcal100,22
,,,0.9997929858651209,614,True,0.27936507936507937,0.27936507936507937,0.07570097595453262,20.32512315270936,600.0,108,252.0,67.0,0.26587301587301587,0.06068965517241387,False,0.3548387096774194,0.15492957746478872,0.038461538461538464,,,73,bicycle,0.2,0.5,region_crc,mask2former_swinb_cityscapes,acdc_night_targetcal100,22
,,,0.9997233058354589,593,True,0.3076940035273368,0.3076940035273368,0.06243686005473137,17.862068965517242,575.0,108,252.0,73.0,0.2896825396825397,0.06137931034482769,False,0.3741935483870968,0.18309859154929578,0.07692307692307693,,,73,bicycle,0.2,0.5,heuristic,mask2former_swinb_cityscapes,acdc_night_targetcal100,22
,,,,-1,True,,0.8904210758377424,0.000705959100741893,,,406,,,0.8611111111111112,,False,,,,,,73,bicycle,0.2,0.5,argmax,mask2former_swinb_cityscapes,acdc_night_targetcal100,22
,,,0.999986196157354,810,True,0.010722610722610722,0.010722610722610722,0.5212076306343079,21.330049261083744,800.0,195,655.0,6.0,0.00916030534351145,0.11817733990147794,False,0.013729977116704805,0.0,0.0,,,74,person,0.05,0.1,region_crc,mask2former_swinb_cityscapes,acdc_night_targetcal100,52
,,,0.9999377699714831,701,True,0.047436174936174934,0.047436174936174934,0.29849404096603394,28.224137931034484,700.0,195,655.0,28.0,0.042748091603053436,0.08433497536945816,False,0.059496567505720827,0.010309278350515464,0.0,,,74,person,0.05,0.1,heuristic,mask2former_swinb_cityscapes,acdc_night_targetcal100,52
,,,,-1,True,,0.49848267117497885,0.005025128368288279,,,406,,,0.48091603053435117,,False,,,,,,74,person,0.05,0.1,argmax,mask2former_swinb_cityscapes,acdc_night_targetcal100,52
,,,0.999781223837605,610,True,0.08213342213342213,0.08213342213342213,0.16241687536239624,27.135467980295566,600.0,195,655.0,52.0,0.07938931297709924,0.12812807881773403,False,0.10755148741418764,0.02577319587628866,0.0,,,74,person,0.1,0.1,region_crc,mask2former_swinb_cityscapes,acdc_night_targetcal100,52
,,,0.999738181699178,597,True,0.0879026529026529,0.0879026529026529,0.149099662899971,25.26847290640394,575.0,195,655.0,55.0,0.08396946564885496,0.11059113300492618,False,0.11441647597254005,0.02577319587628866,0.0,,,74,person,0.1,0.1,heuristic,mask2former_swinb_cityscapes,acdc_night_targetcal100,52
,,,,-1,True,,0.49848267117497885,0.005025128368288279,,,406,,,0.48091603053435117,,False,,,,,,74,person,0.1,0.1,argmax,mask2former_swinb_cityscapes,acdc_night_targetcal100,52
,,,0.9993748273072243,534,True,0.12498140748140747,0.12498140748140749,0.09915459156036377,21.88177339901478,525.0,195,655.0,84.0,0.1282442748091603,0.08221674876847285,False,0.18077803203661327,0.02577319587628866,0.0,,,74,person,0.2,0.1,region_crc,mask2former_swinb_cityscapes,acdc_night_targetcal100,52
,,,0.9984440343683949,468,True,0.16734767369382753,0.16734767369382753,0.06407467275857925,15.75615763546798,450.0,195,655.0,108.0,0.1648854961832061,0.115320197044335,False,0.2288329519450801,0.041237113402061855,0.0,,,74,person,0.2,0.1,heuristic,mask2former_swinb_cityscapes,acdc_night_targetcal100,52
,,,,-1,True,,0.49848267117497885,0.005025128368288279,,,406,,,0.48091603053435117,,False,,,,,,74,person,0.2,0.1,argmax,mask2former_swinb_cityscapes,acdc_night_targetcal100,52
,,,0.9999923792098997,853,True,0.005258630258630258,0.005258630258630258,0.5989189147949219,16.413793103448278,850.0,195,655.0,7.0,0.010687022900763359,0.09206896551724139,False,0.013729977116704805,0.005154639175257732,0.0,,,74,person,0.05,0.5,region_crc,mask2former_swinb_cityscapes,acdc_night_targetcal100,52
,,,0.9999834803820177,797,True,0.029446664446664446,0.029446664446664446,0.49622318148612976,23.763546798029555,775.0,195,655.0,18.0,0.02748091603053435,0.10571428571428576,False,0.034324942791762014,0.015463917525773196,0.0,,,74,person,0.05,0.5,heuristic,mask2former_swinb_cityscapes,acdc_night_targetcal100,52
,,,,-1,True,,0.5762821508975354,0.005025128368288279,,,406,,,0.5587786259541985,,False,,,,,,74,person,0.05,0.5,argmax,mask2former_swinb_cityscapes,acdc_night_targetcal100,52
,,,0.9999465435640603,712,True,0.0703965478965479,0.0703965478965479,0.3165803849697113,28.224137931034484,700.0,195,655.0,46.0,0.07022900763358779,0.08990147783251234,False,0.09382151029748284,0.02577319587628866,0.0,,,74,person,0.1,0.5,region_crc,mask2former_swinb_cityscapes,acdc_night_targetcal100,52
,,,0.9999083779509877,673,True,0.08862526362526364,0.08862526362526364,0.24998323619365692,29.53448275862069,650.0,195,655.0,57.0,0.08702290076335878,0.12536945812807887,False,0.11899313501144165,0.02577319587628866,0.0,,,74,person,0.1,0.5,heuristic,mask2former_swinb_cityscapes,acdc_night_targetcal100,52
,,,,-1,True,,0.5762821508975354,0.005025128368288279,,,406,,,0.5587786259541985,,False,,,,,,74,person,0.1,0.5,argmax,mask2former_swinb_cityscapes,acdc_night_targetcal100,52
,,,0.999664262385757,579,True,0.141516354016354,0.141516354016354,0.13336709141731262,25.26847290640394,575.0,195,655.0,88.0,0.13435114503816795,0.09566502463054183,False,0.1853546910755149,0.03608247422680412,0.0,,,74,person,0.2,0.5,region_crc,mask2former_swinb_cityscapes,acdc_night_targetcal100,52
,,,0.9996091591042076,568,True,0.14471759721759722,0.14471759721759722,0.12458767741918564,23.857142857142858,550.0,195,655.0,92.0,0.14045801526717558,0.08088669950738914,False,0.19221967963386727,0.041237113402061855,0.0,,,74,person,0.2,0.5,heuristic,mask2former_swinb_cityscapes,acdc_night_targetcal100,52
,,,,-1,True,,0.5762821508975354,0.005025128368288279,,,406,,,0.5587786259541985,,False,,,,,,74,person,0.2,0.5,argmax,mask2former_swinb_cityscapes,acdc_night_targetcal100,52
,,,0.9999651662684964,743,True,0.06994047619047619,0.06994047619047619,0.2331703007221222,27.041871921182267,725.0,112,148.0,9.0,0.060810810810810814,0.11512315270935969,False,0.08181818181818182,0.0,0.0,,,74,rider,0.05,0.1,region_crc,mask2former_swinb_cityscapes,acdc_night_targetcal100,34
,,,0.9999323917024608,695,True,0.09672619047619047,0.09672619047619047,0.164677232503891,24.423645320197043,675.0,112,148.0,14.0,0.0945945945945946,0.07906403940886697,False,0.12727272727272726,0.0,0.0,,,74,rider,0.05,0.1,heuristic,mask2former_swinb_cityscapes,acdc_night_targetcal100,34
,,,,-1,True,,0.7738095238095237,0.0004067994887009263,,,406,,,0.7837837837837838,,False,,,,,,74,rider,0.05,0.1,argmax,mask2former_swinb_cityscapes,acdc_night_targetcal100,34
,,,0.9999202005312732,683,True,0.09672619047619047,0.09672619047619047,0.15150846540927887,24.423645320197043,675.0,112,148.0,14.0,0.0945945945945946,0.07034482758620686,False,0.12727272727272726,0.0,0.0,,,74,rider,0.1,0.1,region_crc,mask2former_swinb_cityscapes,acdc_night_targetcal100,34
,,,0.9999168236228897,680,True,0.09672619047619047,0.09672619047619047,0.1487933248281479,24.423645320197043,675.0,112,148.0,14.0,0.0945945945945946,0.07280788177339903,False,0.12727272727272726,0.0,0.0,,,74,rider,0.1,0.1,heuristic,mask2former_swinb_cityscapes,acdc_night_targetcal100,34
,,,,-1,True,,0.7738095238095237,0.0004067994887009263,,,406,,,0.7837837837837838,,False,,,,,,74,rider,0.1,0.1,argmax,mask2former_swinb_cityscapes,acdc_night_targetcal100,34
,,,0.9997986275750138,616,True,0.15029761904761904,0.15029761904761907,0.09510728716850281,19.39408866995074,600.0,112,148.0,21.0,0.14189189189189189,0.08152709359605903,False,0.18181818181818182,0.03333333333333333,0.0,,,74,rider,0.2,0.1,region_crc,mask2former_swinb_cityscapes,acdc_night_targetcal100,34
,,,0.9995982091891511,566,True,0.18601190476190474,0.18601190476190474,0.06593149155378342,15.401477832512315,550.0,112,148.0,25.0,0.16891891891891891,0.06093596059113304,False,0.21818181818181817,0.03333333333333333,0.0,,,74,rider,0.2,0.1,heuristic,mask2former_swinb_cityscapes,acdc_night_targetcal100,34
,,,,-1,True,,0.7738095238095237,0.0004067994887009263,,,406,,,0.7837837837837838,,False,,,,,,74,rider,0.2,0.1,argmax,mask2former_swinb_cityscapes,acdc_night_targetcal100,34
,,,0.9999935434577096,865,True,0.03422619047619047,0.03422619047619047,0.48774245381355286,21.923645320197043,850.0,112,148.0,5.0,0.033783783783783786,0.07551724137931037,False,0.045454545454545456,0.0,0.0,,,74,rider,0.05,0.5,region_crc,mask2former_swinb_cityscapes,acdc_night_targetcal100,34
,,,0.999985003151645,804,True,0.06547619047619048,0.06547619047619048,0.3477739095687866,25.711822660098523,800.0,112,148.0,9.0,0.060810810810810814,0.12246305418719211,False,0.07272727272727272,0.03333333333333333,0.0,,,74,rider,0.05,0.5,heuristic,mask2former_swinb_cityscapes,acdc_night_targetcal100,34
,,,,-1,True,,0.8229166666666666,0.0004067994887009263,,,406,,,0.8378378378378378,,False,,,,,,74,rider,0.05,0.5,argmax,mask2former_swinb_cityscapes,acdc_night_targetcal100,34
,,,0.9999815498458082,789,True,0.06547619047619048,0.06547619047619048,0.3198743462562561,27.298029556650246,775.0,112,148.0,9.0,0.060810810810810814,0.11916256157635463,False,0.07272727272727272,0.03333333333333333,0.0,,,74,rider,0.1,0.5,region_crc,mask2former_swinb_cityscapes,acdc_night_targetcal100,34
,,,0.9999815498458082,789,True,0.06547619047619048,0.06547619047619048,0.3198743462562561,27.298029556650246,775.0,112,148.0,9.0,0.060810810810810814,0.11916256157635463,False,0.07272727272727272,0.03333333333333333,0.0,,,74,rider,0.1,0.5,heuristic,mask2former_swinb_cityscapes,acdc_night_targetcal100,34
,,,,-1,True,,0.8229166666666666,0.0004067994887009263,,,406,,,0.8378378378378378,,False,,,,,,74,rider,0.1,0.5,argmax,mask2former_swinb_cityscapes,acdc_night_targetcal100,34
,,,0.999901825205698,668,True,0.14136904761904762,0.14136904761904762,0.13783477246761322,23.334975369458128,650.0,112,148.0,20.0,0.13513513513513514,0.06487684729064036,False,0.17272727272727273,0.03333333333333333,0.0,,,74,rider,0.2,0.5,region_crc,mask2former_swinb_cityscapes,acdc_night_targetcal100,34
,,,0.999882510244506,655,True,0.15922619047619047,0.15922619047619047,0.12641309201717377,23.334975369458128,650.0,112,148.0,22.0,0.14864864864864866,0.06704433497536944,False,0.19090909090909092,0.03333333333333333,0.0,,,74,rider,0.2,0.5,heuristic,mask2former_swinb_cityscapes,acdc_night_targetcal100,34
,,,,-1,True,,0.8229166666666666,0.0004067994887009263,,,406,,,0.8378378378378378,,False,,,,,,74,rider,0.2,0.5,argmax,mask2former_swinb_cityscapes,acdc_night_targetcal100,34
,,,0.9999867565846481,813,True,0.032767562470532766,0.032767562470532766,0.3347858786582947,28.549261083743843,800.0,101,228.0,6.0,0.02631578947368421,0.05876847290640386,False,0.046153846153846156,0.0,0.0,,,74,bicycle,0.05,0.1,region_crc,mask2former_swinb_cityscapes,acdc_night_targetcal100,29
,,,0.999974996546383,767,True,0.045733144743045726,0.045733144743045726,0.24565395712852478,30.263546798029555,750.0,101,228.0,10.0,0.043859649122807015,0.08999999999999997,False,0.07692307692307693,0.0,0.0,,,74,bicycle,0.05,0.1,heuristic,mask2former_swinb_cityscapes,acdc_night_targetcal100,29
,,,,-1,True,,0.8356160616061604,0.0006259989459067583,,,406,,,0.7982456140350878,,False,,,,,,74,bicycle,0.05,0.1,argmax,mask2former_swinb_cityscapes,acdc_night_targetcal100,29
,,,0.9999735759124267,763,True,0.045733144743045726,0.045733144743045726,0.2390875667333603,30.263546798029555,750.0,101,228.0,10.0,0.043859649122807015,0.09014778325123152,False,0.07692307692307693,0.0,0.0,,,74,bicycle,0.1,0.1,region_crc,mask2former_swinb_cityscapes,acdc_night_targetcal100,29
,,,0.999950111551254,717,True,0.09830268741159831,0.09830268741159831,0.1716005653142929,27.822660098522167,700.0,101,228.0,21.0,0.09210526315789473,0.03763546798029557,False,0.13846153846153847,0.0375,0.0,,,74,bicycle,0.1,0.1,heuristic,mask2former_swinb_cityscapes,acdc_night_targetcal100,29
,,,,-1,True,,0.8356160616061604,0.0006259989459067583,,,406,,,0.7982456140350878,,False,,,,,,74,bicycle,0.1,0.1,argmax,mask2former_swinb_cityscapes,acdc_night_targetcal100,29
,,,0.9998120683183197,621,True,0.1951909476661952,0.1951909476661952,0.07924289256334305,20.165024630541872,600.0,101,228.0,39.0,0.17105263157894737,0.058719211822660114,False,0.26153846153846155,0.0625,0.0,,,74,bicycle,0.2,0.1,region_crc,mask2former_swinb_cityscapes,acdc_night_targetcal100,29
,,,0.9997194566362049,592,True,0.22333804809052332,0.22333804809052332,0.061850469559431076,18.032019704433498,575.0,101,228.0,46.0,0.20175438596491227,0.07162561576354678,False,0.3,0.075,0.05555555555555555,,,74,bicycle,0.2,0.1,heuristic,mask2former_swinb_cityscapes,acdc_night_targetcal100,29
,,,,-1,True,,0.8356160616061604,0.0006259989459067583,,,406,,,0.7982456140350878,,False,,,,,,74,bicycle,0.2,0.1,argmax,mask2former_swinb_cityscapes,acdc_night_targetcal100,29
,,,0.9999982860426925,961,True,0.01485148514851485,0.01485148514851485,0.7007659673690796,11.12807881773399,961.0,101,228.0,2.0,0.008771929824561403,0.14118226600985218,False,0.015384615384615385,0.0,0.0,,,74,bicycle,0.05,0.5,region_crc,mask2former_swinb_cityscapes,acdc_night_targetcal100,29
,,,0.9999830175634754,795,True,0.06553512494106553,0.06553512494106553,0.2981233596801758,29.67241379310345,775.0,101,228.0,15.0,0.06578947368421052,0.06231527093596062,False,0.09230769230769231,0.0375,0.0,,,74,bicycle,0.05,0.5,heuristic,mask2former_swinb_cityscapes,acdc_night_targetcal100,29
,,,,-1,True,,0.8753300330033003,0.0006259989459067583,,,406,,,0.8421052631578947,,False,,,,,,74,bicycle,0.05,0.5,argmax,mask2former_swinb_cityscapes,acdc_night_targetcal100,29
,,,0.9999830175634754,795,True,0.06553512494106553,0.06553512494106553,0.2981233596801758,29.67241379310345,775.0,101,228.0,15.0,0.06578947368421052,0.06231527093596062,False,0.09230769230769231,0.0375,0.0,,,74,bicycle,0.1,0.5,region_crc,mask2former_swinb_cityscapes,acdc_night_targetcal100,29
,,,0.9999665804959974,746,True,0.15275813295615276,0.15275813295615273,0.21405404806137085,29.699507389162562,725.0,101,228.0,27.0,0.11842105263157894,0.08334975369458131,False,0.16923076923076924,0.0625,0.0,,,74,bicycle,0.1,0.5,heuristic,mask2former_swinb_cityscapes,acdc_night_targetcal100,29
,,,,-1,True,,0.8753300330033003,0.0006259989459067583,,,406,,,0.8421052631578947,,False,,,,,,74,bicycle,0.1,0.5,argmax,mask2former_swinb_cityscapes,acdc_night_targetcal100,29
,,,0.9999045007413978,670,True,0.19212635549269214,0.19212635549269214,0.11936675757169724,24.266009852216747,650.0,101,228.0,39.0,0.17105263157894737,0.051724137931034475,False,0.24615384615384617,0.075,0.05555555555555555,,,74,bicycle,0.2,0.5,region_crc,mask2former_swinb_cityscapes,acdc_night_targetcal100,29
,,,0.9999045007413978,670,True,0.19212635549269214,0.19212635549269214,0.11936675757169724,24.266009852216747,650.0,101,228.0,39.0,0.17105263157894737,0.051724137931034475,False,0.24615384615384617,0.075,0.05555555555555555,,,74,bicycle,0.2,0.5,heuristic,mask2former_swinb_cityscapes,acdc_night_targetcal100,29
,,,,-1,True,,0.8753300330033003,0.0006259989459067583,,,406,,,0.8421052631578947,,False,,,,,,74,bicycle,0.2,0.5,argmax,mask2former_swinb_cityscapes,acdc_night_targetcal100,29
,,,0.9999788163886475,779,True,0.02368804664723032,0.02368804664723032,0.44872286915779114,24.027093596059114,775.0,196,640.0,9.0,0.0140625,0.08502463054187193,False,0.020833333333333332,0.0,0.0,,,75,person,0.05,0.1,region_crc,mask2former_swinb_cityscapes,acdc_night_targetcal100,51
,,,0.9999402964713416,704,True,0.04694291677710045,0.04694291677710045,0.2984497845172882,28.57881773399015,700.0,196,640.0,24.0,0.0375,0.081871921182266,False,0.05092592592592592,0.01098901098901099,0.0,,,75,person,0.05,0.1,heuristic,mask2former_swinb_cityscapes,acdc_night_targetcal100,51
,,,,-1,True,,0.5061022452604086,0.005124769173562527,,,406,,,0.4796875,,False,,,,,,75,person,0.05,0.1,argmax,mask2former_swinb_cityscapes,acdc_night_targetcal100,51
,,,0.9997522577942367,601,True,0.0893171879141267,0.0893171879141267,0.1517493575811386,26.689655172413794,600.0,196,640.0,50.0,0.078125,0.05487684729064041,False,0.10416666666666667,0.027472527472527472,0.0,,,75,person,0.1,0.1,region_crc,mask2former_swinb_cityscapes,acdc_night_targetcal100,51
,,,0.9996734121678277,581,True,0.0955014798127043,0.0955014798127043,0.13368940353393555,24.746305418719214,575.0,196,640.0,54.0,0.084375,0.07866995073891625,False,0.11342592592592593,0.027472527472527472,0.0,,,75,person,0.1,0.1,heuristic,mask2former_swinb_cityscapes,acdc_night_targetcal100,51
,,,,-1,True,,0.5061022452604086,0.005124769173562527,,,406,,,0.4796875,,False,,,,,,75,person,0.1,0.1,argmax,mask2former_swinb_cityscapes,acdc_night_targetcal100,51
,,,0.9968522516858986,417,True,0.20597362529760485,0.2059736252976049,0.04592075198888779,13.076354679802956,400.0,196,640.0,123.0,0.1921875,0.09891625615763547,False,0.26157407407407407,0.054945054945054944,0.0,,,75,person,0.2,0.1,region_crc,mask2former_swinb_cityscapes,acdc_night_targetcal100,51
,,,0.9957927337161555,396,True,0.21752579195181238,0.21752579195181238,0.03984712436795235,11.374384236453203,375.0,196,640.0,133.0,0.2078125,0.07399014778325122,False,0.2824074074074074,0.06043956043956044,0.0,,,75,person,0.2,0.1,heuristic,mask2former_swinb_cityscapes,acdc_night_targetcal100,51
,,,,-1,True,,0.5061022452604086,0.005124769173562527,,,406,,,0.4796875,,False,,,,,,75,person,0.2,0.1,argmax,mask2former_swinb_cityscapes,acdc_night_targetcal100,51
,,,0.9999890855966355,827,True,0.02432580174927114,0.024325801749271136,0.5452708005905151,19.226600985221676,825.0,196,640.0,10.0,0.015625,0.07374384236453202,False,0.018518518518518517,0.01098901098901099,0.0,,,75,person,0.05,0.5,region_crc,mask2former_swinb_cityscapes,acdc_night_targetcal100,51
,,,0.9999776127886143,775,True,0.03895165208940719,0.03895165208940719,0.4406622648239136,24.027093596059114,775.0,196,640.0,22.0,0.034375,0.08980295566502472,False,0.041666666666666664,0.02197802197802198,0.0,,,75,person,0.05,0.5,heuristic,mask2former_swinb_cityscapes,acdc_night_targetcal100,51
,,,,-1,True,,0.5849722697936983,0.005124769173562527,,,406,,,0.5671875,,False,,,,,,75,person,0.05,0.5,argmax,mask2former_swinb_cityscapes,acdc_night_targetcal100,51
,,,0.9999156665242236,679,True,0.0919532423358954,0.0919532423358954,0.2536955177783966,28.94334975369458,675.0,196,640.0,50.0,0.078125,0.08285714285714285,False,0.10416666666666667,0.027472527472527472,0.0,,,75,person,0.1,0.5,region_crc,mask2former_swinb_cityscapes,acdc_night_targetcal100,51
,,,0.9998514064357713,638,True,0.11499746002297022,0.11499746002297022,0.19314533472061157,28.330049261083744,625.0,196,640.0,62.0,0.096875,0.08635467980295564,False,0.13194444444444445,0.027472527472527472,0.0,,,75,person,0.1,0.5,heuristic,mask2former_swinb_cityscapes,acdc_night_targetcal100,51
,,,,-1,True,,0.5849722697936983,0.005124769173562527,,,406,,,0.5671875,,False,,,,,,75,person,0.1,0.5,argmax,mask2former_swinb_cityscapes,acdc_night_targetcal100,51
,,,0.9990137205143688,501,True,0.19912323362578463,0.19912323362578463,0.07932125777006149,19.716748768472907,500.0,196,640.0,116.0,0.18125,0.06586206896551725,False,0.24768518518518517,0.04945054945054945,0.0,,,75,person,0.2,0.5,region_crc,mask2former_swinb_cityscapes,acdc_night_targetcal100,51
,,,0.9982621991712506,460,True,0.23393998999866347,0.23393998999866347,0.06178181618452072,16.204433497536947,450.0,196,640.0,138.0,0.215625,0.07325123152709359,False,0.28935185185185186,0.06593406593406594,0.038461538461538464,,,75,person,0.2,0.5,heuristic,mask2former_swinb_cityscapes,acdc_night_targetcal100,51
,,,,-1,True,,0.5849722697936983,0.005124769173562527,,,406,,,0.5671875,,False,,,,,,75,person,0.2,0.5,argmax,mask2former_swinb_cityscapes,acdc_night_targetcal100,51
,,,0.9999973331413354,929,True,0.002898550724637681,0.002898550724637681,0.6272119879722595,13.445812807881774,925.0,115,151.0,1.0,0.006622516556291391,0.07211822660098521,False,0.008928571428571428,0.0,0.0,,,75,rider,0.05,0.1,region_crc,mask2former_swinb_cityscapes,acdc_night_targetcal100,31
,,,0.999989383044428,829,True,0.011594202898550725,0.011594202898550725,0.40389779210090637,23.665024630541872,825.0,115,151.0,2.0,0.013245033112582781,0.09004926108374389,False,0.017857142857142856,0.0,0.0,,,75,rider,0.05,0.1,heuristic,mask2former_swinb_cityscapes,acdc_night_targetcal100,31
,,,,-1,True,,0.7840579710144928,0.00033626105869188905,,,406,,,0.7947019867549668,,False,,,,,,75,rider,0.05,0.1,argmax,mask2former_swinb_cityscapes,acdc_night_targetcal100,31
,,,0.999989383044428,829,True,0.011594202898550725,0.011594202898550725,0.40389779210090637,23.665024630541872,825.0,115,151.0,2.0,0.013245033112582781,0.09004926108374389,False,0.017857142857142856,0.0,0.0,,,75,rider,0.1,0.1,region_crc,mask2former_swinb_cityscapes,acdc_night_targetcal100,31
,,,0.9999827813142501,794,True,0.02028985507246377,0.020289855072463767,0.32528287172317505,27.194581280788178,775.0,115,151.0,3.0,0.019867549668874173,0.08960591133004925,False,0.026785714285714284,0.0,0.0,,,75,rider,0.1,0.1,heuristic,mask2former_swinb_cityscapes,acdc_night_targetcal100,31
,,,,-1,True,,0.7840579710144928,0.00033626105869188905,,,406,,,0.7947019867549668,,False,,,,,,75,rider,0.1,0.1,argmax,mask2former_swinb_cityscapes,acdc_night_targetcal100,31
,,,0.9998775383800735,652,True,0.12028985507246376,0.12028985507246376,0.122555673122406,22.938423645320196,650.0,115,151.0,18.0,0.11920529801324503,0.0904926108374384,False,0.16071428571428573,0.0,0.0,,,75,rider,0.2,0.1,region_crc,mask2former_swinb_cityscapes,acdc_night_targetcal100,31
,,,0.9998613244171128,643,True,0.1289855072463768,0.1289855072463768,0.11503815650939941,20.92118226600985,625.0,115,151.0,19.0,0.12582781456953643,0.0904926108374384,False,0.16964285714285715,0.0,0.0,,,75,rider,0.2,0.1,heuristic,mask2former_swinb_cityscapes,acdc_night_targetcal100,31
,,,,-1,True,,0.7840579710144928,0.00033626105869188905,,,406,,,0.7947019867549668,,False,,,,,,75,rider,0.2,0.1,argmax,mask2former_swinb_cityscapes,acdc_night_targetcal100,31
,,,0.9999984004419714,966,True,0.002898550724637681,0.002898550724637681,0.7073969841003418,10.403940886699507,966.0,115,151.0,1.0,0.006622516556291391,0.07369458128078818,False,0.008928571428571428,0.0,0.0,,,75,rider,0.05,0.5,region_crc,mask2former_swinb_cityscapes,acdc_night_targetcal100,31
,,,0.9999949649939122,883,True,0.015942028985507246,0.015942028985507246,0.5320169925689697,18.88423645320197,875.0,115,151.0,3.0,0.019867549668874173,0.11418719211822664,False,0.026785714285714284,0.0,0.0,,,75,rider,0.05,0.5,heuristic,mask2former_swinb_cityscapes,acdc_night_targetcal100,31
,,,,-1,True,,0.8405797101449276,0.00033626105869188905,,,406,,,0.8543046357615894,,False,,,,,,75,rider,0.05,0.5,argmax,mask2former_swinb_cityscapes,acdc_night_targetcal100,31
,,,0.9999935434577096,865,True,0.015942028985507246,0.015942028985507246,0.48920151591300964,21.7192118226601,850.0,115,151.0,3.0,0.019867549668874173,0.10738916256157632,False,0.026785714285714284,0.0,0.0,,,75,rider,0.1,0.5,region_crc,mask2former_swinb_cityscapes,acdc_night_targetcal100,31
,,,0.9999931766130585,861,True,0.015942028985507246,0.015942028985507246,0.4808329939842224,21.7192118226601,850.0,115,151.0,3.0,0.019867549668874173,0.10738916256157632,False,0.026785714285714284,0.0,0.0,,,75,rider,0.1,0.5,heuristic,mask2former_swinb_cityscapes,acdc_night_targetcal100,31
,,,,-1,True,,0.8405797101449276,0.00033626105869188905,,,406,,,0.8543046357615894,,False,,,,,,75,rider,0.1,0.5,argmax,mask2former_swinb_cityscapes,acdc_night_targetcal100,31
,,,0.9999626749842204,738,True,0.07681159420289854,0.07681159420289856,0.2192448377609253,26.517241379310345,725.0,115,151.0,11.0,0.0728476821192053,0.054137931034482834,False,0.09821428571428571,0.0,0.0,,,75,rider,0.2,0.5,region_crc,mask2former_swinb_cityscapes,acdc_night_targetcal100,31
,,,0.9999314511773547,694,True,0.09855072463768115,0.09855072463768116,0.1611950844526291,23.970443349753694,675.0,115,151.0,14.0,0.09271523178807947,0.08251231527093597,False,0.125,0.0,0.0,,,75,rider,0.2,0.5,heuristic,mask2former_swinb_cityscapes,acdc_night_targetcal100,31
,,,,-1,True,,0.8405797101449276,0.00033626105869188905,,,406,,,0.8543046357615894,,False,,,,,,75,rider,0.2,0.5,argmax,mask2former_swinb_cityscapes,acdc_night_targetcal100,31
,,,0.9999974414141131,932,True,0.009708737864077669,0.009708737864077669,0.6262934803962708,15.970443349753694,925.0,103,230.0,1.0,0.004347826086956522,0.07600985221674872,False,0.007246376811594203,0.0,0.0,,,75,bicycle,0.05,0.1,region_crc,mask2former_swinb_cityscapes,acdc_night_targetcal100,27
,,,0.999974996546383,767,True,0.044845122515025426,0.044845122515025426,0.24922575056552887,29.766009852216747,750.0,103,230.0,9.0,0.0391304347826087,0.06665024630541871,False,0.06521739130434782,0.0,0.0,,,75,bicycle,0.05,0.1,heuristic,mask2former_swinb_cityscapes,acdc_night_targetcal100,27
,,,,-1,True,,0.8163199260286638,0.00052824174053967,,,406,,,0.8173913043478261,,False,,,,,,75,bicycle,0.05,0.1,argmax,mask2former_swinb_cityscapes,acdc_night_targetcal100,27
,,,0.999974996546383,767,True,0.044845122515025426,0.044845122515025426,0.24922575056552887,29.766009852216747,750.0,103,230.0,9.0,0.0391304347826087,0.06665024630541871,False,0.06521739130434782,0.0,0.0,,,75,bicycle,0.1,0.1,region_crc,mask2former_swinb_cityscapes,acdc_night_targetcal100,27
,,,0.9999641903562897,741,True,0.057558945908460474,0.057558945908460474,0.21083001792430878,29.133004926108374,725.0,103,230.0,12.0,0.05217391304347826,0.09019704433497533,False,0.07971014492753623,0.013888888888888888,0.0,,,75,bicycle,0.1,0.1,heuristic,mask2former_swinb_cityscapes,acdc_night_targetcal100,27
,,,,-1,True,,0.8163199260286638,0.00052824174053967,,,406,,,0.8173913043478261,,False,,,,,,75,bicycle,0.1,0.1,argmax,mask2former_swinb_cityscapes,acdc_night_targetcal100,27
,,,0.9999402964713416,704,True,0.09234858992140546,0.09234858992140546,0.1551905870437622,27.5935960591133,700.0,103,230.0,20.0,0.08695652173913043,0.05600985221674876,False,0.12318840579710146,0.041666666666666664,0.0,,,75,bicycle,0.2,0.1,region_crc,mask2former_swinb_cityscapes,acdc_night_targetcal100,27
,,,0.9999223752883372,685,True,0.10205732778548314,0.10205732778548314,0.13333562016487122,25.93349753694581,675.0,103,230.0,21.0,0.09130434782608696,0.08832512315270935,False,0.13043478260869565,0.041666666666666664,0.0,,,75,bicycle,0.2,0.1,heuristic,mask2former_swinb_cityscapes,acdc_night_targetcal100,27
,,,,-1,True,,0.8163199260286638,0.00052824174053967,,,406,,,0.8173913043478261,,False,,,,,,75,bicycle,0.2,0.1,argmax,mask2former_swinb_cityscapes,acdc_night_targetcal100,27
,,,0.9999986448105876,978,True,0.0,0.0,0.7505580186843872,9.746305418719212,978.0,103,230.0,0.0,0.0,0.07837438423645315,False,0.0,0.0,0.0,,,75,bicycle,0.05,0.5,region_crc,mask2former_swinb_cityscapes,acdc_night_targetcal100,27
,,,0.999991488619618,845,True,0.03756356911696718,0.03756356911696718,0.40871381759643555,26.261083743842363,825.0,103,230.0,8.0,0.034782608695652174,0.07216748768472908,False,0.050724637681159424,0.013888888888888888,0.0,,,75,bicycle,0.05,0.5,heuristic,mask2former_swinb_cityscapes,acdc_night_targetcal100,27
,,,,-1,True,,0.8663430420711974,0.00052824174053967,,,406,,,0.8695652173913043,,False,,,,,,75,bicycle,0.05,0.5,argmax,mask2former_swinb_cityscapes,acdc_night_targetcal100,27
,,,0.9999830175634754,795,True,0.06183541377716135,0.061835413777161355,0.30060702562332153,29.27093596059113,775.0,103,230.0,14.0,0.06086956521739131,0.09172413793103446,False,0.07971014492753623,0.041666666666666664,0.0,,,75,bicycle,0.1,0.5,region_crc,mask2former_swinb_cityscapes,acdc_night_targetcal100,27
,,,0.9999742960421724,765,True,0.1036754507628294,0.1036754507628294,0.24606052041053772,29.766009852216747,750.0,103,230.0,21.0,0.09130434782608696,0.06123152709359614,False,0.11594202898550725,0.06944444444444445,0.0,,,75,bicycle,0.1,0.5,heuristic,mask2former_swinb_cityscapes,acdc_night_targetcal100,27
,,,,-1,True,,0.8663430420711974,0.00052824174053967,,,406,,,0.8695652173913043,,False,,,,,,75,bicycle,0.1,0.5,argmax,mask2former_swinb_cityscapes,acdc_night_targetcal100,27
,,,0.9999683772233983,750,True,0.12309292649098474,0.12309292649098474,0.22368411719799042,29.766009852216747,750.0,103,230.0,23.0,0.1,0.08758620689655172,False,0.13043478260869565,0.06944444444444445,0.0,,,75,bicycle,0.2,0.5,region_crc,mask2former_swinb_cityscapes,acdc_night_targetcal100,27
,,,0.9999683772233983,750,True,0.12309292649098474,0.12309292649098474,0.22368411719799042,29.766009852216747,750.0,103,230.0,23.0,0.1,0.08758620689655172,False,0.13043478260869565,0.06944444444444445,0.0,,,75,bicycle,0.2,0.5,heuristic,mask2former_swinb_cityscapes,acdc_night_targetcal100,27
,,,,-1,True,,0.8663430420711974,0.00052824174053967,,,406,,,0.8695652173913043,,False,,,,,,75,bicycle,0.2,0.5,argmax,mask2former_swinb_cityscapes,acdc_night_targetcal100,27
,,,0.9999527936958736,721,True,0.03923462324477552,0.03923462324477552,0.32936975359916687,28.91625615763547,700.0,197,686.0,20.0,0.029154518950437316,0.06960591133004926,False,0.04121475054229935,0.005050505050505051,0.0,,,76,person,0.05,0.1,region_crc,mask2former_swinb_cityscapes,acdc_night_targetcal100,50
,,,0.9999411156344644,705,True,0.04420501241567232,0.04420501241567232,0.30085432529449463,28.91625615763547,700.0,197,686.0,25.0,0.03644314868804665,0.07482758620689656,False,0.049891540130151846,0.010101010101010102,0.0,,,76,person,0.05,0.1,heuristic,mask2former_swinb_cityscapes,acdc_night_targetcal100,50
,,,,-1,True,,0.5106123290133442,0.005468068644404411,,,406,,,0.48250728862973763,,False,,,,,,76,person,0.05,0.1,argmax,mask2former_swinb_cityscapes,acdc_night_targetcal100,50
,,,0.9998068031682983,619,True,0.07529281209484255,0.07529281209484255,0.1685587763786316,27.0935960591133,600.0,197,686.0,51.0,0.07434402332361516,0.08251231527093597,False,0.09978308026030369,0.025252525252525252,0.0,,,76,person,0.1,0.1,region_crc,mask2former_swinb_cityscapes,acdc_night_targetcal100,50
,,,0.9995450119398499,557,True,0.1161442195706155,0.1161442195706155,0.11459090560674667,23.854679802955665,550.0,197,686.0,82.0,0.119533527696793,0.06581280788177335,False,0.16702819956616052,0.025252525252525252,0.0,,,76,person,0.1,0.1,heuristic,mask2former_swinb_cityscapes,acdc_night_targetcal100,50
,,,,-1,True,,0.5106123290133442,0.005468068644404411,,,406,,,0.48250728862973763,,False,,,,,,76,person,0.1,0.1,argmax,mask2former_swinb_cityscapes,acdc_night_targetcal100,50
,,,0.9986259580249874,477,True,0.16149715343877782,0.1614971534387778,0.06767740100622177,17.761083743842363,475.0,197,686.0,112.0,0.16326530612244897,0.07004926108374382,False,0.2299349240780911,0.030303030303030304,0.0,,,76,person,0.2,0.1,region_crc,mask2former_swinb_cityscapes,acdc_night_targetcal100,50
,,,0.9918341762864141,348,True,0.2567960310980616,0.25679603109806154,0.02814236283302307,8.972906403940886,325.0,197,686.0,171.0,0.24927113702623907,0.07802955665024636,False,0.34490238611713664,0.06060606060606061,0.0,,,76,person,0.2,0.1,heuristic,mask2former_swinb_cityscapes,acdc_night_targetcal100,50
,,,,-1,True,,0.5106123290133442,0.005468068644404411,,,406,,,0.48250728862973763,,False,,,,,,76,person,0.2,0.1,argmax,mask2former_swinb_cityscapes,acdc_night_targetcal100,50
,,,0.9999712921941798,757,True,0.04864663678115455,0.04864663678115455,0.4017602205276489,26.13054187192118,750.0,197,686.0,30.0,0.043731778425655975,0.0736453201970444,False,0.05639913232104121,0.020202020202020204,0.0,,,76,person,0.05,0.5,region_crc,mask2former_swinb_cityscapes,acdc_night_targetcal100,50
,,,0.999958313061653,730,True,0.06245220515525084,0.06245220515525084,0.3462442457675934,28.04433497536946,725.0,197,686.0,40.0,0.05830903790087463,0.07630541871921181,False,0.07809110629067245,0.020202020202020204,0.0,,,76,person,0.05,0.5,heuristic,mask2former_swinb_cityscapes,acdc_night_targetcal100,50
,,,,-1,True,,0.5955745889756042,0.005468068644404411,,,406,,,0.5685131195335277,,False,,,,,,76,person,0.05,0.5,argmax,mask2former_swinb_cityscapes,acdc_night_targetcal100,50
,,,0.999897670700772,665,True,0.10045817127035402,0.100458171270354,0.22946001589298248,29.87192118226601,650.0,197,686.0,65.0,0.09475218658892129,0.09640394088669951,False,0.1301518438177874,0.025252525252525252,0.0,,,76,person,0.1,0.5,region_crc,mask2former_swinb_cityscapes,acdc_night_targetcal100,50
,,,0.9998723561191188,649,True,0.10045817127035402,0.100458171270354,0.20602458715438843,28.704433497536947,625.0,197,686.0,65.0,0.09475218658892129,0.08192118226600983,False,0.1301518438177874,0.025252525252525252,0.0,,,76,person,0.1,0.5,heuristic,mask2former_swinb_cityscapes,acdc_night_targetcal100,50
,,,,-1,True,,0.5955745889756042,0.005468068644404411,,,406,,,0.5685131195335277,,False,,,,,,76,person,0.1,0.5,argmax,mask2former_swinb_cityscapes,acdc_night_targetcal100,50
,,,0.9990537628386342,504,True,0.19562010888153022,0.1956201088815302,0.08059225231409073,19.91871921182266,500.0,197,686.0,131.0,0.19096209912536444,0.05832512315270935,False,0.26247288503253796,0.050505050505050504,0.0,,,76,person,0.2,0.5,region_crc,mask2former_swinb_cityscapes,acdc_night_targetcal100,50
,,,0.9982860426924915,461,True,0.23241364529435593,0.23241364529435593,0.06174200773239136,16.02216748768473,450.0,197,686.0,158.0,0.2303206997084548,0.0613793103448276,False,0.31453362255965295,0.06060606060606061,0.037037037037037035,,,76,person,0.2,0.5,heuristic,mask2former_swinb_cityscapes,acdc_night_targetcal100,50
,,,,-1,True,,0.5955745889756042,0.005468068644404411,,,406,,,0.5685131195335277,,False,,,,,,76,person,0.2,0.5,argmax,mask2former_swinb_cityscapes,acdc_night_targetcal100,50
,,,0.9999973331413354,929,True,0.0028490028490028487,0.0028490028490028487,0.6291863322257996,13.647783251231527,925.0,117,156.0,1.0,0.00641025641025641,0.09645320197044333,False,0.008771929824561403,0.0,0.0,,,76,rider,0.05,0.1,region_crc,mask2former_swinb_cityscapes,acdc_night_targetcal100,29
,,,0.9999952356901319,887,True,0.0028490028490028487,0.0028490028490028487,0.5427901744842529,19.40394088669951,875.0,117,156.0,1.0,0.00641025641025641,0.0947290640394089,False,0.008771929824561403,0.0,0.0,,,76,rider,0.05,0.1,heuristic,mask2former_swinb_cityscapes,acdc_night_targetcal100,29
,,,,-1,True,,0.7735042735042735,0.0003355780791025609,,,406,,,0.782051282051282,,False,,,,,,76,rider,0.05,0.1,argmax,mask2former_swinb_cityscapes,acdc_night_targetcal100,29
,,,0.9999827813142501,794,True,0.024216524216524215,0.02421652421652422,0.3261876702308655,27.110837438423644,775.0,117,156.0,4.0,0.02564102564102564,0.10482758620689658,False,0.03508771929824561,0.0,0.0,,,76,rider,0.1,0.1,region_crc,mask2former_swinb_cityscapes,acdc_night_targetcal100,29
,,,0.9999827813142501,794,True,0.024216524216524215,0.02421652421652422,0.3261876702308655,27.110837438423644,775.0,117,156.0,4.0,0.02564102564102564,0.10482758620689658,False,0.03508771929824561,0.0,0.0,,,76,rider,0.1,0.1,heuristic,mask2former_swinb_cityscapes,acdc_night_targetcal100,29
,,,,-1,True,,0.7735042735042735,0.0003355780791025609,,,406,,,0.782051282051282,,False,,,,,,76,rider,0.1,0.1,argmax,mask2former_swinb_cityscapes,acdc_night_targetcal100,29
,,,0.9997453169747414,599,True,0.160968660968661,0.160968660968661,0.08425652235746384,17.586206896551722,575.0,117,156.0,25.0,0.16025641025641027,0.13970443349753692,False,0.20175438596491227,0.05714285714285714,0.0,,,76,rider,0.2,0.1,region_crc,mask2former_swinb_cityscapes,acdc_night_targetcal100,29
,,,0.9997271022217192,594,True,0.160968660968661,0.160968660968661,0.08089858293533325,17.586206896551722,575.0,117,156.0,25.0,0.16025641025641027,0.12985221674876846,False,0.20175438596491227,0.05714285714285714,0.0,,,76,rider,0.2,0.1,heuristic,mask2former_swinb_cityscapes,acdc_night_targetcal100,29
,,,,-1,True,,0.7735042735042735,0.0003355780791025609,,,406,,,0.782051282051282,,False,,,,,,76,rider,0.2,0.1,argmax,mask2former_swinb_cityscapes,acdc_night_targetcal100,29
,,,0.9999984004419714,966,True,0.0028490028490028487,0.0028490028490028487,0.7121577262878418,10.226600985221674,966.0,117,156.0,1.0,0.00641025641025641,0.1197536945812808,False,0.008771929824561403,0.0,0.0,,,76,rider,0.05,0.5,region_crc,mask2former_swinb_cityscapes,acdc_night_targetcal100,29
,,,0.9999964843955947,909,True,0.007122507122507122,0.007122507122507122,0.5904906392097473,16.374384236453203,900.0,117,156.0,2.0,0.01282051282051282,0.09719211822660101,False,0.017543859649122806,0.0,0.0,,,76,rider,0.05,0.5,heuristic,mask2former_swinb_cityscapes,acdc_night_targetcal100,29
,,,,-1,True,,0.8376068376068376,0.0003355780791025609,,,406,,,0.8461538461538461,,False,,,,,,76,rider,0.05,0.5,argmax,mask2former_swinb_cityscapes,acdc_night_targetcal100,29
,,,0.9999935434577096,865,True,0.01566951566951567,0.01566951566951567,0.4880221486091614,21.77093596059113,850.0,117,156.0,3.0,0.019230769230769232,0.09359605911330049,False,0.02631578947368421,0.0,0.0,,,76,rider,0.1,0.5,region_crc,mask2former_swinb_cityscapes,acdc_night_targetcal100,29
,,,0.9999935434577096,865,True,0.01566951566951567,0.01566951566951567,0.4880221486091614,21.77093596059113,850.0,117,156.0,3.0,0.019230769230769232,0.09359605911330049,False,0.02631578947368421,0.0,0.0,,,76,rider,0.1,0.5,heuristic,mask2former_swinb_cityscapes,acdc_night_targetcal100,29
,,,,-1,True,,0.8376068376068376,0.0003355780791025609,,,406,,,0.8461538461538461,,False,,,,,,76,rider,0.1,0.5,argmax,mask2former_swinb_cityscapes,acdc_night_targetcal100,29
,,,0.9999626749842204,738,True,0.0754985754985755,0.07549857549857548,0.21972490847110748,26.69704433497537,725.0,117,156.0,12.0,0.07692307692307693,0.07093596059113305,False,0.09649122807017543,0.02857142857142857,0.0,,,76,rider,0.2,0.5,region_crc,mask2former_swinb_cityscapes,acdc_night_targetcal100,29
,,,0.9999234403393089,686,True,0.11823361823361823,0.11823361823361823,0.15171599388122559,23.992610837438423,675.0,117,156.0,18.0,0.11538461538461539,0.1321182266009852,False,0.14912280701754385,0.02857142857142857,0.0,,,76,rider,0.2,0.5,heuristic,mask2former_swinb_cityscapes,acdc_night_targetcal100,29
,,,,-1,True,,0.8376068376068376,0.0003355780791025609,,,406,,,0.8461538461538461,,False,,,,,,76,rider,0.2,0.5,argmax,mask2former_swinb_cityscapes,acdc_night_targetcal100,29
,,,0.9999983327527875,963,True,0.0,0.0,0.7132306694984436,11.310344827586206,963.0,103,241.0,0.0,0.0,0.05541871921182265,False,0.0,0.0,0.0,,,76,bicycle,0.05,0.1,region_crc,mask2former_swinb_cityscapes,acdc_night_targetcal100,27
,,,0.9999974414141131,932,True,0.0,0.0,0.6303954720497131,15.793103448275861,925.0,103,241.0,0.0,0.0,0.10847290640394092,False,0.0,0.0,0.0,,,76,bicycle,0.05,0.1,heuristic,mask2former_swinb_cityscapes,acdc_night_targetcal100,27
,,,,-1,True,,0.8213784866697486,0.0006963995401747525,,,406,,,0.7966804979253111,,False,,,,,,76,bicycle,0.05,0.1,argmax,mask2former_swinb_cityscapes,acdc_night_targetcal100,27
,,,0.9999896723859424,831,True,0.011326860841423949,0.011326860841423949,0.38074541091918945,26.67487684729064,825.0,103,241.0,2.0,0.008298755186721992,0.1124630541871921,False,0.014388489208633094,0.0,0.0,,,76,bicycle,0.1,0.1,region_crc,mask2former_swinb_cityscapes,acdc_night_targetcal100,27
,,,0.9999763408030251,771,True,0.027508090614886727,0.027508090614886727,0.25691741704940796,29.88423645320197,750.0,103,241.0,5.0,0.02074688796680498,0.1216256157635468,False,0.03597122302158273,0.0,0.0,,,76,bicycle,0.1,0.1,heuristic,mask2former_swinb_cityscapes,acdc_night_targetcal100,27
,,,,-1,True,,0.8213784866697486,0.0006963995401747525,,,406,,,0.7966804979253111,,False,,,,,,76,bicycle,0.1,0.1,argmax,mask2former_swinb_cityscapes,acdc_night_targetcal100,27
,,,0.9999285503673925,691,True,0.0986361534905224,0.0986361534905224,0.14079126715660095,26.285714285714285,675.0,103,241.0,20.0,0.08298755186721991,0.09669950738916255,False,0.1223021582733813,0.038461538461538464,0.0,,,76,bicycle,0.2,0.1,region_crc,mask2former_swinb_cityscapes,acdc_night_targetcal100,27
,,,0.999765577118468,605,True,0.19479889042995838,0.1947988904299584,0.06818179786205292,20.25615763546798,600.0,103,241.0,42.0,0.17427385892116182,0.06497536945812804,False,0.26618705035971224,0.0641025641025641,0.0,,,76,bicycle,0.2,0.1,heuristic,mask2former_swinb_cityscapes,acdc_night_targetcal100,27
,,,,-1,True,,0.8213784866697486,0.0006963995401747525,,,406,,,0.7966804979253111,,False,,,,,,76,bicycle,0.2,0.1,argmax,mask2former_swinb_cityscapes,acdc_night_targetcal100,27
,,,0.9999986448105876,978,True,0.0,0.0,0.7516735196113586,9.849753694581281,978.0,103,241.0,0.0,0.0,0.07078817733990145,False,0.0,0.0,0.0,,,76,bicycle,0.05,0.5,region_crc,mask2former_swinb_cityscapes,acdc_night_targetcal100,27
,,,0.9999984004419714,966,True,0.0,0.0,0.7191053628921509,11.096059113300493,966.0,103,241.0,0.0,0.0,0.07615763546798027,False,0.0,0.0,0.0,,,76,bicycle,0.05,0.5,heuristic,mask2former_swinb_cityscapes,acdc_night_targetcal100,27
,,,,-1,True,,0.8783055940822931,0.0006963995401747525,,,406,,,0.8630705394190872,,False,,,,,,76,bicycle,0.05,0.5,argmax,mask2former_swinb_cityscapes,acdc_night_targetcal100,27
,,,0.9999946048937749,878,True,0.019417475728155338,0.019417475728155338,0.4959907829761505,22.2192118226601,875.0,103,241.0,2.0,0.008298755186721992,0.11605911330049262,False,0.007194244604316547,0.01282051282051282,0.0,,,76,bicycle,0.1,0.5,region_crc,mask2former_swinb_cityscapes,acdc_night_targetcal100,27
,,,0.999991488619618,845,True,0.023462783171521038,0.023462783171521034,0.4142146408557892,26.67487684729064,825.0,103,241.0,4.0,0.016597510373443983,0.12448275862068964,False,0.02158273381294964,0.01282051282051282,0.0,,,76,bicycle,0.1,0.5,heuristic,mask2former_swinb_cityscapes,acdc_night_targetcal100,27
,,,,-1,True,,0.8783055940822931,0.0006963995401747525,,,406,,,0.8630705394190872,,False,,,,,,76,bicycle,0.1,0.5,argmax,mask2former_swinb_cityscapes,acdc_night_targetcal100,27
,,,0.9999742960421724,765,True,0.08472029588534442,0.08472029588534442,0.24704565107822418,29.88423645320197,750.0,103,241.0,16.0,0.06639004149377593,0.12655172413793103,False,0.07913669064748201,0.0641025641025641,0.0,,,76,bicycle,0.2,0.5,region_crc,mask2former_swinb_cityscapes,acdc_night_targetcal100,27
,,,0.9999571451479603,728,True,0.1455617198335645,0.1455617198335645,0.18933357298374176,29.70689655172414,725.0,103,241.0,26.0,0.1078838174273859,0.12177339901477832,False,0.1510791366906475,0.0641025641025641,0.0,,,76,bicycle,0.2,0.5,heuristic,mask2former_swinb_cityscapes,acdc_night_targetcal100,27
,,,,-1,True,,0.8783055940822931,0.0006963995401747525,,,406,,,0.8630705394190872,,False,,,,,,76,bicycle,0.2,0.5,argmax,mask2former_swinb_cityscapes,acdc_night_targetcal100,27
,,,0.9999402964713416,704,True,0.05209788118079575,0.05209788118079575,0.29975977540016174,27.75862068965517,700.0,199,636.0,28.0,0.0440251572327044,0.04142857142857137,False,0.06192660550458716,0.0056179775280898875,0.0,,,77,person,0.05,0.1,region_crc,mask2former_swinb_cityscapes,acdc_night_targetcal100,48
,,,0.9998340413092562,630,True,0.08095455633144075,0.08095455633144076,0.18743449449539185,27.89408866995074,625.0,199,636.0,48.0,0.07547169811320754,0.09847290640394091,False,0.10321100917431193,0.016853932584269662,0.0,,,77,person,0.05,0.1,heuristic,mask2former_swinb_cityscapes,acdc_night_targetcal100,48
,,,,-1,True,,0.5304074903321134,0.005033763591200113,,,406,,,0.5031446540880503,,False,,,,,,77,person,0.05,0.1,argmax,mask2former_swinb_cityscapes,acdc_night_targetcal100,48
,,,0.9996301718202197,572,True,0.11126900737453502,0.111269007374535,0.13148462772369385,23.677339901477833,550.0,199,636.0,65.0,0.10220125786163523,0.15226600985221678,False,0.14220183486238533,0.016853932584269662,0.0,,,77,person,0.1,0.1,region_crc,mask2former_swinb_cityscapes,acdc_night_targetcal100,48
,,,0.9994847713554182,548,True,0.13080826208966914,0.13080826208966914,0.11223655939102173,21.935960591133004,525.0,199,636.0,76.0,0.11949685534591195,0.11458128078817731,False,0.16743119266055045,0.016853932584269662,0.0,,,77,person,0.1,0.1,heuristic,mask2former_swinb_cityscapes,acdc_night_targetcal100,48
,,,,-1,True,,0.5304074903321134,0.005033763591200113,,,406,,,0.5031446540880503,,False,,,,,,77,person,0.1,0.1,argmax,mask2former_swinb_cityscapes,acdc_night_targetcal100,48
,,,0.9906243799307412,338,True,0.2781831303816228,0.2781831303816228,0.026776112616062164,9.157635467980295,325.0,199,636.0,162.0,0.25471698113207547,0.10113300492610838,False,0.3486238532110092,0.056179775280898875,0.0,,,77,person,0.2,0.1,region_crc,mask2former_swinb_cityscapes,acdc_night_targetcal100,48
,,,0.9869382911186816,314,True,0.28408067365353795,0.28408067365353795,0.022108426317572594,8.073891625615763,300.0,199,636.0,166.0,0.2610062893081761,0.13147783251231526,False,0.3555045871559633,0.06179775280898876,0.0,,,77,person,0.2,0.1,heuristic,mask2former_swinb_cityscapes,acdc_night_targetcal100,48
,,,,-1,True,,0.5304074903321134,0.005033763591200113,,,406,,,0.5031446540880503,,False,,,,,,77,person,0.2,0.1,argmax,mask2former_swinb_cityscapes,acdc_night_targetcal100,48
,,,0.9999805015540024,785,True,0.03710815984685331,0.03710815984685331,0.4651874899864197,23.123152709359605,775.0,199,636.0,19.0,0.029874213836477988,0.08275862068965512,False,0.04128440366972477,0.0056179775280898875,0.0,,,77,person,0.05,0.5,region_crc,mask2former_swinb_cityscapes,acdc_night_targetcal100,48
,,,0.9999641903562897,741,True,0.05684890904740151,0.05684890904740151,0.3686312139034271,26.822660098522167,725.0,199,636.0,33.0,0.05188679245283019,0.06886699507389163,False,0.07110091743119266,0.011235955056179775,0.0,,,77,person,0.05,0.5,heuristic,mask2former_swinb_cityscapes,acdc_night_targetcal100,48
,,,,-1,True,,0.6210523284643887,0.005033763591200113,,,406,,,0.589622641509434,,False,,,,,,77,person,0.05,0.5,argmax,mask2former_swinb_cityscapes,acdc_night_targetcal100,48
,,,0.9998534452159044,639,True,0.11751234527616437,0.11751234527616437,0.19973330199718475,27.89408866995074,625.0,199,636.0,65.0,0.10220125786163523,0.10354679802955657,False,0.14220183486238533,0.016853932584269662,0.0,,,77,person,0.1,0.5,region_crc,mask2former_swinb_cityscapes,acdc_night_targetcal100,48
,,,0.9998120683183197,621,True,0.12756259653244575,0.12756259653244578,0.17711113393306732,26.41871921182266,600.0,199,636.0,71.0,0.11163522012578617,0.09078817733990152,False,0.1559633027522936,0.016853932584269662,0.0,,,77,person,0.1,0.5,heuristic,mask2former_swinb_cityscapes,acdc_night_targetcal100,48
,,,,-1,True,,0.6210523284643887,0.005033763591200113,,,406,,,0.589622641509434,,False,,,,,,77,person,0.1,0.5,argmax,mask2former_swinb_cityscapes,acdc_night_targetcal100,48
,,,0.9966271269134113,412,True,0.2729304266364568,0.2729304266364568,0.045906875282526016,13.211822660098521,400.0,199,636.0,164.0,0.2578616352201258,0.1376847290640394,False,0.3486238532110092,0.06179775280898876,0.045454545454545456,,,77,person,0.2,0.5,region_crc,mask2former_swinb_cityscapes,acdc_night_targetcal100,48
,,,0.995734204811984,395,True,0.2828759877754852,0.2828759877754852,0.04085103049874306,11.623152709359607,375.0,199,636.0,169.0,0.26572327044025157,0.11842364532019711,False,0.3577981651376147,0.06741573033707865,0.045454545454545456,,,77,person,0.2,0.5,heuristic,mask2former_swinb_cityscapes,acdc_night_targetcal100,48
,,,,-1,True,,0.6210523284643887,0.005033763591200113,,,406,,,0.589622641509434,,False,,,,,,77,person,0.2,0.5,argmax,mask2former_swinb_cityscapes,acdc_night_targetcal100,48
,,,0.9998990747113923,666,True,0.1289855072463768,0.1289855072463768,0.13727758824825287,22.997536945812808,650.0,115,151.0,19.0,0.12582781456953643,0.08758620689655172,False,0.16964285714285715,0.0,0.0,,,77,rider,0.05,0.1,region_crc,mask2former_swinb_cityscapes,acdc_night_targetcal100,31
,,,0.9997986275750138,616,True,0.1855072463768116,0.1855072463768116,0.09725978225469589,19.295566502463053,600.0,115,151.0,27.0,0.17880794701986755,0.09645320197044338,False,0.23214285714285715,0.03125,0.0,,,77,rider,0.05,0.1,heuristic,mask2former_swinb_cityscapes,acdc_night_targetcal100,31
,,,,-1,True,,0.8101449275362318,0.0003844934981316328,,,406,,,0.8211920529801324,,False,,,,,,77,rider,0.05,0.1,argmax,mask2former_swinb_cityscapes,acdc_night_targetcal100,31
,,,0.9994988127663728,550,True,0.23768115942028983,0.2376811594202899,0.06074639409780502,15.751231527093596,550.0,115,151.0,33.0,0.2185430463576159,0.1442857142857143,False,0.2767857142857143,0.0625,0.0,,,77,rider,0.1,0.1,region_crc,mask2former_swinb_cityscapes,acdc_night_targetcal100,31
,,,0.9993918649987212,536,True,0.24492753623188404,0.24492753623188407,0.05453171581029892,14.298029556650246,525.0,115,151.0,35.0,0.23178807947019867,0.1210837438423645,False,0.2857142857142857,0.09375,0.0,,,77,rider,0.1,0.1,heuristic,mask2former_swinb_cityscapes,acdc_night_targetcal100,31
,,,,-1,True,,0.8101449275362318,0.0003844934981316328,,,406,,,0.8211920529801324,,False,,,,,,77,rider,0.1,0.1,argmax,mask2former_swinb_cityscapes,acdc_night_targetcal100,31
,,,0.9990795504282468,506,True,0.26666666666666666,0.26666666666666666,0.04250381141901016,12.66256157635468,500.0,115,151.0,38.0,0.25165562913907286,0.12325123152709361,False,0.30357142857142855,0.125,0.0,,,77,rider,0.2,0.1,region_crc,mask2former_swinb_cityscapes,acdc_night_targetcal100,31
,,,0.9990405993684841,503,True,0.26666666666666666,0.26666666666666666,0.04158995300531387,12.66256157635468,500.0,115,151.0,38.0,0.25165562913907286,0.12527093596059113,False,0.30357142857142855,0.125,0.0,,,77,rider,0.2,0.1,heuristic,mask2former_swinb_cityscapes,acdc_night_targetcal100,31
,,,,-1,True,,0.8101449275362318,0.0003844934981316328,,,406,,,0.8211920529801324,,False,,,,,,77,rider,0.2,0.1,argmax,mask2former_swinb_cityscapes,acdc_night_targetcal100,31
,,,0.9999190904100822,682,True,0.17246376811594202,0.17246376811594202,0.1517881453037262,23.889162561576356,675.0,115,151.0,24.0,0.15894039735099338,0.10108374384236454,False,0.20535714285714285,0.03125,0.0,,,77,rider,0.05,0.5,region_crc,mask2former_swinb_cityscapes,acdc_night_targetcal100,31
,,,0.999882510244506,655,True,0.20289855072463767,0.2028985507246377,0.12757910788059235,22.997536945812808,650.0,115,151.0,29.0,0.19205298013245034,0.07758620689655171,False,0.25,0.03125,0.0,,,77,rider,0.05,0.5,heuristic,mask2former_swinb_cityscapes,acdc_night_targetcal100,31
,,,,-1,True,,0.853623188405797,0.0003844934981316328,,,406,,,0.8609271523178808,,False,,,,,,77,rider,0.05,0.5,argmax,mask2former_swinb_cityscapes,acdc_night_targetcal100,31
,,,0.999859395247587,642,True,0.20289855072463767,0.2028985507246377,0.1165953278541565,21.029556650246306,625.0,115,151.0,29.0,0.19205298013245034,0.07615763546798038,False,0.25,0.03125,0.0,,,77,rider,0.1,0.5,region_crc,mask2former_swinb_cityscapes,acdc_night_targetcal100,31
,,,0.9998534452159044,639,True,0.20289855072463767,0.2028985507246377,0.11423852294683456,21.029556650246306,625.0,115,151.0,29.0,0.19205298013245034,0.07541871921182267,False,0.25,0.03125,0.0,,,77,rider,0.1,0.5,heuristic,mask2former_swinb_cityscapes,acdc_night_targetcal100,31
,,,,-1,True,,0.853623188405797,0.0003844934981316328,,,406,,,0.8609271523178808,,False,,,,,,77,rider,0.1,0.5,argmax,mask2former_swinb_cityscapes,acdc_night_targetcal100,31
,,,0.9994084383658245,538,True,0.3014492753623188,0.30144927536231886,0.055447060614824295,14.298029556650246,525.0,115,151.0,43.0,0.2847682119205298,0.12118226600985227,False,0.32142857142857145,0.21875,0.0,,,77,rider,0.2,0.5,region_crc,mask2former_swinb_cityscapes,acdc_night_targetcal100,31
,,,0.9992518304994888,521,True,0.3130434782608696,0.3130434782608696,0.04797952249646187,12.66256157635468,500.0,115,151.0,45.0,0.2980132450331126,0.12280788177339902,False,0.3392857142857143,0.21875,0.0,,,77,rider,0.2,0.5,heuristic,mask2former_swinb_cityscapes,acdc_night_targetcal100,31
,,,,-1,True,,0.853623188405797,0.0003844934981316328,,,406,,,0.8609271523178808,,False,,,,,,77,rider,0.2,0.5,argmax,mask2former_swinb_cityscapes,acdc_night_targetcal100,31
,,,0.9999830175634754,795,True,0.04183355585224744,0.04183355585224744,0.3049205541610718,28.80295566502463,775.0,107,248.0,8.0,0.03225806451612903,0.13753694581280784,False,0.05405405405405406,0.0,0.0,,,77,bicycle,0.05,0.1,region_crc,mask2former_swinb_cityscapes,acdc_night_targetcal100,23
,,,0.999974996546383,767,True,0.047841566533155314,0.047841566533155314,0.2535572946071625,29.12807881773399,750.0,107,248.0,10.0,0.04032258064516129,0.1582758620689655,False,0.06756756756756757,0.0,0.0,,,77,bicycle,0.05,0.1,heuristic,mask2former_swinb_cityscapes,acdc_night_targetcal100,23
,,,,-1,True,,0.8427087969144044,0.0006263006362132728,,,406,,,0.8145161290322581,,False,,,,,,77,bicycle,0.05,0.1,argmax,mask2former_swinb_cityscapes,acdc_night_targetcal100,23
,,,0.999974996546383,767,True,0.047841566533155314,0.047841566533155314,0.2535572946071625,29.12807881773399,750.0,107,248.0,10.0,0.04032258064516129,0.1582758620689655,False,0.06756756756756757,0.0,0.0,,,77,bicycle,0.1,0.1,region_crc,mask2former_swinb_cityscapes,acdc_night_targetcal100,23
,,,0.999897670700772,665,True,0.14101023587004893,0.14101023587004896,0.11767802387475967,24.357142857142858,650.0,107,248.0,31.0,0.125,0.11807881773399015,False,0.1891891891891892,0.038461538461538464,0.0,,,77,bicycle,0.1,0.1,heuristic,mask2former_swinb_cityscapes,acdc_night_targetcal100,23
,,,,-1,True,,0.8427087969144044,0.0006263006362132728,,,406,,,0.8145161290322581,,False,,,,,,77,bicycle,0.1,0.1,argmax,mask2former_swinb_cityscapes,acdc_night_targetcal100,23
,,,0.9997194566362049,592,True,0.23188696039163326,0.2318869603916333,0.06183922663331032,18.061576354679804,575.0,107,248.0,54.0,0.21774193548387097,0.12507389162561577,False,0.32432432432432434,0.0641025641025641,0.045454545454545456,,,77,bicycle,0.2,0.1,region_crc,mask2former_swinb_cityscapes,acdc_night_targetcal100,23
,,,0.9995926197221959,565,True,0.2975522919448153,0.29755229194481536,0.049252208322286606,15.864532019704434,550.0,107,248.0,69.0,0.2782258064516129,0.14995073891625615,False,0.40540540540540543,0.08974358974358974,0.09090909090909091,,,77,bicycle,0.2,0.1,heuristic,mask2former_swinb_cityscapes,acdc_night_targetcal100,23
,,,,-1,True,,0.8427087969144044,0.0006263006362132728,,,406,,,0.8145161290322581,,False,,,,,,77,bicycle,0.2,0.1,argmax,mask2former_swinb_cityscapes,acdc_night_targetcal100,23
,,,0.9999871175044831,815,True,0.06886960391633289,0.06886960391633289,0.3468461036682129,27.839901477832512,800.0,107,248.0,16.0,0.06451612903225806,0.12014778325123154,False,0.08783783783783784,0.038461538461538464,0.0,,,77,bicycle,0.05,0.5,region_crc,mask2former_swinb_cityscapes,acdc_night_targetcal100,23
,,,0.9999830175634754,795,True,0.06886960391633289,0.06886960391633289,0.3049205541610718,28.80295566502463,775.0,107,248.0,16.0,0.06451612903225806,0.13753694581280784,False,0.08783783783783784,0.038461538461538464,0.0,,,77,bicycle,0.05,0.5,heuristic,mask2former_swinb_cityscapes,acdc_night_targetcal100,23
,,,,-1,True,,0.9068535825545171,0.0006263006362132728,,,406,,,0.8830645161290323,,False,,,,,,77,bicycle,0.05,0.5,argmax,mask2former_swinb_cityscapes,acdc_night_targetcal100,23
,,,0.9999830175634754,795,True,0.06886960391633289,0.06886960391633289,0.3049205541610718,28.80295566502463,775.0,107,248.0,16.0,0.06451612903225806,0.13753694581280784,False,0.08783783783783784,0.038461538461538464,0.0,,,77,bicycle,0.1,0.5,region_crc,mask2former_swinb_cityscapes,acdc_night_targetcal100,23
,,,0.9999571451479603,728,True,0.16927013796172674,0.16927013796172674,0.19175991415977478,28.85960591133005,725.0,107,248.0,33.0,0.13306451612903225,0.10482758620689658,False,0.19594594594594594,0.05128205128205128,0.0,,,77,bicycle,0.1,0.5,heuristic,mask2former_swinb_cityscapes,acdc_night_targetcal100,23
,,,,-1,True,,0.9068535825545171,0.0006263006362132728,,,406,,,0.8830645161290323,,False,,,,,,77,bicycle,0.1,0.5,argmax,mask2former_swinb_cityscapes,acdc_night_targetcal100,23
,,,0.9998948038126176,663,True,0.21711170449488207,0.21711170449488207,0.11611214280128479,24.357142857142858,650.0,107,248.0,48.0,0.1935483870967742,0.11561576354679803,False,0.28378378378378377,0.0641025641025641,0.045454545454545456,,,77,bicycle,0.2,0.5,region_crc,mask2former_swinb_cityscapes,acdc_night_targetcal100,23
,,,0.9995982091891511,566,True,0.35762498145675714,0.35762498145675714,0.04972945526242256,15.864532019704434,550.0,107,248.0,88.0,0.3548387096774194,0.15980295566502462,False,0.4797297297297297,0.1794871794871795,0.13636363636363635,,,77,bicycle,0.2,0.5,heuristic,mask2former_swinb_cityscapes,acdc_night_targetcal100,23
,,,,-1,True,,0.9068535825545171,0.0006263006362132728,,,406,,,0.8830645161290323,,False,,,,,,77,bicycle,0.2,0.5,argmax,mask2former_swinb_cityscapes,acdc_night_targetcal100,23
,,,0.9999812931785963,788,True,0.019917582417582416,0.019917582417582416,0.46690329909324646,23.820197044334975,775.0,208,721.0,9.0,0.012482662968099861,0.07320197044334975,False,0.018,0.0,0.0,,,78,person,0.05,0.1,region_crc,mask2former_swinb_cityscapes,acdc_night_targetcal100,39
,,,0.9999712921941798,757,True,0.02312271062271062,0.02312271062271062,0.39582863450050354,26.179802955665025,750.0,208,721.0,11.0,0.015256588072122053,0.11448275862068963,False,0.02,0.005208333333333333,0.0,,,78,person,0.05,0.1,heuristic,mask2former_swinb_cityscapes,acdc_night_targetcal100,39
,,,,-1,True,,0.5047251759992144,0.004851620178669691,,,406,,,0.4868238557558946,,False,,,,,,78,person,0.05,0.1,argmax,mask2former_swinb_cityscapes,acdc_night_targetcal100,39
,,,0.9999244907772334,687,True,0.04840133824508825,0.04840133824508825,0.26828116178512573,28.938423645320196,675.0,208,721.0,30.0,0.04160887656033287,0.07763546798029564,False,0.054,0.015625,0.0,,,78,person,0.1,0.1,region_crc,mask2former_swinb_cityscapes,acdc_night_targetcal100,39
,,,0.9995322648587128,555,True,0.12111794455544454,0.12111794455544454,0.11000112444162369,23.18472906403941,550.0,208,721.0,84.0,0.11650485436893204,0.07187192118226599,False,0.16,0.020833333333333332,0.0,,,78,person,0.1,0.1,heuristic,mask2former_swinb_cityscapes,acdc_night_targetcal100,39
,,,,-1,True,,0.5047251759992144,0.004851620178669691,,,406,,,0.4868238557558946,,False,,,,,,78,person,0.1,0.1,argmax,mask2former_swinb_cityscapes,acdc_night_targetcal100,39
,,,0.9985478883824123,473,True,0.1697271678641871,0.1697271678641871,0.06371857970952988,15.864532019704434,450.0,208,721.0,120.0,0.1664355062413315,0.07709359605911331,False,0.228,0.03125,0.0,,,78,person,0.2,0.1,region_crc,mask2former_swinb_cityscapes,acdc_night_targetcal100,39
,,,0.9978322958951803,444,True,0.18628288778529165,0.18628288778529162,0.05311122164130211,14.37192118226601,425.0,208,721.0,133.0,0.18446601941747573,0.1010344827586207,False,0.254,0.03125,0.0,,,78,person,0.2,0.1,heuristic,mask2former_swinb_cityscapes,acdc_night_targetcal100,39
,,,,-1,True,,0.5047251759992144,0.004851620178669691,,,406,,,0.4868238557558946,,False,,,,,,78,person,0.2,0.1,argmax,mask2former_swinb_cityscapes,acdc_night_targetcal100,39
,,,0.9999899538420972,833,True,0.0165121336996337,0.0165121336996337,0.5522245764732361,19.34975369458128,825.0,208,721.0,11.0,0.015256588072122053,0.09729064039408863,False,0.018,0.010416666666666666,0.0,,,78,person,0.05,0.5,region_crc,mask2former_swinb_cityscapes,acdc_night_targetcal100,39
,,,0.9999837070396737,798,True,0.027008928571428573,0.027008928571428573,0.4892581105232239,23.820197044334975,775.0,208,721.0,17.0,0.023578363384188627,0.0663054187192118,False,0.028,0.015625,0.0,,,78,person,0.05,0.5,heuristic,mask2former_swinb_cityscapes,acdc_night_targetcal100,39
,,,,-1,True,,0.5877753389772621,0.004851620178669691,,,406,,,0.5728155339805825,,False,,,,,,78,person,0.05,0.5,argmax,mask2former_swinb_cityscapes,acdc_night_targetcal100,39
,,,0.9999665804959974,746,True,0.04411447927072927,0.04411447927072927,0.3735928237438202,27.82512315270936,725.0,208,721.0,30.0,0.04160887656033287,0.12231527093596062,False,0.052,0.020833333333333332,0.0,,,78,person,0.1,0.5,region_crc,mask2former_swinb_cityscapes,acdc_night_targetcal100,39
,,,0.9999665804959974,746,True,0.04411447927072927,0.04411447927072927,0.3735928237438202,27.82512315270936,725.0,208,721.0,30.0,0.04160887656033287,0.12231527093596062,False,0.052,0.020833333333333332,0.0,,,78,person,0.1,0.5,heuristic,mask2former_swinb_cityscapes,acdc_night_targetcal100,39
,,,,-1,True,,0.5877753389772621,0.004851620178669691,,,406,,,0.5728155339805825,,False,,,,,,78,person,0.1,0.5,argmax,mask2former_swinb_cityscapes,acdc_night_targetcal100,39
,,,0.9996451866107664,575,True,0.14909422175047177,0.14909422175047177,0.12498974055051804,24.536945812807883,575.0,208,721.0,104.0,0.14424410540915394,0.08157635467980295,False,0.198,0.026041666666666668,0.0,,,78,person,0.2,0.5,region_crc,mask2former_swinb_cityscapes,acdc_night_targetcal100,39
,,,0.998717669417344,482,True,0.20799000011740396,0.20799000011740396,0.06708838790655136,17.391625615763548,475.0,208,721.0,147.0,0.20388349514563106,0.08261083743842362,False,0.278,0.041666666666666664,0.0,,,78,person,0.2,0.5,heuristic,mask2former_swinb_cityscapes,acdc_night_targetcal100,39
,,,,-1,True,,0.5877753389772621,0.004851620178669691,,,406,,,0.5728155339805825,,False,,,,,,78,person,0.2,0.5,argmax,mask2former_swinb_cityscapes,acdc_night_targetcal100,39
,,,0.9999605542697925,734,True,0.07650273224043716,0.07650273224043715,0.21035709977149963,26.864532019704434,725.0,122,161.0,11.0,0.06832298136645963,0.10167487684729071,False,0.09482758620689655,0.0,0.0,,,78,rider,0.05,0.1,region_crc,mask2former_swinb_cityscapes,acdc_night_targetcal100,24
,,,0.9999045007413978,670,True,0.11338797814207649,0.11338797814207649,0.13479284942150116,23.11576354679803,650.0,122,161.0,18.0,0.11180124223602485,0.10532019704433493,False,0.15517241379310345,0.0,0.0,,,78,rider,0.05,0.1,heuristic,mask2former_swinb_cityscapes,acdc_night_targetcal100,24
,,,,-1,True,,0.755464480874317,0.00041166594019159675,,,406,,,0.7639751552795031,,False,,,,,,78,rider,0.05,0.1,argmax,mask2former_swinb_cityscapes,acdc_night_targetcal100,24
,,,0.9998872802543824,658,True,0.1297814207650273,0.1297814207650273,0.12398254126310349,23.11576354679803,650.0,122,161.0,21.0,0.13043478260869565,0.10300492610837442,False,0.1810344827586207,0.0,0.0,,,78,rider,0.1,0.1,region_crc,mask2former_swinb_cityscapes,acdc_night_targetcal100,24
,,,0.9998872802543824,658,True,0.1297814207650273,0.1297814207650273,0.12398254126310349,23.11576354679803,650.0,122,161.0,21.0,0.13043478260869565,0.10300492610837442,False,0.1810344827586207,0.0,0.0,,,78,rider,0.1,0.1,heuristic,mask2former_swinb_cityscapes,acdc_night_targetcal100,24
,,,,-1,True,,0.755464480874317,0.00041166594019159675,,,406,,,0.7639751552795031,,False,,,,,,78,rider,0.1,0.1,argmax,mask2former_swinb_cityscapes,acdc_night_targetcal100,24
,,,0.9997271022217192,594,True,0.16666666666666666,0.16666666666666666,0.07587693631649017,17.463054187192117,575.0,122,161.0,26.0,0.16149068322981366,0.07399014778325119,False,0.21551724137931033,0.02702702702702703,0.0,,,78,rider,0.2,0.1,region_crc,mask2former_swinb_cityscapes,acdc_night_targetcal100,24
,,,0.9997271022217192,594,True,0.16666666666666666,0.16666666666666666,0.07587693631649017,17.463054187192117,575.0,122,161.0,26.0,0.16149068322981366,0.07399014778325119,False,0.21551724137931033,0.02702702702702703,0.0,,,78,rider,0.2,0.1,heuristic,mask2former_swinb_cityscapes,acdc_night_targetcal100,24
,,,,-1,True,,0.755464480874317,0.00041166594019159675,,,406,,,0.7639751552795031,,False,,,,,,78,rider,0.2,0.1,argmax,mask2former_swinb_cityscapes,acdc_night_targetcal100,24
,,,0.9999935434577096,865,True,0.031420765027322405,0.031420765027322405,0.4807257354259491,21.90394088669951,850.0,122,161.0,5.0,0.031055900621118012,0.06354679802955654,False,0.04310344827586207,0.0,0.0,,,78,rider,0.05,0.5,region_crc,mask2former_swinb_cityscapes,acdc_night_targetcal100,24
,,,0.9999930816902908,860,True,0.03551912568306011,0.03551912568306011,0.4701712429523468,21.90394088669951,850.0,122,161.0,6.0,0.037267080745341616,0.05369458128078808,False,0.05172413793103448,0.0,0.0,,,78,rider,0.05,0.5,heuristic,mask2former_swinb_cityscapes,acdc_night_targetcal100,24
,,,,-1,True,,0.8169398907103824,0.00041166594019159675,,,406,,,0.8260869565217391,,False,,,,,,78,rider,0.05,0.5,argmax,mask2former_swinb_cityscapes,acdc_night_targetcal100,24
,,,0.999971686080042,758,True,0.08469945355191258,0.08469945355191257,0.251433789730072,27.778325123152708,750.0,122,161.0,12.0,0.07453416149068323,0.11965517241379309,False,0.10344827586206896,0.0,0.0,,,78,rider,0.1,0.5,region_crc,mask2former_swinb_cityscapes,acdc_night_targetcal100,24
,,,0.9999314511773547,694,True,0.12568306010928962,0.12568306010928962,0.15768985450267792,23.822660098522167,675.0,122,161.0,19.0,0.11801242236024845,0.10315270935960585,False,0.16379310344827586,0.0,0.0,,,78,rider,0.1,0.5,heuristic,mask2former_swinb_cityscapes,acdc_night_targetcal100,24
,,,,-1,True,,0.8169398907103824,0.00041166594019159675,,,406,,,0.8260869565217391,,False,,,,,,78,rider,0.1,0.5,argmax,mask2former_swinb_cityscapes,acdc_night_targetcal100,24
,,,0.9998948038126176,663,True,0.15027322404371585,0.15027322404371585,0.12870702147483826,23.11576354679803,650.0,122,161.0,24.0,0.14906832298136646,0.1003940886699507,False,0.20689655172413793,0.0,0.0,,,78,rider,0.2,0.5,region_crc,mask2former_swinb_cityscapes,acdc_night_targetcal100,24
,,,0.9998948038126176,663,True,0.15027322404371585,0.15027322404371585,0.12870702147483826,23.11576354679803,650.0,122,161.0,24.0,0.14906832298136646,0.1003940886699507,False,0.20689655172413793,0.0,0.0,,,78,rider,0.2,0.5,heuristic,mask2former_swinb_cityscapes,acdc_night_targetcal100,24
,,,,-1,True,,0.8169398907103824,0.00041166594019159675,,,406,,,0.8260869565217391,,False,,,,,,78,rider,0.2,0.5,argmax,mask2former_swinb_cityscapes,acdc_night_targetcal100,24
,,,0.9999898140861194,832,True,0.01521164021164021,0.01521164021164021,0.3716827630996704,26.669950738916256,825.0,108,245.0,3.0,0.012244897959183673,0.15039408866995074,False,0.02112676056338028,0.0,0.0,,,78,bicycle,0.05,0.1,region_crc,mask2former_swinb_cityscapes,acdc_night_targetcal100,22
,,,0.9999621557415282,737,True,0.07720458553791885,0.07720458553791888,0.19840045273303986,29.275862068965516,725.0,108,245.0,20.0,0.08163265306122448,0.06300492610837438,False,0.11971830985915492,0.037037037037037035,0.0,,,78,bicycle,0.05,0.1,heuristic,mask2former_swinb_cityscapes,acdc_night_targetcal100,22
,,,,-1,True,,0.8280276308054084,0.0005771750002168119,,,406,,,0.8081632653061225,,False,,,,,,78,bicycle,0.05,0.1,argmax,mask2former_swinb_cityscapes,acdc_night_targetcal100,22
,,,0.9999621557415282,737,True,0.07720458553791885,0.07720458553791888,0.19840045273303986,29.275862068965516,725.0,108,245.0,20.0,0.08163265306122448,0.06300492610837438,False,0.11971830985915492,0.037037037037037035,0.0,,,78,bicycle,0.1,0.1,region_crc,mask2former_swinb_cityscapes,acdc_night_targetcal100,22
,,,0.9999610954855006,735,True,0.07720458553791885,0.07720458553791888,0.1953824758529663,29.275862068965516,725.0,108,245.0,20.0,0.08163265306122448,0.06793103448275861,False,0.11971830985915492,0.037037037037037035,0.0,,,78,bicycle,0.1,0.1,heuristic,mask2former_swinb_cityscapes,acdc_night_targetcal100,22
,,,,-1,True,,0.8280276308054084,0.0005771750002168119,,,406,,,0.8081632653061225,,False,,,,,,78,bicycle,0.1,0.1,argmax,mask2former_swinb_cityscapes,acdc_night_targetcal100,22
,,,0.9999402964713416,704,True,0.09495149911816579,0.0949514991181658,0.1515917330980301,27.857142857142858,700.0,108,245.0,24.0,0.09795918367346938,0.08748768472906403,False,0.14084507042253522,0.04938271604938271,0.0,,,78,bicycle,0.2,0.1,region_crc,mask2former_swinb_cityscapes,acdc_night_targetcal100,22
,,,0.9998990747113923,666,True,0.11479276895943562,0.11479276895943563,0.1122724786400795,24.300492610837438,650.0,108,245.0,27.0,0.11020408163265306,0.05960591133004922,False,0.1619718309859155,0.04938271604938271,0.0,,,78,bicycle,0.2,0.1,heuristic,mask2former_swinb_cityscapes,acdc_night_targetcal100,22
,,,,-1,True,,0.8280276308054084,0.0005771750002168119,,,406,,,0.8081632653061225,,False,,,,,,78,bicycle,0.2,0.1,argmax,mask2former_swinb_cityscapes,acdc_night_targetcal100,22
,,,0.9999908798916064,840,True,0.05125661375661376,0.051256613756613764,0.39029425382614136,26.669950738916256,825.0,108,245.0,12.0,0.04897959183673469,0.12428571428571433,False,0.07042253521126761,0.024691358024691357,0.0,,,78,bicycle,0.05,0.5,region_crc,mask2former_swinb_cityscapes,acdc_night_targetcal100,22
,,,0.9999799552797264,783,True,0.08212081128747795,0.08212081128747795,0.27438151836395264,29.450738916256157,775.0,108,245.0,18.0,0.07346938775510205,0.10472906403940896,False,0.09859154929577464,0.04938271604938271,0.0,,,78,bicycle,0.05,0.5,heuristic,mask2former_swinb_cityscapes,acdc_night_targetcal100,22
,,,,-1,True,,0.8758377425044093,0.0005771750002168119,,,406,,,0.8612244897959184,,False,,,,,,78,bicycle,0.05,0.5,argmax,mask2former_swinb_cityscapes,acdc_night_targetcal100,22
,,,0.9999799552797264,783,True,0.08212081128747795,0.08212081128747795,0.27438151836395264,29.450738916256157,775.0,108,245.0,18.0,0.07346938775510205,0.10472906403940896,False,0.09859154929577464,0.04938271604938271,0.0,,,78,bicycle,0.1,0.5,region_crc,mask2former_swinb_cityscapes,acdc_night_targetcal100,22
,,,0.9999796764298906,782,True,0.08212081128747795,0.08212081128747795,0.27267560362815857,29.450738916256157,775.0,108,245.0,18.0,0.07346938775510205,0.10226600985221679,False,0.09859154929577464,0.04938271604938271,0.0,,,78,bicycle,0.1,0.5,heuristic,mask2former_swinb_cityscapes,acdc_night_targetcal100,22
,,,,-1,True,,0.8758377425044093,0.0005771750002168119,,,406,,,0.8612244897959184,,False,,,,,,78,bicycle,0.1,0.5,argmax,mask2former_swinb_cityscapes,acdc_night_targetcal100,22
,,,0.999963692194523,740,True,0.13970458553791887,0.13970458553791887,0.20341160893440247,29.275862068965516,725.0,108,245.0,30.0,0.12244897959183673,0.060788177339901495,False,0.16901408450704225,0.07407407407407407,0.0,,,78,bicycle,0.2,0.5,region_crc,mask2former_swinb_cityscapes,acdc_night_targetcal100,22
,,,0.9999083779509877,673,True,0.1751984126984127,0.1751984126984127,0.11831247061491013,24.300492610837438,650.0,108,245.0,40.0,0.16326530612244897,0.05467980295566499,False,0.22535211267605634,0.09876543209876543,0.0,,,78,bicycle,0.2,0.5,heuristic,mask2former_swinb_cityscapes,acdc_night_targetcal100,22
,,,,-1,True,,0.8758377425044093,0.0005771750002168119,,,406,,,0.8612244897959184,,False,,,,,,78,bicycle,0.2,0.5,argmax,mask2former_swinb_cityscapes,acdc_night_targetcal100,22
,,,0.9998068031682983,619,True,0.08910298244469099,0.08910298244469099,0.17481346428394318,27.100985221674875,600.0,199,672.0,55.0,0.0818452380952381,0.12926108374384232,False,0.1118421052631579,0.02127659574468085,0.0,,,79,person,0.05,0.1,region_crc,mask2former_swinb_cityscapes,acdc_night_targetcal100,48
,,,0.9997453169747414,599,True,0.09894385346646653,0.09894385346646653,0.1539515107870102,25.08374384236453,575.0,199,672.0,60.0,0.08928571428571429,0.1482758620689656,False,0.12280701754385964,0.02127659574468085,0.0,,,79,person,0.05,0.1,heuristic,mask2former_swinb_cityscapes,acdc_night_targetcal100,48
,,,,-1,True,,0.5069793411501954,0.005521838087588549,,,406,,,0.47767857142857145,,False,,,,,,79,person,0.05,0.1,argmax,mask2former_swinb_cityscapes,acdc_night_targetcal100,48
,,,0.9994324553945915,541,True,0.1466694946594444,0.1466694946594444,0.10701935738325119,22.226600985221676,525.0,199,672.0,92.0,0.13690476190476192,0.14192118226600992,False,0.19298245614035087,0.02127659574468085,0.0,,,79,person,0.1,0.1,region_crc,mask2former_swinb_cityscapes,acdc_night_targetcal100,48
,,,0.9984223887303006,467,True,0.19477775156167115,0.19477775156167115,0.06567282229661942,16.330049261083744,450.0,199,672.0,121.0,0.1800595238095238,0.12852216748768475,False,0.25,0.03723404255319149,0.0,,,79,person,0.1,0.1,heuristic,mask2former_swinb_cityscapes,acdc_night_targetcal100,48
,,,,-1,True,,0.5069793411501954,0.005521838087588549,,,406,,,0.47767857142857145,,False,,,,,,79,person,0.1,0.1,argmax,mask2former_swinb_cityscapes,acdc_night_targetcal100,48
,,,0.9912501622477257,343,True,0.2649085141547453,0.2649085141547453,0.02753230556845665,9.12807881773399,325.0,199,672.0,167.0,0.24851190476190477,0.10399014778325122,False,0.34210526315789475,0.05851063829787234,0.0,,,79,person,0.2,0.1,region_crc,mask2former_swinb_cityscapes,acdc_night_targetcal100,48
,,,0.9911284398796204,342,True,0.2649085141547453,0.2649085141547453,0.02732597291469574,9.12807881773399,325.0,199,672.0,167.0,0.24851190476190477,0.10645320197044339,False,0.34210526315789475,0.05851063829787234,0.0,,,79,person,0.2,0.1,heuristic,mask2former_swinb_cityscapes,acdc_night_targetcal100,48
,,,,-1,True,,0.5069793411501954,0.005521838087588549,,,406,,,0.47767857142857145,,False,,,,,,79,person,0.2,0.1,argmax,mask2former_swinb_cityscapes,acdc_night_targetcal100,48
,,,0.9999594491464552,732,True,0.06594335312928278,0.06594335312928278,0.35437989234924316,27.56650246305419,725.0,199,672.0,40.0,0.05952380952380952,0.11334975369458133,False,0.08114035087719298,0.015957446808510637,0.0,,,79,person,0.05,0.5,region_crc,mask2former_swinb_cityscapes,acdc_night_targetcal100,48
,,,0.9998514064357713,638,True,0.1267876177423916,0.1267876177423916,0.19863422214984894,28.689655172413794,625.0,199,672.0,74.0,0.11011904761904762,0.12635467980295573,False,0.15350877192982457,0.02127659574468085,0.0,,,79,person,0.05,0.5,heuristic,mask2former_swinb_cityscapes,acdc_night_targetcal100,48
,,,,-1,True,,0.5912535259268927,0.005521838087588549,,,406,,,0.5639880952380952,,False,,,,,,79,person,0.05,0.5,argmax,mask2former_swinb_cityscapes,acdc_night_targetcal100,48
,,,0.9997986275750138,616,True,0.14439459200765734,0.14439459200765734,0.1716517210006714,27.100985221674875,600.0,199,672.0,84.0,0.125,0.1443349753694581,False,0.17543859649122806,0.02127659574468085,0.0,,,79,person,0.1,0.5,region_crc,mask2former_swinb_cityscapes,acdc_night_targetcal100,48
,,,0.9996688688785174,580,True,0.16083918872863595,0.16083918872863595,0.1378261148929596,25.08374384236453,575.0,199,672.0,96.0,0.14285714285714285,0.16359605911330055,False,0.19736842105263158,0.031914893617021274,0.0,,,79,person,0.1,0.5,heuristic,mask2former_swinb_cityscapes,acdc_night_targetcal100,48
,,,,-1,True,,0.5912535259268927,0.005521838087588549,,,406,,,0.5639880952380952,,False,,,,,,79,person,0.1,0.5,argmax,mask2former_swinb_cityscapes,acdc_night_targetcal100,48
,,,0.9983327527874489,463,True,0.23502817673671944,0.23502817673671944,0.06421102583408356,16.330049261083744,450.0,199,672.0,149.0,0.22172619047619047,0.12852216748768475,False,0.3026315789473684,0.05851063829787234,0.0,,,79,person,0.2,0.5,region_crc,mask2former_swinb_cityscapes,acdc_night_targetcal100,48
,,,0.9982621991712506,460,True,0.2364197499875892,0.2364197499875892,0.06312482804059982,16.330049261083744,450.0,199,672.0,151.0,0.22470238095238096,0.12428571428571433,False,0.3048245614035088,0.06382978723404255,0.0,,,79,person,0.2,0.5,heuristic,mask2former_swinb_cityscapes,acdc_night_targetcal100,48
,,,,-1,True,,0.5912535259268927,0.005521838087588549,,,406,,,0.5639880952380952,,False,,,,,,79,person,0.2,0.5,argmax,mask2former_swinb_cityscapes,acdc_night_targetcal100,48
,,,0.999991946215588,849,True,0.017857142857142856,0.017857142857142856,0.4534848928451538,24.344827586206897,825.0,112,146.0,2.0,0.0136986301369863,0.12270935960591134,False,0.01818181818181818,0.0,0.0,,,79,rider,0.05,0.1,region_crc,mask2former_swinb_cityscapes,acdc_night_targetcal100,34
,,,0.999989383044428,829,True,0.017857142857142856,0.017857142857142856,0.4043247103691101,24.344827586206897,825.0,112,146.0,2.0,0.0136986301369863,0.11078817733990148,False,0.01818181818181818,0.0,0.0,,,79,rider,0.05,0.1,heuristic,mask2former_swinb_cityscapes,acdc_night_targetcal100,34
,,,,-1,True,,0.8050595238095238,0.00033912964863702655,,,406,,,0.815068493150685,,False,,,,,,79,rider,0.05,0.1,argmax,mask2former_swinb_cityscapes,acdc_night_targetcal100,34
,,,0.9999202005312732,683,True,0.09375,0.09375,0.1505373865365982,23.87192118226601,675.0,112,146.0,13.0,0.08904109589041095,0.12300492610837438,False,0.11818181818181818,0.0,0.0,,,79,rider,0.1,0.1,region_crc,mask2former_swinb_cityscapes,acdc_night_targetcal100,34
,,,0.9998775383800735,652,True,0.13839285714285715,0.13839285714285715,0.12360232323408127,23.13054187192118,650.0,112,146.0,20.0,0.136986301369863,0.10733990147783251,False,0.18181818181818182,0.0,0.0,,,79,rider,0.1,0.1,heuristic,mask2former_swinb_cityscapes,acdc_night_targetcal100,34
,,,,-1,True,,0.8050595238095238,0.00033912964863702655,,,406,,,0.815068493150685,,False,,,,,,79,rider,0.1,0.1,argmax,mask2former_swinb_cityscapes,acdc_night_targetcal100,34
,,,0.9962329620101609,404,True,0.41517857142857145,0.41517857142857145,0.016397878527641296,6.527093596059113,400.0,112,146.0,60.0,0.410958904109589,0.09034482758620688,False,0.4636363636363636,0.3,0.0,,,79,rider,0.2,0.1,region_crc,mask2former_swinb_cityscapes,acdc_night_targetcal100,34
,,,0.9962329620101609,404,True,0.41517857142857145,0.41517857142857145,0.016397878527641296,6.527093596059113,400.0,112,146.0,60.0,0.410958904109589,0.09034482758620688,False,0.4636363636363636,0.3,0.0,,,79,rider,0.2,0.1,heuristic,mask2former_swinb_cityscapes,acdc_night_targetcal100,34
,,,,-1,True,,0.8050595238095238,0.00033912964863702655,,,406,,,0.815068493150685,,False,,,,,,79,rider,0.2,0.1,argmax,mask2former_swinb_cityscapes,acdc_night_targetcal100,34
,,,0.9999949649939122,883,True,0.022321428571428572,0.022321428571428572,0.5376492738723755,19.02463054187192,875.0,112,146.0,3.0,0.02054794520547945,0.14857142857142858,False,0.02727272727272727,0.0,0.0,,,79,rider,0.05,0.5,region_crc,mask2former_swinb_cityscapes,acdc_night_targetcal100,34
,,,0.9999931766130585,861,True,0.03125,0.03125,0.48475587368011475,21.963054187192117,850.0,112,146.0,4.0,0.0273972602739726,0.119064039408867,False,0.03636363636363636,0.0,0.0,,,79,rider,0.05,0.5,heuristic,mask2former_swinb_cityscapes,acdc_night_targetcal100,34
,,,,-1,True,,0.8720238095238095,0.00033912964863702655,,,406,,,0.8835616438356164,,False,,,,,,79,rider,0.05,0.5,argmax,mask2former_swinb_cityscapes,acdc_night_targetcal100,34
,,,0.999950111551254,717,True,0.11607142857142858,0.11607142857142858,0.18971063196659088,25.298029556650246,700.0,112,146.0,16.0,0.1095890410958904,0.05497536945812809,False,0.13636363636363635,0.03333333333333333,0.0,,,79,rider,0.1,0.5,region_crc,mask2former_swinb_cityscapes,acdc_night_targetcal100,34
,,,0.9999314511773547,694,True,0.125,0.125,0.16140298545360565,23.87192118226601,675.0,112,146.0,17.0,0.11643835616438356,0.08940886699507394,False,0.14545454545454545,0.03333333333333333,0.0,,,79,rider,0.1,0.5,heuristic,mask2former_swinb_cityscapes,acdc_night_targetcal100,34
,,,,-1,True,,0.8720238095238095,0.00033912964863702655,,,406,,,0.8835616438356164,,False,,,,,,79,rider,0.1,0.5,argmax,mask2former_swinb_cityscapes,acdc_night_targetcal100,34
,,,0.9984440343683949,468,True,0.39732142857142855,0.39732142857142855,0.030574915930628777,9.216748768472906,450.0,112,146.0,58.0,0.3972602739726027,0.11221674876847287,False,0.44545454545454544,0.3,0.0,,,79,rider,0.2,0.5,region_crc,mask2former_swinb_cityscapes,acdc_night_targetcal100,34
,,,0.9984440343683949,468,True,0.39732142857142855,0.39732142857142855,0.030574915930628777,9.216748768472906,450.0,112,146.0,58.0,0.3972602739726027,0.11221674876847287,False,0.44545454545454544,0.3,0.0,,,79,rider,0.2,0.5,heuristic,mask2former_swinb_cityscapes,acdc_night_targetcal100,34
,,,,-1,True,,0.8720238095238095,0.00033912964863702655,,,406,,,0.8835616438356164,,False,,,,,,79,rider,0.2,0.5,argmax,mask2former_swinb_cityscapes,acdc_night_targetcal100,34
,,,0.999974996546383,767,True,0.05119047619047619,0.05119047619047619,0.2512647211551666,29.753694581280786,750.0,100,228.0,10.0,0.043859649122807015,0.0995566502463055,False,0.07518796992481203,0.0,0.0,,,79,bicycle,0.05,0.1,region_crc,mask2former_swinb_cityscapes,acdc_night_targetcal100,30
,,,0.9999610954855006,735,True,0.0883809523809524,0.0883809523809524,0.19957302510738373,29.157635467980295,725.0,100,228.0,20.0,0.08771929824561403,0.05674876847290633,False,0.13533834586466165,0.0273972602739726,0.0,,,79,bicycle,0.05,0.1,heuristic,mask2former_swinb_cityscapes,acdc_night_targetcal100,30
,,,,-1,True,,0.8104642857142856,0.0006222727824933827,,,406,,,0.7894736842105263,,False,,,,,,79,bicycle,0.05,0.1,argmax,mask2former_swinb_cityscapes,acdc_night_targetcal100,30
,,,0.9999547102420097,724,True,0.10004761904761905,0.10004761904761905,0.18305470049381256,27.5,700.0,100,228.0,22.0,0.09649122807017543,0.06645320197044347,False,0.14285714285714285,0.0410958904109589,0.0,,,79,bicycle,0.1,0.1,region_crc,mask2former_swinb_cityscapes,acdc_night_targetcal100,30
,,,0.9999402964713416,704,True,0.1067142857142857,0.1067142857142857,0.1566259264945984,27.5,700.0,100,228.0,24.0,0.10526315789473684,0.10472906403940885,False,0.15789473684210525,0.0410958904109589,0.0,,,79,bicycle,0.1,0.1,heuristic,mask2former_swinb_cityscapes,acdc_night_targetcal100,30
,,,,-1,True,,0.8104642857142856,0.0006222727824933827,,,406,,,0.7894736842105263,,False,,,,,,79,bicycle,0.1,0.1,argmax,mask2former_swinb_cityscapes,acdc_night_targetcal100,30
,,,0.9998493392933814,637,True,0.15623809523809523,0.15623809523809523,0.0914972722530365,21.960591133004925,625.0,100,228.0,36.0,0.15789473684210525,0.1179310344827586,False,0.24060150375939848,0.0547945205479452,0.0,,,79,bicycle,0.2,0.1,region_crc,mask2former_swinb_cityscapes,acdc_night_targetcal100,30
,,,0.9998146468376585,622,True,0.1805238095238095,0.18052380952380953,0.08093427121639252,20.485221674876847,600.0,100,228.0,41.0,0.17982456140350878,0.1302955665024631,False,0.2706766917293233,0.0684931506849315,0.0,,,79,bicycle,0.2,0.1,heuristic,mask2former_swinb_cityscapes,acdc_night_targetcal100,30
,,,,-1,True,,0.8104642857142856,0.0006222727824933827,,,406,,,0.7894736842105263,,False,,,,,,79,bicycle,0.2,0.1,argmax,mask2former_swinb_cityscapes,acdc_night_targetcal100,30
,,,0.999991488619618,845,True,0.046190476190476185,0.046190476190476185,0.41839584708213806,26.45320197044335,825.0,100,228.0,9.0,0.039473684210526314,0.1366009852216749,False,0.06015037593984962,0.0136986301369863,0.0,,,79,bicycle,0.05,0.5,region_crc,mask2former_swinb_cityscapes,acdc_night_targetcal100,30
,,,0.9999830175634754,795,True,0.07119047619047619,0.07119047619047619,0.30611735582351685,29.41625615763547,775.0,100,228.0,15.0,0.06578947368421052,0.12881773399014784,False,0.09022556390977443,0.0410958904109589,0.0,,,79,bicycle,0.05,0.5,heuristic,mask2former_swinb_cityscapes,acdc_night_targetcal100,30
,,,,-1,True,,0.8629880952380953,0.0006222727824933827,,,406,,,0.8464912280701754,,False,,,,,,79,bicycle,0.05,0.5,argmax,mask2former_swinb_cityscapes,acdc_night_targetcal100,30
,,,0.9999742960421724,765,True,0.11238095238095237,0.11238095238095237,0.24801497161388397,29.753694581280786,750.0,100,228.0,22.0,0.09649122807017543,0.09463054187192121,False,0.12781954887218044,0.0684931506849315,0.0,,,79,bicycle,0.1,0.5,region_crc,mask2former_swinb_cityscapes,acdc_night_targetcal100,30
,,,0.9999683772233983,750,True,0.13638095238095238,0.13638095238095238,0.22429074347019196,29.753694581280786,750.0,100,228.0,26.0,0.11403508771929824,0.07344827586206898,False,0.15789473684210525,0.0684931506849315,0.0,,,79,bicycle,0.1,0.5,heuristic,mask2former_swinb_cityscapes,acdc_night_targetcal100,30
,,,,-1,True,,0.8629880952380953,0.0006222727824933827,,,406,,,0.8464912280701754,,False,,,,,,79,bicycle,0.1,0.5,argmax,mask2former_swinb_cityscapes,acdc_night_targetcal100,30
,,,0.9999083779509877,673,True,0.18171428571428572,0.18171428571428572,0.12296728044748306,24.37192118226601,650.0,100,228.0,38.0,0.16666666666666666,0.13315270935960594,False,0.23308270676691728,0.0958904109589041,0.0,,,79,bicycle,0.2,0.5,region_crc,mask2former_swinb_cityscapes,acdc_night_targetcal100,30
,,,0.999901825205698,668,True,0.1998095238095238,0.1998095238095238,0.11856204271316528,24.37192118226601,650.0,100,228.0,42.0,0.18421052631578946,0.1211330049261084,False,0.2556390977443609,0.0958904109589041,0.045454545454545456,,,79,bicycle,0.2,0.5,heuristic,mask2former_swinb_cityscapes,acdc_night_targetcal100,30
,,,,-1,True,,0.8629880952380953,0.0006222727824933827,,,406,,,0.8464912280701754,,False,,,,,,79,bicycle,0.2,0.5,argmax,mask2former_swinb_cityscapes,acdc_night_targetcal100,30
,,,0.9999465435640603,712,True,0.04744626248339119,0.04744626248339119,0.31680789589881897,28.460591133004925,700.0,202,643.0,25.0,0.038880248833592534,0.09467980295566503,False,0.053864168618266976,0.01020408163265306,0.0,,,80,person,0.05,0.1,region_crc,mask2former_swinb_cityscapes,acdc_night_targetcal100,45
,,,0.9999342342162645,697,True,0.04988025588273113,0.04988025588273113,0.29143181443214417,29.054187192118228,675.0,202,643.0,28.0,0.04354587869362364,0.08167487684729058,False,0.06088992974238876,0.01020408163265306,0.0,,,80,person,0.05,0.1,heuristic,mask2former_swinb_cityscapes,acdc_night_targetcal100,45
,,,,-1,True,,0.5015539466034515,0.005064183380454779,,,406,,,0.49300155520995337,,False,,,,,,80,person,0.05,0.1,argmax,mask2former_swinb_cityscapes,acdc_night_targetcal100,45
,,,0.9999004594582649,667,True,0.0643604539025331,0.0643604539025331,0.23824858665466309,29.44334975369458,650.0,202,643.0,35.0,0.05443234836702955,0.08990147783251234,False,0.07728337236533958,0.01020408163265306,0.0,,,80,person,0.1,0.1,region_crc,mask2former_swinb_cityscapes,acdc_night_targetcal100,45
,,,0.9997194566362049,592,True,0.0932011058248682,0.0932011058248682,0.14241112768650055,24.938423645320196,575.0,202,643.0,58.0,0.09020217729393468,0.07123152709359615,False,0.1288056206088993,0.015306122448979591,0.0,,,80,person,0.1,0.1,heuristic,mask2former_swinb_cityscapes,acdc_night_targetcal100,45
,,,,-1,True,,0.5015539466034515,0.005064183380454779,,,406,,,0.49300155520995337,,False,,,,,,80,person,0.1,0.1,argmax,mask2former_swinb_cityscapes,acdc_night_targetcal100,45
,,,0.9990272527762231,502,True,0.14429850265246302,0.14429850265246305,0.07832338660955429,19.549261083743843,500.0,202,643.0,95.0,0.14774494556765164,0.046059113300492616,False,0.2154566744730679,0.015306122448979591,0.0,,,80,person,0.2,0.1,region_crc,mask2former_swinb_cityscapes,acdc_night_targetcal100,45
,,,0.9990137205143688,501,True,0.14429850265246302,0.14429850265246305,0.07780608534812927,19.549261083743843,500.0,202,643.0,95.0,0.14774494556765164,0.046059113300492616,False,0.2154566744730679,0.015306122448979591,0.0,,,80,person,0.2,0.1,heuristic,mask2former_swinb_cityscapes,acdc_night_targetcal100,45
,,,,-1,True,,0.5015539466034515,0.005064183380454779,,,406,,,0.49300155520995337,,False,,,,,,80,person,0.2,0.1,argmax,mask2former_swinb_cityscapes,acdc_night_targetcal100,45
,,,0.9999760116708099,770,True,0.04509665252239509,0.04509665252239509,0.4370752274990082,25.913793103448278,750.0,202,643.0,25.0,0.038880248833592534,0.10960591133004927,False,0.05152224824355972,0.015306122448979591,0.0,,,80,person,0.05,0.5,region_crc,mask2former_swinb_cityscapes,acdc_night_targetcal100,45
,,,0.999958313061653,730,True,0.06357662551969483,0.06357662551969483,0.34939101338386536,27.70935960591133,725.0,202,643.0,37.0,0.05754276827371695,0.10093596059113308,False,0.07962529274004684,0.015306122448979591,0.0,,,80,person,0.05,0.5,heuristic,mask2former_swinb_cityscapes,acdc_night_targetcal100,45
,,,,-1,True,,0.600564795490538,0.005064183380454779,,,406,,,0.5878693623639192,,False,,,,,,80,person,0.05,0.5,argmax,mask2former_swinb_cityscapes,acdc_night_targetcal100,45
,,,0.9999465435640603,712,True,0.06926969482662552,0.06926969482662552,0.31680789589881897,28.460591133004925,700.0,202,643.0,41.0,0.06376360808709176,0.09467980295566503,False,0.08899297423887588,0.015306122448979591,0.0,,,80,person,0.1,0.5,region_crc,mask2former_swinb_cityscapes,acdc_night_targetcal100,45
,,,0.9999351365566451,698,True,0.07782992584972784,0.07782992584972782,0.2930985987186432,29.054187192118228,675.0,202,643.0,45.0,0.06998444790046657,0.08167487684729058,False,0.09836065573770492,0.015306122448979591,0.0,,,80,person,0.1,0.5,heuristic,mask2former_swinb_cityscapes,acdc_night_targetcal100,45
,,,,-1,True,,0.600564795490538,0.005064183380454779,,,406,,,0.5878693623639192,,False,,,,,,80,person,0.1,0.5,argmax,mask2former_swinb_cityscapes,acdc_night_targetcal100,45
,,,0.9996909704567486,585,True,0.13168432914720044,0.13168432914720044,0.13614997267723083,24.938423645320196,575.0,202,643.0,83.0,0.1290824261275272,0.07369458128078821,False,0.18266978922716628,0.025510204081632654,0.0,,,80,person,0.2,0.5,region_crc,mask2former_swinb_cityscapes,acdc_night_targetcal100,45
,,,0.9996909704567486,585,True,0.13168432914720044,0.13168432914720044,0.13614997267723083,24.938423645320196,575.0,202,643.0,83.0,0.1290824261275272,0.07369458128078821,False,0.18266978922716628,0.025510204081632654,0.0,,,80,person,0.2,0.5,heuristic,mask2former_swinb_cityscapes,acdc_night_targetcal100,45
,,,,-1,True,,0.600564795490538,0.005064183380454779,,,406,,,0.5878693623639192,,False,,,,,,80,person,0.2,0.5,argmax,mask2former_swinb_cityscapes,acdc_night_targetcal100,45
,,,0.9999651662684964,743,True,0.06722689075630252,0.06722689075630252,0.23540891706943512,26.960591133004925,725.0,119,158.0,9.0,0.056962025316455694,0.14453201970443352,False,0.07758620689655173,0.0,0.0,,,80,rider,0.05,0.1,region_crc,mask2former_swinb_cityscapes,acdc_night_targetcal100,27
,,,0.9999323917024608,695,True,0.09243697478991597,0.09243697478991597,0.16593438386917114,24.18472906403941,675.0,119,158.0,14.0,0.08860759493670886,0.11064039408866999,False,0.1206896551724138,0.0,0.0,,,80,rider,0.05,0.1,heuristic,mask2former_swinb_cityscapes,acdc_night_targetcal100,27
,,,,-1,True,,0.7661064425770308,0.00038882545777596533,,,406,,,0.7721518987341772,,False,,,,,,80,rider,0.05,0.1,argmax,mask2former_swinb_cityscapes,acdc_night_targetcal100,27
,,,0.9999323917024608,695,True,0.09243697478991597,0.09243697478991597,0.16593438386917114,24.18472906403941,675.0,119,158.0,14.0,0.08860759493670886,0.11064039408866999,False,0.1206896551724138,0.0,0.0,,,80,rider,0.1,0.1,region_crc,mask2former_swinb_cityscapes,acdc_night_targetcal100,27
,,,0.9998903521803857,660,True,0.11764705882352941,0.11764705882352941,0.13156045973300934,23.31527093596059,650.0,119,158.0,18.0,0.11392405063291139,0.10354679802955657,False,0.15517241379310345,0.0,0.0,,,80,rider,0.1,0.1,heuristic,mask2former_swinb_cityscapes,acdc_night_targetcal100,27
,,,,-1,True,,0.7661064425770308,0.00038882545777596533,,,406,,,0.7721518987341772,,False,,,,,,80,rider,0.1,0.1,argmax,mask2former_swinb_cityscapes,acdc_night_targetcal100,27
,,,0.998507205590421,471,True,0.29831932773109243,0.29831932773109243,0.032330382615327835,9.339901477832512,450.0,119,158.0,47.0,0.2974683544303797,0.09660098522167482,False,0.35344827586206895,0.17647058823529413,0.0,,,80,rider,0.2,0.1,region_crc,mask2former_swinb_cityscapes,acdc_night_targetcal100,27
,,,0.9979769808213217,449,True,0.31512605042016806,0.31512605042016806,0.026147760450839996,7.928571428571429,425.0,119,158.0,50.0,0.31645569620253167,0.10182266009852214,False,0.3793103448275862,0.17647058823529413,0.0,,,80,rider,0.2,0.1,heuristic,mask2former_swinb_cityscapes,acdc_night_targetcal100,27
,,,,-1,True,,0.7661064425770308,0.00038882545777596533,,,406,,,0.7721518987341772,,False,,,,,,80,rider,0.2,0.1,argmax,mask2former_swinb_cityscapes,acdc_night_targetcal100,27
,,,0.9999815498458082,789,True,0.07983193277310924,0.07983193277310924,0.32354480028152466,27.273399014778324,775.0,119,158.0,11.0,0.06962025316455696,0.15901477832512312,False,0.08620689655172414,0.029411764705882353,0.0,,,80,rider,0.05,0.5,region_crc,mask2former_swinb_cityscapes,acdc_night_targetcal100,27
,,,0.9999507960464319,718,True,0.1134453781512605,0.1134453781512605,0.19714504480361938,26.064039408866996,700.0,119,158.0,17.0,0.10759493670886076,0.12960591133004928,False,0.13793103448275862,0.029411764705882353,0.0,,,80,rider,0.05,0.5,heuristic,mask2former_swinb_cityscapes,acdc_night_targetcal100,27
,,,,-1,True,,0.8291316526610644,0.00038882545777596533,,,406,,,0.8354430379746836,,False,,,,,,80,rider,0.05,0.5,argmax,mask2former_swinb_cityscapes,acdc_night_targetcal100,27
,,,0.9999507960464319,718,True,0.1134453781512605,0.1134453781512605,0.19714504480361938,26.064039408866996,700.0,119,158.0,17.0,0.10759493670886076,0.12960591133004928,False,0.13793103448275862,0.029411764705882353,0.0,,,80,rider,0.1,0.5,region_crc,mask2former_swinb_cityscapes,acdc_night_targetcal100,27
,,,0.9999314511773547,694,True,0.13025210084033614,0.13025210084033614,0.16485993564128876,24.18472906403941,675.0,119,158.0,19.0,0.12025316455696203,0.10817733990147793,False,0.15517241379310345,0.029411764705882353,0.0,,,80,rider,0.1,0.5,heuristic,mask2former_swinb_cityscapes,acdc_night_targetcal100,27
,,,,-1,True,,0.8291316526610644,0.00038882545777596533,,,406,,,0.8354430379746836,,False,,,,,,80,rider,0.1,0.5,argmax,mask2former_swinb_cityscapes,acdc_night_targetcal100,27
,,,0.9996778931208716,582,True,0.2507002801120448,0.2507002801120448,0.07401956617832184,17.657635467980295,575.0,119,158.0,37.0,0.23417721518987342,0.10527093596059112,False,0.25862068965517243,0.20588235294117646,0.0,,,80,rider,0.2,0.5,region_crc,mask2former_swinb_cityscapes,acdc_night_targetcal100,27
,,,0.9987697312291877,485,True,0.3403361344537815,0.3403361344537815,0.03596701845526695,10.94088669950739,475.0,119,158.0,54.0,0.34177215189873417,0.10123152709359606,False,0.39655172413793105,0.23529411764705882,0.0,,,80,rider,0.2,0.5,heuristic,mask2former_swinb_cityscapes,acdc_night_targetcal100,27
,,,,-1,True,,0.8291316526610644,0.00038882545777596533,,,406,,,0.8354430379746836,,False,,,,,,80,rider,0.2,0.5,argmax,mask2former_swinb_cityscapes,acdc_night_targetcal100,27
,,,0.9999898140861194,832,True,0.014150943396226415,0.014150943396226415,0.3834953010082245,26.47783251231527,825.0,106,236.0,2.0,0.00847457627118644,0.06630541871921192,False,0.013793103448275862,0.0,0.0,,,80,bicycle,0.05,0.1,region_crc,mask2former_swinb_cityscapes,acdc_night_targetcal100,24
,,,0.9999631871026358,739,True,0.07367475292003593,0.07367475292003595,0.20507372915744781,29.221674876847292,725.0,106,236.0,12.0,0.05084745762711865,0.07177339901477842,False,0.07586206896551724,0.0136986301369863,0.0,,,80,bicycle,0.05,0.1,heuristic,mask2former_swinb_cityscapes,acdc_night_targetcal100,24
,,,,-1,True,,0.8144055106319258,0.0005735355080105364,,,406,,,0.8008474576271186,,False,,,,,,80,bicycle,0.05,0.1,argmax,mask2former_swinb_cityscapes,acdc_night_targetcal100,24
,,,0.9999610954855006,735,True,0.08468104222821204,0.08468104222821206,0.19836924970149994,29.221674876847292,725.0,106,236.0,14.0,0.059322033898305086,0.059458128078817785,False,0.08275862068965517,0.0273972602739726,0.0,,,80,bicycle,0.1,0.1,region_crc,mask2former_swinb_cityscapes,acdc_night_targetcal100,24
,,,0.9998613244171128,643,True,0.16958670260557052,0.16958670260557054,0.09514765441417694,21.795566502463053,625.0,106,236.0,31.0,0.13135593220338984,0.07832512315270934,False,0.2,0.0273972602739726,0.0,,,80,bicycle,0.1,0.1,heuristic,mask2former_swinb_cityscapes,acdc_night_targetcal100,24
,,,,-1,True,,0.8144055106319258,0.0005735355080105364,,,406,,,0.8008474576271186,,False,,,,,,80,bicycle,0.1,0.1,argmax,mask2former_swinb_cityscapes,acdc_night_targetcal100,24
,,,0.9998493392933814,637,True,0.16958670260557052,0.16958670260557054,0.0897635966539383,21.795566502463053,625.0,106,236.0,31.0,0.13135593220338984,0.07443349753694584,False,0.2,0.0273972602739726,0.0,,,80,bicycle,0.2,0.1,region_crc,mask2former_swinb_cityscapes,acdc_night_targetcal100,24
,,,0.9998451183381087,635,True,0.17093441150044925,0.17093441150044925,0.08775968849658966,21.795566502463053,625.0,106,236.0,32.0,0.13559322033898305,0.08182266009852213,False,0.20689655172413793,0.0273972602739726,0.0,,,80,bicycle,0.2,0.1,heuristic,mask2former_swinb_cityscapes,acdc_night_targetcal100,24
,,,,-1,True,,0.8144055106319258,0.0005735355080105364,,,406,,,0.8008474576271186,,False,,,,,,80,bicycle,0.2,0.1,argmax,mask2former_swinb_cityscapes,acdc_night_targetcal100,24
,,,0.9999952356901319,887,True,0.02358490566037736,0.02358490566037736,0.5190979838371277,21.77093596059113,875.0,106,236.0,3.0,0.012711864406779662,0.06310344827586209,False,0.020689655172413793,0.0,0.0,,,80,bicycle,0.05,0.5,region_crc,mask2former_swinb_cityscapes,acdc_night_targetcal100,24
,,,0.9999952356901319,887,True,0.02358490566037736,0.02358490566037736,0.5190979838371277,21.77093596059113,875.0,106,236.0,3.0,0.012711864406779662,0.06310344827586209,False,0.020689655172413793,0.0,0.0,,,80,bicycle,0.05,0.5,heuristic,mask2former_swinb_cityscapes,acdc_night_targetcal100,24
,,,,-1,True,,0.8734950584007188,0.0005735355080105364,,,406,,,0.8601694915254238,,False,,,,,,80,bicycle,0.05,0.5,argmax,mask2former_swinb_cityscapes,acdc_night_targetcal100,24
,,,0.999989383044428,829,True,0.0479559748427673,0.0479559748427673,0.3761957585811615,26.47783251231527,825.0,106,236.0,9.0,0.038135593220338986,0.08334975369458131,False,0.05517241379310345,0.0136986301369863,0.0,,,80,bicycle,0.1,0.5,region_crc,mask2former_swinb_cityscapes,acdc_night_targetcal100,24
,,,0.9999791070386914,780,True,0.08569182389937108,0.08569182389937108,0.27350538969039917,29.472906403940886,775.0,106,236.0,14.0,0.059322033898305086,0.08536945812807883,False,0.08275862068965517,0.0273972602739726,0.0,,,80,bicycle,0.1,0.5,heuristic,mask2former_swinb_cityscapes,acdc_night_targetcal100,24
,,,,-1,True,,0.8734950584007188,0.0005735355080105364,,,406,,,0.8601694915254238,,False,,,,,,80,bicycle,0.1,0.5,argmax,mask2former_swinb_cityscapes,acdc_night_targetcal100,24
,,,0.9999045007413978,670,True,0.19867475292003595,0.19867475292003595,0.12029506266117096,24.37192118226601,650.0,106,236.0,37.0,0.15677966101694915,0.10310344827586215,False,0.22758620689655173,0.0547945205479452,0.0,,,80,bicycle,0.2,0.5,region_crc,mask2former_swinb_cityscapes,acdc_night_targetcal100,24
,,,0.999901825205698,668,True,0.20024707996406108,0.20024707996406108,0.11867903918027878,24.37192118226601,650.0,106,236.0,38.0,0.16101694915254236,0.10078817733990153,False,0.23448275862068965,0.0547945205479452,0.0,,,80,bicycle,0.2,0.5,heuristic,mask2former_swinb_cityscapes,acdc_night_targetcal100,24
,,,,-1,True,,0.8734950584007188,0.0005735355080105364,,,406,,,0.8601694915254238,,False,,,,,,80,bicycle,0.2,0.5,argmax,mask2former_swinb_cityscapes,acdc_night_targetcal100,24
,,,0.9998554560229254,640,True,0.08384670884670883,0.08384670884670883,0.20077195763587952,27.913793103448278,625.0,195,665.0,52.0,0.07819548872180451,0.09221674876847286,False,0.10738255033557047,0.02072538860103627,0.0,,,81,person,0.05,0.1,region_crc,mask2former_swinb_cityscapes,acdc_night_targetcal100,52
,,,0.9996500548329716,576,True,0.11293761793761793,0.11293761793761792,0.13275669515132904,24.817733990147783,575.0,195,665.0,75.0,0.11278195488721804,0.07768472906403934,False,0.15883668903803133,0.02072538860103627,0.0,,,81,person,0.05,0.1,heuristic,mask2former_swinb_cityscapes,acdc_night_targetcal100,52
,,,,-1,True,,0.5255873755873756,0.005105990916490555,,,406,,,0.49473684210526314,,False,,,,,,81,person,0.05,0.1,argmax,mask2former_swinb_cityscapes,acdc_night_targetcal100,52
,,,0.9992414224249708,520,True,0.15990579932887625,0.15990579932887625,0.09165158122777939,19.352216748768473,500.0,195,665.0,105.0,0.15789473684210525,0.0873891625615763,False,0.22595078299776286,0.02072538860103627,0.0,,,81,person,0.1,0.1,region_crc,mask2former_swinb_cityscapes,acdc_night_targetcal100,52
,,,0.9985874624553772,475,True,0.1870057933519472,0.1870057933519472,0.06857690960168839,17.278325123152708,475.0,195,665.0,121.0,0.18195488721804512,0.10857142857142865,False,0.2595078299776286,0.025906735751295335,0.0,,,81,person,0.1,0.1,heuristic,mask2former_swinb_cityscapes,acdc_night_targetcal100,52
,,,,-1,True,,0.5255873755873756,0.005105990916490555,,,406,,,0.49473684210526314,,False,,,,,,81,person,0.1,0.1,argmax,mask2former_swinb_cityscapes,acdc_night_targetcal100,52
,,,0.9920567176527572,350,True,0.2605470526624373,0.2605470526624373,0.029222089797258377,10.342364532019705,350.0,195,665.0,170.0,0.2556390977443609,0.09630541871921183,False,0.35570469798657717,0.05699481865284974,0.0,,,81,person,0.2,0.1,region_crc,mask2former_swinb_cityscapes,acdc_night_targetcal100,52
,,,0.9820526637316748,291,True,0.3016241450856836,0.3016241450856835,0.018932361155748367,7.073891625615763,275.0,195,665.0,193.0,0.29022556390977444,0.1007389162561576,False,0.4004474272930649,0.07253886010362694,0.0,,,81,person,0.2,0.1,heuristic,mask2former_swinb_cityscapes,acdc_night_targetcal100,52
,,,,-1,True,,0.5255873755873756,0.005105990916490555,,,406,,,0.49473684210526314,,False,,,,,,81,person,0.2,0.1,argmax,mask2former_swinb_cityscapes,acdc_night_targetcal100,52
,,,0.9999223752883372,685,True,0.10221889221889222,0.10221889221889222,0.27273017168045044,28.45320197044335,675.0,195,665.0,62.0,0.09323308270676692,0.09571428571428575,False,0.1297539149888143,0.02072538860103627,0.0,,,81,person,0.05,0.5,region_crc,mask2former_swinb_cityscapes,acdc_night_targetcal100,52
,,,0.9998651037117409,645,True,0.12332611832611831,0.12332611832611831,0.2075684666633606,27.913793103448278,625.0,195,665.0,73.0,0.10977443609022557,0.10093596059113308,False,0.15436241610738255,0.02072538860103627,0.0,,,81,person,0.05,0.5,heuristic,mask2former_swinb_cityscapes,acdc_night_targetcal100,52
,,,,-1,True,,0.6175054575054575,0.005105990916490555,,,406,,,0.5804511278195489,,False,,,,,,81,person,0.05,0.5,argmax,mask2former_swinb_cityscapes,acdc_night_targetcal100,52
,,,0.9996909704567486,585,True,0.15899887149887149,0.15899887149887149,0.13984526693820953,24.817733990147783,575.0,195,665.0,100.0,0.15037593984962405,0.07536945812807883,False,0.21029082774049218,0.031088082901554404,0.0,,,81,person,0.1,0.5,region_crc,mask2former_swinb_cityscapes,acdc_night_targetcal100,52
,,,0.9996091591042076,568,True,0.17206802456802453,0.17206802456802453,0.12649832665920258,23.573891625615765,550.0,195,665.0,109.0,0.16390977443609023,0.08522167487684729,False,0.22818791946308725,0.03626943005181347,0.0,,,81,person,0.1,0.5,heuristic,mask2former_swinb_cityscapes,acdc_night_targetcal100,52
,,,,-1,True,,0.6175054575054575,0.005105990916490555,,,406,,,0.5804511278195489,,False,,,,,,81,person,0.1,0.5,argmax,mask2former_swinb_cityscapes,acdc_night_targetcal100,52
,,,0.9962846477090282,405,True,0.28114425460579306,0.28114425460579306,0.04365258663892746,12.963054187192117,400.0,195,665.0,186.0,0.2796992481203007,0.0833497536945813,False,0.3825503355704698,0.07253886010362694,0.04,,,81,person,0.2,0.5,region_crc,mask2former_swinb_cityscapes,acdc_night_targetcal100,52
,,,0.9948239316804943,381,True,0.30445233541387384,0.3044523354138739,0.036821961402893066,11.426108374384237,375.0,195,665.0,200.0,0.3007518796992481,0.07847290640394089,False,0.4116331096196868,0.07772020725388601,0.04,,,81,person,0.2,0.5,heuristic,mask2former_swinb_cityscapes,acdc_night_targetcal100,52
,,,,-1,True,,0.6175054575054575,0.005105990916490555,,,406,,,0.5804511278195489,,False,,,,,,81,person,0.2,0.5,argmax,mask2former_swinb_cityscapes,acdc_night_targetcal100,52
,,,0.9999952356901319,887,True,0.008403361344537815,0.008403361344537815,0.5388411283493042,18.844827586206897,875.0,119,154.0,1.0,0.006493506493506494,0.08280788177339904,False,0.008695652173913044,0.0,0.0,,,81,rider,0.05,0.1,region_crc,mask2former_swinb_cityscapes,acdc_night_targetcal100,27
,,,0.9999827813142501,794,True,0.029411764705882353,0.029411764705882353,0.32548266649246216,26.775862068965516,775.0,119,154.0,4.0,0.025974025974025976,0.0921674876847291,False,0.034782608695652174,0.0,0.0,,,81,rider,0.05,0.1,heuristic,mask2former_swinb_cityscapes,acdc_night_targetcal100,27
,,,,-1,True,,0.7871148459383752,0.0003925171622540802,,,406,,,0.7987012987012987,,False,,,,,,81,rider,0.05,0.1,argmax,mask2former_swinb_cityscapes,acdc_night_targetcal100,27
,,,0.9999827813142501,794,True,0.029411764705882353,0.029411764705882353,0.32548266649246216,26.775862068965516,775.0,119,154.0,4.0,0.025974025974025976,0.0921674876847291,False,0.034782608695652174,0.0,0.0,,,81,rider,0.1,0.1,region_crc,mask2former_swinb_cityscapes,acdc_night_targetcal100,27
,,,0.9998962471584182,664,True,0.1134453781512605,0.1134453781512605,0.13540641963481903,22.935960591133004,650.0,119,154.0,18.0,0.11688311688311688,0.08812807881773399,False,0.1565217391304348,0.0,0.0,,,81,rider,0.1,0.1,heuristic,mask2former_swinb_cityscapes,acdc_night_targetcal100,27
,,,,-1,True,,0.7871148459383752,0.0003925171622540802,,,406,,,0.7987012987012987,,False,,,,,,81,rider,0.1,0.1,argmax,mask2former_swinb_cityscapes,acdc_night_targetcal100,27
,,,0.9998775383800735,652,True,0.12184873949579832,0.12184873949579832,0.12456322461366653,22.935960591133004,650.0,119,154.0,19.0,0.12337662337662338,0.08566502463054182,False,0.16521739130434782,0.0,0.0,,,81,rider,0.2,0.1,region_crc,mask2former_swinb_cityscapes,acdc_night_targetcal100,27
,,,0.9997271022217192,594,True,0.15966386554621848,0.15966386554621848,0.0808439776301384,17.507389162561577,575.0,119,154.0,24.0,0.15584415584415584,0.11334975369458133,False,0.19130434782608696,0.06451612903225806,0.0,,,81,rider,0.2,0.1,heuristic,mask2former_swinb_cityscapes,acdc_night_targetcal100,27
,,,,-1,True,,0.7871148459383752,0.0003925171622540802,,,406,,,0.7987012987012987,,False,,,,,,81,rider,0.2,0.1,argmax,mask2former_swinb_cityscapes,acdc_night_targetcal100,27
,,,0.9999964843955947,909,True,0.012605042016806723,0.012605042016806723,0.587483823299408,15.995073891625616,900.0,119,154.0,2.0,0.012987012987012988,0.08128078817733991,False,0.017391304347826087,0.0,0.0,,,81,rider,0.05,0.5,region_crc,mask2former_swinb_cityscapes,acdc_night_targetcal100,27
,,,0.9999890855966355,827,True,0.046218487394957986,0.046218487394957986,0.3998166620731354,23.800492610837438,825.0,119,154.0,7.0,0.045454545454545456,0.11344827586206896,False,0.05217391304347826,0.03225806451612903,0.0,,,81,rider,0.05,0.5,heuristic,mask2former_swinb_cityscapes,acdc_night_targetcal100,27
,,,,-1,True,,0.841736694677871,0.0003925171622540802,,,406,,,0.8506493506493507,,False,,,,,,81,rider,0.05,0.5,argmax,mask2former_swinb_cityscapes,acdc_night_targetcal100,27
,,,0.9999890855966355,827,True,0.046218487394957986,0.046218487394957986,0.3998166620731354,23.800492610837438,825.0,119,154.0,7.0,0.045454545454545456,0.11344827586206896,False,0.05217391304347826,0.03225806451612903,0.0,,,81,rider,0.1,0.5,region_crc,mask2former_swinb_cityscapes,acdc_night_targetcal100,27
,,,0.9999314511773547,694,True,0.12605042016806722,0.12605042016806722,0.16290904581546783,23.830049261083744,675.0,119,154.0,19.0,0.12337662337662338,0.06315270935960593,False,0.1565217391304348,0.03225806451612903,0.0,,,81,rider,0.1,0.5,heuristic,mask2former_swinb_cityscapes,acdc_night_targetcal100,27
,,,,-1,True,,0.841736694677871,0.0003925171622540802,,,406,,,0.8506493506493507,,False,,,,,,81,rider,0.1,0.5,argmax,mask2former_swinb_cityscapes,acdc_night_targetcal100,27
,,,0.9998948038126176,663,True,0.15126050420168066,0.15126050420168066,0.13459661602973938,22.935960591133004,650.0,119,154.0,23.0,0.14935064935064934,0.08812807881773399,False,0.19130434782608696,0.03225806451612903,0.0,,,81,rider,0.2,0.5,region_crc,mask2former_swinb_cityscapes,acdc_night_targetcal100,27
,,,0.9998493392933814,637,True,0.18907563025210083,0.18907563025210083,0.11198695749044418,21.169950738916256,625.0,119,154.0,28.0,0.18181818181818182,0.08857142857142863,False,0.20869565217391303,0.12903225806451613,0.0,,,81,rider,0.2,0.5,heuristic,mask2former_swinb_cityscapes,acdc_night_targetcal100,27
,,,,-1,True,,0.841736694677871,0.0003925171622540802,,,406,,,0.8506493506493507,,False,,,,,,81,rider,0.2,0.5,argmax,mask2former_swinb_cityscapes,acdc_night_targetcal100,27
,,,0.9999983327527875,963,True,0.0,0.0,0.7166125774383545,11.211822660098521,963.0,103,243.0,0.0,0.0,0.11231527093596055,False,0.0,0.0,0.0,,,81,bicycle,0.05,0.1,region_crc,mask2former_swinb_cityscapes,acdc_night_targetcal100,27
,,,0.9999605542697925,734,True,0.09389736477115117,0.09389736477115117,0.19884949922561646,29.32512315270936,725.0,103,243.0,22.0,0.09053497942386832,0.08068965517241378,False,0.12666666666666668,0.04225352112676056,0.0,,,81,bicycle,0.05,0.1,heuristic,mask2former_swinb_cityscapes,acdc_night_targetcal100,27
,,,,-1,True,,0.830763599938357,0.0006763647543266416,,,406,,,0.8065843621399177,,False,,,,,,81,bicycle,0.05,0.1,argmax,mask2former_swinb_cityscapes,acdc_night_targetcal100,27
,,,0.9999605542697925,734,True,0.09389736477115117,0.09389736477115117,0.19884949922561646,29.32512315270936,725.0,103,243.0,22.0,0.09053497942386832,0.08068965517241378,False,0.12666666666666668,0.04225352112676056,0.0,,,81,bicycle,0.1,0.1,region_crc,mask2former_swinb_cityscapes,acdc_night_targetcal100,27
,,,0.9999402964713416,704,True,0.10926953305594081,0.10926953305594082,0.1566215306520462,27.527093596059114,700.0,103,243.0,27.0,0.1111111111111111,0.06620689655172407,False,0.15333333333333332,0.056338028169014086,0.0,,,81,bicycle,0.1,0.1,heuristic,mask2former_swinb_cityscapes,acdc_night_targetcal100,27
,,,,-1,True,,0.830763599938357,0.0006763647543266416,,,406,,,0.8065843621399177,,False,,,,,,81,bicycle,0.1,0.1,argmax,mask2former_swinb_cityscapes,acdc_night_targetcal100,27
,,,0.9996402506648443,574,True,0.2884882108183079,0.2884882108183079,0.05444663017988205,15.9064039408867,550.0,103,243.0,65.0,0.2674897119341564,0.1299507389162562,False,0.36,0.1267605633802817,0.09090909090909091,,,81,bicycle,0.2,0.1,region_crc,mask2former_swinb_cityscapes,acdc_night_targetcal100,27
,,,0.9985276874975673,472,True,0.39866697488056707,0.3986669748805672,0.020320449024438858,8.509852216748769,450.0,103,243.0,96.0,0.3950617283950617,0.07502463054187192,False,0.5333333333333333,0.19718309859154928,0.09090909090909091,,,81,bicycle,0.2,0.1,heuristic,mask2former_swinb_cityscapes,acdc_night_targetcal100,27
,,,,-1,True,,0.830763599938357,0.0006763647543266416,,,406,,,0.8065843621399177,,False,,,,,,81,bicycle,0.2,0.1,argmax,mask2former_swinb_cityscapes,acdc_night_targetcal100,27
,,,0.9999984004419714,966,True,0.0048543689320388345,0.0048543689320388345,0.7244993448257446,10.88423645320197,966.0,103,243.0,1.0,0.00411522633744856,0.102167487684729,False,0.006666666666666667,0.0,0.0,,,81,bicycle,0.05,0.5,region_crc,mask2former_swinb_cityscapes,acdc_night_targetcal100,27
,,,0.9999881423125183,821,True,0.055362921867776235,0.055362921867776235,0.355543851852417,28.179802955665025,800.0,103,243.0,13.0,0.053497942386831275,0.07546798029556656,False,0.07333333333333333,0.028169014084507043,0.0,,,81,bicycle,0.05,0.5,heuristic,mask2former_swinb_cityscapes,acdc_night_targetcal100,27
,,,,-1,True,,0.8893088303282478,0.0006763647543266416,,,406,,,0.8641975308641975,,False,,,,,,81,bicycle,0.05,0.5,argmax,mask2former_swinb_cityscapes,acdc_night_targetcal100,27
,,,0.9999683772233983,750,True,0.14292649098474342,0.14292649098474342,0.22389690577983856,29.773399014778324,750.0,103,243.0,29.0,0.11934156378600823,0.07344827586206892,False,0.15333333333333332,0.08450704225352113,0.0,,,81,bicycle,0.1,0.5,region_crc,mask2former_swinb_cityscapes,acdc_night_targetcal100,27
,,,0.9999616292754507,736,True,0.1578132223763292,0.15781322237632917,0.2017289102077484,29.32512315270936,725.0,103,243.0,32.0,0.13168724279835392,0.08068965517241378,False,0.17333333333333334,0.08450704225352113,0.0,,,81,bicycle,0.1,0.5,heuristic,mask2former_swinb_cityscapes,acdc_night_targetcal100,27
,,,,-1,True,,0.8893088303282478,0.0006763647543266416,,,406,,,0.8641975308641975,,False,,,,,,81,bicycle,0.1,0.5,argmax,mask2former_swinb_cityscapes,acdc_night_targetcal100,27
,,,0.9997233058354589,593,True,0.3180998613037448,0.3180998613037448,0.06354641169309616,18.100985221674875,575.0,103,243.0,74.0,0.3045267489711934,0.12985221674876846,False,0.38666666666666666,0.19718309859154928,0.09090909090909091,,,81,bicycle,0.2,0.5,region_crc,mask2former_swinb_cityscapes,acdc_night_targetcal100,27
,,,0.9995926197221959,565,True,0.3726691323778702,0.3726691323778702,0.04994649067521095,15.9064039408867,550.0,103,243.0,89.0,0.3662551440329218,0.12039408866995072,False,0.47333333333333333,0.22535211267605634,0.09090909090909091,,,81,bicycle,0.2,0.5,heuristic,mask2former_swinb_cityscapes,acdc_night_targetcal100,27
,,,,-1,True,,0.8893088303282478,0.0006763647543266416,,,406,,,0.8641975308641975,,False,,,,,,81,bicycle,0.2,0.5,argmax,mask2former_swinb_cityscapes,acdc_night_targetcal100,27
,,,0.999897670700772,665,True,0.07826279666731928,0.07826279666731928,0.23344890773296356,29.54679802955665,650.0,199,638.0,45.0,0.07053291536050156,0.08748768472906404,False,0.09929078014184398,0.016042780748663103,0.0,,,82,person,0.05,0.1,region_crc,mask2former_swinb_cityscapes,acdc_night_targetcal100,48
,,,0.9997958262055331,615,True,0.08703800387217472,0.08703800387217472,0.166997030377388,26.935960591133004,600.0,199,638.0,56.0,0.0877742946708464,0.12940886699507387,False,0.12293144208037825,0.0213903743315508,0.0,,,82,person,0.05,0.1,heuristic,mask2former_swinb_cityscapes,acdc_night_targetcal100,48
,,,,-1,True,,0.5000616357400277,0.005377220455557108,,,406,,,0.4890282131661442,,False,,,,,,82,person,0.05,0.1,argmax,mask2former_swinb_cityscapes,acdc_night_targetcal100,48
,,,0.9997194566362049,592,True,0.09752605016424112,0.09752605016424111,0.1435288041830063,25.02463054187192,575.0,199,638.0,64.0,0.10031347962382445,0.12344827586206897,False,0.14184397163120568,0.0213903743315508,0.0,,,82,person,0.1,0.1,region_crc,mask2former_swinb_cityscapes,acdc_night_targetcal100,48
,,,0.9996402506648443,574,True,0.10485055145859165,0.10485055145859165,0.128724604845047,23.613300492610836,550.0,199,638.0,70.0,0.109717868338558,0.11418719211822664,False,0.15602836879432624,0.0213903743315508,0.0,,,82,person,0.1,0.1,heuristic,mask2former_swinb_cityscapes,acdc_night_targetcal100,48
,,,,-1,True,,0.5000616357400277,0.005377220455557108,,,406,,,0.4890282131661442,,False,,,,,,82,person,0.1,0.1,argmax,mask2former_swinb_cityscapes,acdc_night_targetcal100,48
,,,0.9986259580249874,477,True,0.16179082642650483,0.16179082642650483,0.0688399076461792,17.677339901477833,475.0,199,638.0,108.0,0.16927899686520376,0.09990147783251235,False,0.24349881796690306,0.026737967914438502,0.0,,,82,person,0.2,0.1,region_crc,mask2former_swinb_cityscapes,acdc_night_targetcal100,48
,,,0.9980047376850312,450,True,0.17694995540472927,0.17694995540472927,0.058310870081186295,16.233990147783253,450.0,199,638.0,118.0,0.18495297805642633,0.1145320197044335,False,0.2624113475177305,0.0374331550802139,0.0,,,82,person,0.2,0.1,heuristic,mask2former_swinb_cityscapes,acdc_night_targetcal100,48
,,,,-1,True,,0.5000616357400277,0.005377220455557108,,,406,,,0.4890282131661442,,False,,,,,,82,person,0.2,0.1,argmax,mask2former_swinb_cityscapes,acdc_night_targetcal100,48
,,,0.9999760116708099,770,True,0.04510267789162261,0.04510267789162261,0.4336977005004883,25.84729064039409,750.0,199,638.0,26.0,0.04075235109717868,0.12600985221674876,False,0.054373522458628844,0.016042780748663103,0.0,,,82,person,0.05,0.5,region_crc,mask2former_swinb_cityscapes,acdc_night_targetcal100,48
,,,0.9999534413906477,722,True,0.06532309817485696,0.06532309817485696,0.334024578332901,28.527093596059114,700.0,199,638.0,39.0,0.061128526645768025,0.13256157635467986,False,0.08274231678486997,0.0213903743315508,0.0,,,82,person,0.05,0.5,heuristic,mask2former_swinb_cityscapes,acdc_night_targetcal100,48
,,,,-1,True,,0.5813000790387726,0.005377220455557108,,,406,,,0.5705329153605015,,False,,,,,,82,person,0.05,0.5,argmax,mask2former_swinb_cityscapes,acdc_night_targetcal100,48
,,,0.9998669545582022,646,True,0.10839098087841804,0.10839098087841806,0.20500777661800385,28.45566502463054,625.0,199,638.0,67.0,0.10501567398119123,0.0699507389162562,False,0.14893617021276595,0.0213903743315508,0.0,,,82,person,0.1,0.5,region_crc,mask2former_swinb_cityscapes,acdc_night_targetcal100,48
,,,0.9998534452159044,639,True,0.11341610650655877,0.11341610650655877,0.1958491951227188,28.45566502463054,625.0,199,638.0,70.0,0.109717868338558,0.06881773399014779,False,0.15602836879432624,0.0213903743315508,0.0,,,82,person,0.1,0.5,heuristic,mask2former_swinb_cityscapes,acdc_night_targetcal100,48
,,,,-1,True,,0.5813000790387726,0.005377220455557108,,,406,,,0.5705329153605015,,False,,,,,,82,person,0.1,0.5,argmax,mask2former_swinb_cityscapes,acdc_night_targetcal100,48
,,,0.9991527725858594,512,True,0.18679970922433234,0.1867997092243323,0.08647504448890686,19.91625615763547,500.0,199,638.0,122.0,0.19122257053291536,0.1029556650246306,False,0.26713947990543735,0.0481283422459893,0.0,,,82,person,0.2,0.5,region_crc,mask2former_swinb_cityscapes,acdc_night_targetcal100,48
,,,0.9990137205143688,501,True,0.19573834178105534,0.19573834178105537,0.08006200194358826,19.91625615763547,500.0,199,638.0,127.0,0.19905956112852666,0.1029556650246306,False,0.2789598108747045,0.0481283422459893,0.0,,,82,person,0.2,0.5,heuristic,mask2former_swinb_cityscapes,acdc_night_targetcal100,48
,,,,-1,True,,0.5813000790387726,0.005377220455557108,,,406,,,0.5705329153605015,,False,,,,,,82,person,0.2,0.5,argmax,mask2former_swinb_cityscapes,acdc_night_targetcal100,48
,,,0.9999827813142501,794,True,0.037815126050420166,0.037815126050420166,0.3298392593860626,27.049261083743843,775.0,119,154.0,5.0,0.032467532467532464,0.137192118226601,False,0.04424778761061947,0.0,0.0,,,82,rider,0.05,0.1,region_crc,mask2former_swinb_cityscapes,acdc_night_targetcal100,27
,,,0.9999696610881581,753,True,0.05042016806722689,0.05042016806722689,0.2511500120162964,27.70935960591133,750.0,119,154.0,7.0,0.045454545454545456,0.13098522167487686,False,0.061946902654867256,0.0,0.0,,,82,rider,0.05,0.1,heuristic,mask2former_swinb_cityscapes,acdc_night_targetcal100,27
,,,,-1,True,,0.7829131652661063,0.00042470460175536573,,,406,,,0.7857142857142857,,False,,,,,,82,rider,0.05,0.1,argmax,mask2former_swinb_cityscapes,acdc_night_targetcal100,27
,,,0.9999696610881581,753,True,0.05042016806722689,0.05042016806722689,0.2511500120162964,27.70935960591133,750.0,119,154.0,7.0,0.045454545454545456,0.13098522167487686,False,0.061946902654867256,0.0,0.0,,,82,rider,0.1,0.1,region_crc,mask2former_swinb_cityscapes,acdc_night_targetcal100,27
,,,0.9999651662684964,743,True,0.05042016806722689,0.05042016806722689,0.23261182010173798,26.844827586206897,725.0,119,154.0,7.0,0.045454545454545456,0.10970443349753689,False,0.061946902654867256,0.0,0.0,,,82,rider,0.1,0.1,heuristic,mask2former_swinb_cityscapes,acdc_night_targetcal100,27
,,,,-1,True,,0.7829131652661063,0.00042470460175536573,,,406,,,0.7857142857142857,,False,,,,,,82,rider,0.1,0.1,argmax,mask2former_swinb_cityscapes,acdc_night_targetcal100,27
,,,0.9999402964713416,704,True,0.0546218487394958,0.0546218487394958,0.17409877479076385,25.753694581280786,700.0,119,154.0,8.0,0.05194805194805195,0.1261083743842365,False,0.07079646017699115,0.0,0.0,,,82,rider,0.2,0.1,region_crc,mask2former_swinb_cityscapes,acdc_night_targetcal100,27
,,,0.9999202005312732,683,True,0.06302521008403361,0.06302521008403361,0.15158359706401825,23.876847290640395,675.0,119,154.0,10.0,0.06493506493506493,0.11364532019704443,False,0.08849557522123894,0.0,0.0,,,82,rider,0.2,0.1,heuristic,mask2former_swinb_cityscapes,acdc_night_targetcal100,27
,,,,-1,True,,0.7829131652661063,0.00042470460175536573,,,406,,,0.7857142857142857,,False,,,,,,82,rider,0.2,0.1,argmax,mask2former_swinb_cityscapes,acdc_night_targetcal100,27
,,,0.9999890855966355,827,True,0.0546218487394958,0.0546218487394958,0.4026876389980316,23.54679802955665,825.0,119,154.0,8.0,0.05194805194805195,0.14832512315270935,False,0.061946902654867256,0.03125,0.0,,,82,rider,0.05,0.5,region_crc,mask2former_swinb_cityscapes,acdc_night_targetcal100,27
,,,0.9999815498458082,789,True,0.07142857142857142,0.07142857142857142,0.3203406035900116,27.049261083743843,775.0,119,154.0,10.0,0.06493506493506493,0.1299507389162562,False,0.07964601769911504,0.03125,0.0,,,82,rider,0.05,0.5,heuristic,mask2former_swinb_cityscapes,acdc_night_targetcal100,27
,,,,-1,True,,0.8291316526610644,0.00042470460175536573,,,406,,,0.8311688311688312,,False,,,,,,82,rider,0.05,0.5,argmax,mask2former_swinb_cityscapes,acdc_night_targetcal100,27
,,,0.9999815498458082,789,True,0.07142857142857142,0.07142857142857142,0.3203406035900116,27.049261083743843,775.0,119,154.0,10.0,0.06493506493506493,0.1299507389162562,False,0.07964601769911504,0.03125,0.0,,,82,rider,0.1,0.5,region_crc,mask2former_swinb_cityscapes,acdc_night_targetcal100,27
,,,0.9999788163886475,779,True,0.07142857142857142,0.07142857142857142,0.3012712299823761,27.049261083743843,775.0,119,154.0,10.0,0.06493506493506493,0.12068965517241381,False,0.07964601769911504,0.03125,0.0,,,82,rider,0.1,0.5,heuristic,mask2former_swinb_cityscapes,acdc_night_targetcal100,27
,,,,-1,True,,0.8291316526610644,0.00042470460175536573,,,406,,,0.8311688311688312,,False,,,,,,82,rider,0.1,0.5,argmax,mask2former_swinb_cityscapes,acdc_night_targetcal100,27
,,,0.999950111551254,717,True,0.09243697478991597,0.09243697478991597,0.19344741106033325,25.753694581280786,700.0,119,154.0,14.0,0.09090909090909091,0.11610837438423649,False,0.11504424778761062,0.03125,0.0,,,82,rider,0.2,0.5,region_crc,mask2former_swinb_cityscapes,acdc_night_targetcal100,27
,,,0.9999472770138578,713,True,0.09243697478991597,0.09243697478991597,0.18796558678150177,25.753694581280786,700.0,119,154.0,14.0,0.09090909090909091,0.12103448275862072,False,0.11504424778761062,0.03125,0.0,,,82,rider,0.2,0.5,heuristic,mask2former_swinb_cityscapes,acdc_night_targetcal100,27
,,,,-1,True,,0.8291316526610644,0.00042470460175536573,,,406,,,0.8311688311688312,,False,,,,,,82,rider,0.2,0.5,argmax,mask2former_swinb_cityscapes,acdc_night_targetcal100,27
,,,0.9999837070396737,798,True,0.03945578231292517,0.03945578231292517,0.3085888624191284,29.633004926108374,775.0,105,249.0,6.0,0.024096385542168676,0.16921182266009854,False,0.04081632653061224,0.0,0.0,,,82,bicycle,0.05,0.1,region_crc,mask2former_swinb_cityscapes,acdc_night_targetcal100,25
,,,0.9999621557415282,737,True,0.08575963718820862,0.08575963718820862,0.20283196866512299,29.514778325123153,725.0,105,249.0,19.0,0.07630522088353414,0.13763546798029552,False,0.10884353741496598,0.03896103896103896,0.0,,,82,bicycle,0.05,0.1,heuristic,mask2former_swinb_cityscapes,acdc_night_targetcal100,25
,,,,-1,True,,0.8260506424792139,0.0007067822734825313,,,406,,,0.7991967871485943,,False,,,,,,82,bicycle,0.05,0.1,argmax,mask2former_swinb_cityscapes,acdc_night_targetcal100,25
,,,0.9999605542697925,734,True,0.08893424036281179,0.08893424036281179,0.19828540086746216,29.514778325123153,725.0,105,249.0,20.0,0.08032128514056225,0.13024630541871918,False,0.11564625850340136,0.03896103896103896,0.0,,,82,bicycle,0.1,0.1,region_crc,mask2former_swinb_cityscapes,acdc_night_targetcal100,25
,,,0.9999547102420097,724,True,0.08893424036281179,0.08893424036281179,0.18261151015758514,27.70935960591133,700.0,105,249.0,20.0,0.08032128514056225,0.12517241379310345,False,0.11564625850340136,0.03896103896103896,0.0,,,82,bicycle,0.1,0.1,heuristic,mask2former_swinb_cityscapes,acdc_night_targetcal100,25
,,,,-1,True,,0.8260506424792139,0.0007067822734825313,,,406,,,0.7991967871485943,,False,,,,,,82,bicycle,0.1,0.1,argmax,mask2former_swinb_cityscapes,acdc_night_targetcal100,25
,,,0.9999004594582649,667,True,0.11512471655328799,0.11512471655328799,0.11727473884820938,24.339901477832512,650.0,105,249.0,24.0,0.0963855421686747,0.12157635467980299,False,0.14285714285714285,0.03896103896103896,0.0,,,82,bicycle,0.2,0.1,region_crc,mask2former_swinb_cityscapes,acdc_night_targetcal100,25
,,,0.999885712166521,657,True,0.12759637188208617,0.12759637188208617,0.10917173326015472,24.339901477832512,650.0,105,249.0,29.0,0.11646586345381527,0.12650246305418722,False,0.17006802721088435,0.05194805194805195,0.0,,,82,bicycle,0.2,0.1,heuristic,mask2former_swinb_cityscapes,acdc_night_targetcal100,25
,,,,-1,True,,0.8260506424792139,0.0007067822734825313,,,406,,,0.7991967871485943,,False,,,,,,82,bicycle,0.2,0.1,argmax,mask2former_swinb_cityscapes,acdc_night_targetcal100,25
,,,0.999989383044428,829,True,0.06065759637188208,0.06065759637188209,0.37509283423423767,26.399014778325125,825.0,105,249.0,12.0,0.04819277108433735,0.12935960591133006,False,0.06802721088435375,0.025974025974025976,0.0,,,82,bicycle,0.05,0.5,region_crc,mask2former_swinb_cityscapes,acdc_night_targetcal100,25
,,,0.9999815498458082,789,True,0.07970521541950112,0.07970521541950115,0.29190903902053833,29.633004926108374,775.0,105,249.0,15.0,0.060240963855421686,0.15935960591133008,False,0.08163265306122448,0.03896103896103896,0.0,,,82,bicycle,0.05,0.5,heuristic,mask2former_swinb_cityscapes,acdc_night_targetcal100,25
,,,,-1,True,,0.8739569160997732,0.0007067822734825313,,,406,,,0.8554216867469879,,False,,,,,,82,bicycle,0.05,0.5,argmax,mask2former_swinb_cityscapes,acdc_night_targetcal100,25
,,,0.9999799552797264,783,True,0.07970521541950112,0.07970521541950115,0.27994072437286377,29.633004926108374,775.0,105,249.0,15.0,0.060240963855421686,0.15935960591133008,False,0.08163265306122448,0.03896103896103896,0.0,,,82,bicycle,0.1,0.5,region_crc,mask2former_swinb_cityscapes,acdc_night_targetcal100,25
,,,0.9999683772233983,750,True,0.13068027210884353,0.13068027210884353,0.22259612381458282,29.985221674876847,750.0,105,249.0,26.0,0.10441767068273092,0.16009852216748766,False,0.14285714285714285,0.06493506493506493,0.0,,,82,bicycle,0.1,0.5,heuristic,mask2former_swinb_cityscapes,acdc_night_targetcal100,25
,,,,-1,True,,0.8739569160997732,0.0007067822734825313,,,406,,,0.8554216867469879,,False,,,,,,82,bicycle,0.1,0.5,argmax,mask2former_swinb_cityscapes,acdc_night_targetcal100,25
,,,0.9999616292754507,736,True,0.14210884353741496,0.14210884353741496,0.20147839188575745,29.514778325123153,725.0,105,249.0,28.0,0.11244979919678715,0.13763546798029552,False,0.1564625850340136,0.06493506493506493,0.0,,,82,bicycle,0.2,0.5,region_crc,mask2former_swinb_cityscapes,acdc_night_targetcal100,25
,,,0.9999605542697925,734,True,0.14210884353741496,0.14210884353741496,0.19828540086746216,29.514778325123153,725.0,105,249.0,28.0,0.11244979919678715,0.13024630541871918,False,0.1564625850340136,0.06493506493506493,0.0,,,82,bicycle,0.2,0.5,heuristic,mask2former_swinb_cityscapes,acdc_night_targetcal100,25
,,,,-1,True,,0.8739569160997732,0.0007067822734825313,,,406,,,0.8554216867469879,,False,,,,,,82,bicycle,0.2,0.5,argmax,mask2former_swinb_cityscapes,acdc_night_targetcal100,25
,,,0.9999527936958736,721,True,0.039637029637029635,0.039637029637029635,0.33701929450035095,28.14039408866995,700.0,195,667.0,21.0,0.031484257871064465,0.12206896551724139,False,0.04535637149028078,0.0,0.0,,,83,person,0.05,0.1,region_crc,mask2former_swinb_cityscapes,acdc_night_targetcal100,52
,,,0.999917964845567,681,True,0.05859002109002108,0.05859002109002108,0.2663651406764984,28.458128078817733,675.0,195,667.0,35.0,0.05247376311844078,0.12527093596059113,False,0.06911447084233262,0.016574585635359115,0.0,,,83,person,0.05,0.1,heuristic,mask2former_swinb_cityscapes,acdc_night_targetcal100,52
,,,,-1,True,,0.5091954768877845,0.004986348561942577,,,406,,,0.487256371814093,,False,,,,,,83,person,0.05,0.1,argmax,mask2former_swinb_cityscapes,acdc_night_targetcal100,52
,,,0.9997958262055331,615,True,0.07933011433011433,0.07933011433011433,0.16808368265628815,26.677339901477833,600.0,195,667.0,53.0,0.07946026986506746,0.1164532019704434,False,0.10583153347732181,0.022099447513812154,0.0,,,83,person,0.1,0.1,region_crc,mask2former_swinb_cityscapes,acdc_night_targetcal100,52
,,,0.9997719657927999,607,True,0.07975746475746476,0.07975746475746476,0.15987800061702728,26.677339901477833,600.0,195,667.0,54.0,0.08095952023988005,0.12093596059113298,False,0.1079913606911447,0.022099447513812154,0.0,,,83,person,0.1,0.1,heuristic,mask2former_swinb_cityscapes,acdc_night_targetcal100,52
,,,,-1,True,,0.5091954768877845,0.004986348561942577,,,406,,,0.487256371814093,,False,,,,,,83,person,0.1,0.1,argmax,mask2former_swinb_cityscapes,acdc_night_targetcal100,52
,,,0.9984223887303006,467,True,0.1746043059504598,0.1746043059504598,0.06262677162885666,15.733990147783251,450.0,195,667.0,120.0,0.17991004497751126,0.056798029556650254,False,0.24406047516198703,0.03867403314917127,0.0,,,83,person,0.2,0.1,region_crc,mask2former_swinb_cityscapes,acdc_night_targetcal100,52
,,,0.9970214835705709,421,True,0.1986506869199177,0.1986506869199177,0.04625610634684563,12.669950738916256,400.0,195,667.0,135.0,0.20239880059970014,0.08177339901477831,False,0.27429805615550756,0.04419889502762431,0.0,,,83,person,0.2,0.1,heuristic,mask2former_swinb_cityscapes,acdc_night_targetcal100,52
,,,,-1,True,,0.5091954768877845,0.004986348561942577,,,406,,,0.487256371814093,,False,,,,,,83,person,0.2,0.1,argmax,mask2former_swinb_cityscapes,acdc_night_targetcal100,52
,,,0.9999776127886143,775,True,0.04474580974580974,0.04474580974580974,0.44916200637817383,22.948275862068964,775.0,195,667.0,27.0,0.04047976011994003,0.10280788177339906,False,0.05183585313174946,0.016574585635359115,0.0,,,83,person,0.05,0.5,region_crc,mask2former_swinb_cityscapes,acdc_night_targetcal100,52
,,,0.999950111551254,717,True,0.07537712287712287,0.07537712287712287,0.33001771569252014,28.14039408866995,700.0,195,667.0,49.0,0.0734632683658171,0.1158128078817734,False,0.09719222462203024,0.022099447513812154,0.0,,,83,person,0.05,0.5,heuristic,mask2former_swinb_cityscapes,acdc_night_targetcal100,52
,,,,-1,True,,0.5880977427131273,0.004986348561942577,,,406,,,0.5697151424287856,,False,,,,,,83,person,0.05,0.5,argmax,mask2former_swinb_cityscapes,acdc_night_targetcal100,52
,,,0.9999275564039924,690,True,0.08595404595404595,0.08595404595404595,0.28276798129081726,28.458128078817733,675.0,195,667.0,54.0,0.08095952023988005,0.11990147783251237,False,0.1079913606911447,0.022099447513812154,0.0,,,83,person,0.1,0.5,region_crc,mask2former_swinb_cityscapes,acdc_night_targetcal100,52
,,,0.9999190904100822,682,True,0.08646686646686647,0.08646686646686647,0.2681771516799927,28.458128078817733,675.0,195,667.0,55.0,0.08245877061469266,0.12280788177339907,False,0.1101511879049676,0.022099447513812154,0.0,,,83,person,0.1,0.5,heuristic,mask2former_swinb_cityscapes,acdc_night_targetcal100,52
,,,,-1,True,,0.5880977427131273,0.004986348561942577,,,406,,,0.5697151424287856,,False,,,,,,83,person,0.1,0.5,argmax,mask2former_swinb_cityscapes,acdc_night_targetcal100,52
,,,0.9996091591042076,568,True,0.14846181596181596,0.14846181596181596,0.1248069554567337,23.354679802955665,550.0,195,667.0,100.0,0.14992503748125938,0.08906403940886698,False,0.20302375809935205,0.03314917127071823,0.0,,,83,person,0.2,0.5,region_crc,mask2former_swinb_cityscapes,acdc_night_targetcal100,52
,,,0.9990137205143688,501,True,0.19625234452157528,0.19625234452157533,0.07769745588302612,19.32512315270936,500.0,195,667.0,130.0,0.19490254872563717,0.05497536945812803,False,0.2634989200863931,0.04419889502762431,0.0,,,83,person,0.2,0.5,heuristic,mask2former_swinb_cityscapes,acdc_night_targetcal100,52
,,,,-1,True,,0.5880977427131273,0.004986348561942577,,,406,,,0.5697151424287856,,False,,,,,,83,person,0.2,0.5,argmax,mask2former_swinb_cityscapes,acdc_night_targetcal100,52
,,,0.9999651662684964,743,True,0.07183908045977011,0.07183908045977011,0.23414885997772217,26.389162561576356,725.0,116,154.0,10.0,0.06493506493506493,0.15192118226600992,False,0.08849557522123894,0.0,0.0,,,83,rider,0.05,0.1,region_crc,mask2former_swinb_cityscapes,acdc_night_targetcal100,30
,,,0.9999402964713416,704,True,0.08477011494252873,0.08477011494252873,0.17564688622951508,25.714285714285715,700.0,116,154.0,13.0,0.08441558441558442,0.1071428571428571,False,0.11504424778761062,0.0,0.0,,,83,rider,0.05,0.1,heuristic,mask2former_swinb_cityscapes,acdc_night_targetcal100,30
,,,,-1,True,,0.7859195402298851,0.0003577272582333535,,,406,,,0.8051948051948052,,False,,,,,,83,rider,0.05,0.1,argmax,mask2former_swinb_cityscapes,acdc_night_targetcal100,30
,,,0.9999045007413978,670,True,0.10632183908045977,0.10632183908045977,0.1394890993833542,23.123152709359605,650.0,116,154.0,17.0,0.11038961038961038,0.06482758620689655,False,0.1504424778761062,0.0,0.0,,,83,rider,0.1,0.1,region_crc,mask2former_swinb_cityscapes,acdc_night_targetcal100,30
,,,0.9998613244171128,643,True,0.15373563218390804,0.15373563218390804,0.11531092971563339,21.25862068965517,625.0,116,154.0,24.0,0.15584415584415584,0.04802955665024633,False,0.21238938053097345,0.0,0.0,,,83,rider,0.1,0.1,heuristic,mask2former_swinb_cityscapes,acdc_night_targetcal100,30
,,,,-1,True,,0.7859195402298851,0.0003577272582333535,,,406,,,0.8051948051948052,,False,,,,,,83,rider,0.1,0.1,argmax,mask2former_swinb_cityscapes,acdc_night_targetcal100,30
,,,0.9997271022217192,594,True,0.17097701149425287,0.17097701149425287,0.07867567986249924,17.386699507389164,575.0,116,154.0,26.0,0.16883116883116883,0.04330049261083735,False,0.22123893805309736,0.030303030303030304,0.0,,,83,rider,0.2,0.1,region_crc,mask2former_swinb_cityscapes,acdc_night_targetcal100,30
,,,0.9997271022217192,594,True,0.17097701149425287,0.17097701149425287,0.07867567986249924,17.386699507389164,575.0,116,154.0,26.0,0.16883116883116883,0.04330049261083735,False,0.22123893805309736,0.030303030303030304,0.0,,,83,rider,0.2,0.1,heuristic,mask2former_swinb_cityscapes,acdc_night_targetcal100,30
,,,,-1,True,,0.7859195402298851,0.0003577272582333535,,,406,,,0.8051948051948052,,False,,,,,,83,rider,0.2,0.1,argmax,mask2former_swinb_cityscapes,acdc_night_targetcal100,30
,,,0.9999815498458082,789,True,0.08045977011494253,0.08045977011494251,0.32432931661605835,26.864532019704434,775.0,116,154.0,11.0,0.07142857142857142,0.18009852216748767,True,0.09734513274336283,0.0,0.0,,,83,rider,0.05,0.5,region_crc,mask2former_swinb_cityscapes,acdc_night_targetcal100,30
,,,0.9999472770138578,713,True,0.1278735632183908,0.1278735632183908,0.18943777680397034,25.714285714285715,700.0,116,154.0,19.0,0.12337662337662338,0.11310344827586216,False,0.168141592920354,0.0,0.0,,,83,rider,0.05,0.5,heuristic,mask2former_swinb_cityscapes,acdc_night_targetcal100,30
,,,,-1,True,,0.8419540229885057,0.0003577272582333535,,,406,,,0.8571428571428571,,False,,,,,,83,rider,0.05,0.5,argmax,mask2former_swinb_cityscapes,acdc_night_targetcal100,30
,,,0.9999472770138578,713,True,0.1278735632183908,0.1278735632183908,0.18943777680397034,25.714285714285715,700.0,116,154.0,19.0,0.12337662337662338,0.11310344827586216,False,0.168141592920354,0.0,0.0,,,83,rider,0.1,0.5,region_crc,mask2former_swinb_cityscapes,acdc_night_targetcal100,30
,,,0.9999234403393089,686,True,0.14511494252873564,0.14511494252873564,0.1552661806344986,23.99014778325123,675.0,116,154.0,21.0,0.13636363636363635,0.08758620689655172,False,0.18584070796460178,0.0,0.0,,,83,rider,0.1,0.5,heuristic,mask2former_swinb_cityscapes,acdc_night_targetcal100,30
,,,,-1,True,,0.8419540229885057,0.0003577272582333535,,,406,,,0.8571428571428571,,False,,,,,,83,rider,0.1,0.5,argmax,mask2former_swinb_cityscapes,acdc_night_targetcal100,30
,,,0.9998493392933814,637,True,0.2011494252873563,0.2011494252873563,0.11057864129543304,21.25862068965517,625.0,116,154.0,30.0,0.19480519480519481,0.04532019704433499,False,0.23893805309734514,0.09090909090909091,0.0,,,83,rider,0.2,0.5,region_crc,mask2former_swinb_cityscapes,acdc_night_targetcal100,30
,,,0.9998293917610996,628,True,0.2011494252873563,0.2011494252873563,0.10249417275190353,21.25862068965517,625.0,116,154.0,30.0,0.19480519480519481,0.03798029556650247,False,0.23893805309734514,0.09090909090909091,0.0,,,83,rider,0.2,0.5,heuristic,mask2former_swinb_cityscapes,acdc_night_targetcal100,30
,,,,-1,True,,0.8419540229885057,0.0003577272582333535,,,406,,,0.8571428571428571,,False,,,,,,83,rider,0.2,0.5,argmax,mask2former_swinb_cityscapes,acdc_night_targetcal100,30
,,,0.9999285503673925,691,True,0.136484593837535,0.136484593837535,0.1394694447517395,25.70935960591133,675.0,102,235.0,28.0,0.11914893617021277,0.0434482758620689,False,0.16778523489932887,0.046875,0.0,,,83,bicycle,0.05,0.1,region_crc,mask2former_swinb_cityscapes,acdc_night_targetcal100,28
,,,0.9998990747113923,666,True,0.15095704948646124,0.15095704948646124,0.11445403099060059,24.027093596059114,650.0,102,235.0,31.0,0.13191489361702127,0.03438423645320193,False,0.18791946308724833,0.046875,0.0,,,83,bicycle,0.05,0.1,heuristic,mask2former_swinb_cityscapes,acdc_night_targetcal100,28
,,,,-1,True,,0.8503462496109554,0.0005785516696050763,,,406,,,0.8212765957446808,,False,,,,,,83,bicycle,0.05,0.1,argmax,mask2former_swinb_cityscapes,acdc_night_targetcal100,28
,,,0.999885712166521,657,True,0.16239495798319326,0.1623949579831933,0.10711455345153809,24.027093596059114,650.0,102,235.0,35.0,0.14893617021276595,0.042068965517241375,False,0.2080536912751678,0.0625,0.0,,,83,bicycle,0.1,0.1,region_crc,mask2former_swinb_cityscapes,acdc_night_targetcal100,28
,,,0.9998493392933814,637,True,0.1776844070961718,0.17768440709617184,0.08995175361633301,21.842364532019705,625.0,102,235.0,39.0,0.16595744680851063,0.060246305418719226,False,0.2348993288590604,0.0625,0.0,,,83,bicycle,0.1,0.1,heuristic,mask2former_swinb_cityscapes,acdc_night_targetcal100,28
,,,,-1,True,,0.8503462496109554,0.0005785516696050763,,,406,,,0.8212765957446808,,False,,,,,,83,bicycle,0.1,0.1,argmax,mask2former_swinb_cityscapes,acdc_night_targetcal100,28
,,,0.999738181699178,597,True,0.21678338001867412,0.21678338001867417,0.06422270834445953,17.901477832512317,575.0,102,235.0,49.0,0.20851063829787234,0.07699507389162563,False,0.2953020134228188,0.078125,0.0,,,83,bicycle,0.2,0.1,region_crc,mask2former_swinb_cityscapes,acdc_night_targetcal100,28
,,,0.9997075847622157,589,True,0.23615779645191406,0.2361577964519141,0.05995197594165802,17.901477832512317,575.0,102,235.0,53.0,0.225531914893617,0.0793103448275862,False,0.3087248322147651,0.09375,0.045454545454545456,,,83,bicycle,0.2,0.1,heuristic,mask2former_swinb_cityscapes,acdc_night_targetcal100,28
,,,,-1,True,,0.8503462496109554,0.0005785516696050763,,,406,,,0.8212765957446808,,False,,,,,,83,bicycle,0.2,0.1,argmax,mask2former_swinb_cityscapes,acdc_night_targetcal100,28
,,,0.9999779199526698,776,True,0.1161297852474323,0.1161297852474323,0.26632991433143616,29.18472906403941,775.0,102,235.0,22.0,0.09361702127659574,0.08034482758620687,False,0.11409395973154363,0.078125,0.0,,,83,bicycle,0.05,0.5,region_crc,mask2former_swinb_cityscapes,acdc_night_targetcal100,28
,,,0.9999419235582478,706,True,0.20347805788982257,0.20347805788982262,0.15719930827617645,27.564039408866996,700.0,102,235.0,38.0,0.16170212765957448,0.03950738916256158,False,0.21476510067114093,0.09375,0.0,,,83,bicycle,0.05,0.5,heuristic,mask2former_swinb_cityscapes,acdc_night_targetcal100,28
,,,,-1,True,,0.9104458450046685,0.0005785516696050763,,,406,,,0.8765957446808511,,False,,,,,,83,bicycle,0.05,0.5,argmax,mask2former_swinb_cityscapes,acdc_night_targetcal100,28
,,,0.9999083779509877,673,True,0.21164799253034547,0.21164799253034547,0.12054820358753204,24.027093596059114,650.0,102,235.0,42.0,0.17872340425531916,0.05024630541871922,False,0.24161073825503357,0.09375,0.0,,,83,bicycle,0.1,0.5,region_crc,mask2former_swinb_cityscapes,acdc_night_targetcal100,28
,,,0.9999045007413978,670,True,0.21795051353874884,0.21795051353874884,0.1178395226597786,24.027093596059114,650.0,102,235.0,44.0,0.18723404255319148,0.04270935960591138,False,0.2483221476510067,0.09375,0.045454545454545456,,,83,bicycle,0.1,0.5,heuristic,mask2former_swinb_cityscapes,acdc_night_targetcal100,28
,,,,-1,True,,0.9104458450046685,0.0005785516696050763,,,406,,,0.8765957446808511,,False,,,,,,83,bicycle,0.1,0.5,argmax,mask2former_swinb_cityscapes,acdc_night_targetcal100,28
,,,0.9998758347692408,651,True,0.23895891690009335,0.23895891690009335,0.10161397606134415,24.027093596059114,650.0,102,235.0,49.0,0.20851063829787234,0.04807881773399014,False,0.28187919463087246,0.09375,0.045454545454545456,,,83,bicycle,0.2,0.5,region_crc,mask2former_swinb_cityscapes,acdc_night_targetcal100,28
,,,0.9998632271174405,644,True,0.24059290382819795,0.24059290382819795,0.09557566046714783,21.842364532019705,625.0,102,235.0,50.0,0.2127659574468085,0.0477832512315271,False,0.28187919463087246,0.109375,0.045454545454545456,,,83,bicycle,0.2,0.5,heuristic,mask2former_swinb_cityscapes,acdc_night_targetcal100,28
,,,,-1,True,,0.9104458450046685,0.0005785516696050763,,,406,,,0.8765957446808511,,False,,,,,,83,bicycle,0.2,0.5,argmax,mask2former_swinb_cityscapes,acdc_night_targetcal100,28
,,,0.9999674912702614,748,True,0.027540500736377024,0.027540500736377024,0.379319965839386,28.01231527093596,725.0,194,677.0,14.0,0.0206794682422452,0.06743842364532021,False,0.028199566160520606,0.005376344086021506,0.0,,,84,person,0.05,0.1,region_crc,mask2former_swinb_cityscapes,acdc_night_targetcal100,53
,,,0.9999610954855006,735,True,0.027540500736377024,0.027540500736377024,0.35250943899154663,28.01231527093596,725.0,194,677.0,14.0,0.0206794682422452,0.06295566502463057,False,0.028199566160520606,0.005376344086021506,0.0,,,84,person,0.05,0.1,heuristic,mask2former_swinb_cityscapes,acdc_night_targetcal100,53
,,,,-1,True,,0.4979143851566532,0.005168322939425707,,,406,,,0.48005908419497784,,False,,,,,,84,person,0.05,0.1,argmax,mask2former_swinb_cityscapes,acdc_night_targetcal100,53
,,,0.9999411156344644,705,True,0.03539937296380595,0.03539937296380595,0.29939889907836914,28.80295566502463,700.0,194,677.0,21.0,0.0310192023633678,0.08295566502463056,False,0.04121475054229935,0.010752688172043012,0.0,,,84,person,0.1,0.1,region_crc,mask2former_swinb_cityscapes,acdc_night_targetcal100,53
,,,0.9999265486131843,689,True,0.03978081626277502,0.03978081626277503,0.27110719680786133,29.440886699507388,675.0,194,677.0,26.0,0.03840472673559823,0.08280788177339904,False,0.049891540130151846,0.016129032258064516,0.0,,,84,person,0.1,0.1,heuristic,mask2former_swinb_cityscapes,acdc_night_targetcal100,53
,,,,-1,True,,0.4979143851566532,0.005168322939425707,,,406,,,0.48005908419497784,,False,,,,,,84,person,0.1,0.1,argmax,mask2former_swinb_cityscapes,acdc_night_targetcal100,53
,,,0.9992414224249708,520,True,0.13230088210758312,0.13230088210758312,0.08804293721914291,19.679802955665025,500.0,194,677.0,90.0,0.1329394387001477,0.12674876847290645,False,0.1843817787418655,0.026881720430107527,0.0,,,84,person,0.2,0.1,region_crc,mask2former_swinb_cityscapes,acdc_night_targetcal100,53
,,,0.9991046352344504,508,True,0.1342533969466959,0.1342533969466959,0.08166281133890152,19.679802955665025,500.0,194,677.0,93.0,0.13737075332348597,0.0933004926108374,False,0.19088937093275488,0.026881720430107527,0.0,,,84,person,0.2,0.1,heuristic,mask2former_swinb_cityscapes,acdc_night_targetcal100,53
,,,,-1,True,,0.4979143851566532,0.005168322939425707,,,406,,,0.48005908419497784,,False,,,,,,84,person,0.2,0.1,argmax,mask2former_swinb_cityscapes,acdc_night_targetcal100,53
,,,0.9999879773556538,820,True,0.028013009327442315,0.028013009327442315,0.532958984375,22.103448275862068,800.0,194,677.0,16.0,0.023633677991137372,0.07768472906403939,False,0.03036876355748373,0.010752688172043012,0.0,,,84,person,0.05,0.5,region_crc,mask2former_swinb_cityscapes,acdc_night_targetcal100,53
,,,0.9999834803820177,797,True,0.030418507609229258,0.030418507609229258,0.48729559779167175,24.573891625615765,775.0,194,677.0,19.0,0.028064992614475627,0.09955665024630539,False,0.03470715835140998,0.016129032258064516,0.0,,,84,person,0.05,0.5,heuristic,mask2former_swinb_cityscapes,acdc_night_targetcal100,53
,,,,-1,True,,0.5686153766050673,0.005168322939425707,,,406,,,0.5539143279172821,,False,,,,,,84,person,0.05,0.5,argmax,mask2former_swinb_cityscapes,acdc_night_targetcal100,53
,,,0.999958313061653,730,True,0.05388968849020395,0.05388968849020395,0.3427181839942932,28.01231527093596,725.0,194,677.0,36.0,0.053175775480059084,0.08266009852216749,False,0.06941431670281996,0.021505376344086023,0.0,,,84,person,0.1,0.5,region_crc,mask2former_swinb_cityscapes,acdc_night_targetcal100,53
,,,0.9999351365566451,698,True,0.07663453385102868,0.0766345338510287,0.2869635820388794,29.440886699507388,675.0,194,677.0,47.0,0.06942392909896603,0.07482758620689656,False,0.0911062906724512,0.026881720430107527,0.0,,,84,person,0.1,0.5,heuristic,mask2former_swinb_cityscapes,acdc_night_targetcal100,53
,,,,-1,True,,0.5686153766050673,0.005168322939425707,,,406,,,0.5539143279172821,,False,,,,,,84,person,0.1,0.5,argmax,mask2former_swinb_cityscapes,acdc_night_targetcal100,53
,,,0.9996451866107664,575,True,0.1433096614153315,0.14330966141533152,0.12699156999588013,25.088669950738915,575.0,194,677.0,94.0,0.13884785819793205,0.11137931034482756,False,0.18872017353579176,0.03763440860215054,0.0,,,84,person,0.2,0.5,region_crc,mask2former_swinb_cityscapes,acdc_night_targetcal100,53
,,,0.9995512546100669,558,True,0.15885167953466922,0.15885167953466922,0.11387436836957932,23.733990147783253,550.0,194,677.0,105.0,0.155096011816839,0.1036945812807882,False,0.21258134490238612,0.03763440860215054,0.0,,,84,person,0.2,0.5,heuristic,mask2former_swinb_cityscapes,acdc_night_targetcal100,53
,,,,-1,True,,0.5686153766050673,0.005168322939425707,,,406,,,0.5539143279172821,,False,,,,,,84,person,0.2,0.5,argmax,mask2former_swinb_cityscapes,acdc_night_targetcal100,53
,,,0.999989383044428,829,True,0.02028985507246377,0.020289855072463767,0.3975359797477722,24.076354679802957,825.0,115,150.0,3.0,0.02,0.06334975369458129,False,0.027777777777777776,0.0,0.0,,,84,rider,0.05,0.1,region_crc,mask2former_swinb_cityscapes,acdc_night_targetcal100,31
,,,0.9999827813142501,794,True,0.02898550724637681,0.02898550724637681,0.32219699025154114,27.26847290640394,775.0,115,150.0,4.0,0.02666666666666667,0.059211822660098556,False,0.037037037037037035,0.0,0.0,,,84,rider,0.05,0.1,heuristic,mask2former_swinb_cityscapes,acdc_night_targetcal100,31
,,,,-1,True,,0.7565217391304347,0.0004080478975083679,,,406,,,0.7666666666666667,,False,,,,,,84,rider,0.05,0.1,argmax,mask2former_swinb_cityscapes,acdc_night_targetcal100,31
,,,0.9999827813142501,794,True,0.02898550724637681,0.02898550724637681,0.32219699025154114,27.26847290640394,775.0,115,150.0,4.0,0.02666666666666667,0.059211822660098556,False,0.037037037037037035,0.0,0.0,,,84,rider,0.1,0.1,region_crc,mask2former_swinb_cityscapes,acdc_night_targetcal100,31
,,,0.9999827813142501,794,True,0.02898550724637681,0.02898550724637681,0.32219699025154114,27.26847290640394,775.0,115,150.0,4.0,0.02666666666666667,0.059211822660098556,False,0.037037037037037035,0.0,0.0,,,84,rider,0.1,0.1,heuristic,mask2former_swinb_cityscapes,acdc_night_targetcal100,31
,,,,-1,True,,0.7565217391304347,0.0004080478975083679,,,406,,,0.7666666666666667,,False,,,,,,84,rider,0.1,0.1,argmax,mask2former_swinb_cityscapes,acdc_night_targetcal100,31
,,,0.9999202005312732,683,True,0.07246376811594203,0.07246376811594202,0.14847733080387115,24.007389162561577,675.0,115,150.0,12.0,0.08,0.07906403940886703,False,0.1111111111111111,0.0,0.0,,,84,rider,0.2,0.1,region_crc,mask2former_swinb_cityscapes,acdc_night_targetcal100,31
,,,0.9994847713554182,548,True,0.21159420289855074,0.21159420289855072,0.05662405118346214,13.935960591133005,525.0,115,150.0,30.0,0.2,0.0902463054187192,False,0.25,0.09090909090909091,0.0,,,84,rider,0.2,0.1,heuristic,mask2former_swinb_cityscapes,acdc_night_targetcal100,31
,,,,-1,True,,0.7565217391304347,0.0004080478975083679,,,406,,,0.7666666666666667,,False,,,,,,84,rider,0.2,0.1,argmax,mask2former_swinb_cityscapes,acdc_night_targetcal100,31
,,,0.9999949649939122,883,True,0.024637681159420288,0.024637681159420288,0.5259262323379517,19.59605911330049,875.0,115,150.0,4.0,0.02666666666666667,0.05177339901477829,False,0.037037037037037035,0.0,0.0,,,84,rider,0.05,0.5,region_crc,mask2former_swinb_cityscapes,acdc_night_targetcal100,31
,,,0.9999935434577096,865,True,0.024637681159420288,0.024637681159420288,0.48166006803512573,22.357142857142858,850.0,115,150.0,4.0,0.02666666666666667,0.048128078817733955,False,0.037037037037037035,0.0,0.0,,,84,rider,0.05,0.5,heuristic,mask2former_swinb_cityscapes,acdc_night_targetcal100,31
,,,,-1,True,,0.8173913043478261,0.0004080478975083679,,,406,,,0.8266666666666667,,False,,,,,,84,rider,0.05,0.5,argmax,mask2former_swinb_cityscapes,acdc_night_targetcal100,31
,,,0.9999931766130585,861,True,0.024637681159420288,0.024637681159420288,0.4731068015098572,22.357142857142858,850.0,115,150.0,4.0,0.02666666666666667,0.050197044334975405,False,0.037037037037037035,0.0,0.0,,,84,rider,0.1,0.5,region_crc,mask2former_swinb_cityscapes,acdc_night_targetcal100,31
,,,0.9999890855966355,827,True,0.03768115942028985,0.03768115942028985,0.3933865427970886,24.076354679802957,825.0,115,150.0,6.0,0.04,0.07073891625615769,False,0.046296296296296294,0.030303030303030304,0.0,,,84,rider,0.1,0.5,heuristic,mask2former_swinb_cityscapes,acdc_night_targetcal100,31
,,,,-1,True,,0.8173913043478261,0.0004080478975083679,,,406,,,0.8266666666666667,,False,,,,,,84,rider,0.1,0.5,argmax,mask2former_swinb_cityscapes,acdc_night_targetcal100,31
,,,0.9999788163886475,779,True,0.05507246376811594,0.05507246376811594,0.29378196597099304,27.26847290640394,775.0,115,150.0,8.0,0.05333333333333334,0.060788177339901495,False,0.06481481481481481,0.030303030303030304,0.0,,,84,rider,0.2,0.5,region_crc,mask2former_swinb_cityscapes,acdc_night_targetcal100,31
,,,0.999950111551254,717,True,0.0855072463768116,0.08550724637681158,0.18723484873771667,25.65024630541872,700.0,115,150.0,14.0,0.09333333333333334,0.06586206896551722,False,0.12037037037037036,0.030303030303030304,0.0,,,84,rider,0.2,0.5,heuristic,mask2former_swinb_cityscapes,acdc_night_targetcal100,31
,,,,-1,True,,0.8173913043478261,0.0004080478975083679,,,406,,,0.8266666666666667,,False,,,,,,84,rider,0.2,0.5,argmax,mask2former_swinb_cityscapes,acdc_night_targetcal100,31
,,,0.9999898140861194,832,True,0.016265912305516265,0.016265912305516265,0.3706926703453064,26.970443349753694,825.0,101,235.0,3.0,0.01276595744680851,0.12330049261083742,False,0.022222222222222223,0.0,0.0,,,84,bicycle,0.05,0.1,region_crc,mask2former_swinb_cityscapes,acdc_night_targetcal100,29
,,,0.9999830175634754,795,True,0.03441772748703442,0.03441772748703442,0.2919754981994629,29.637931034482758,775.0,101,235.0,7.0,0.029787234042553193,0.1058620689655172,False,0.05185185185185185,0.0,0.0,,,84,bicycle,0.05,0.1,heuristic,mask2former_swinb_cityscapes,acdc_night_targetcal100,29
,,,,-1,True,,0.8236995128084237,0.0006479937583208084,,,406,,,0.8127659574468085,,False,,,,,,84,bicycle,0.05,0.1,argmax,mask2former_swinb_cityscapes,acdc_night_targetcal100,29
,,,0.999974996546383,767,True,0.04078264969354078,0.04078264969354078,0.24093376100063324,29.746305418719214,750.0,101,235.0,9.0,0.03829787234042553,0.09832512315270936,False,0.06666666666666667,0.0,0.0,,,84,bicycle,0.1,0.1,region_crc,mask2former_swinb_cityscapes,acdc_night_targetcal100,29
,,,0.9999704879077334,755,True,0.04856199905704857,0.048561999057048555,0.2224108725786209,29.746305418719214,750.0,101,235.0,12.0,0.05106382978723404,0.09527093596059122,False,0.08148148148148149,0.013513513513513514,0.0,,,84,bicycle,0.1,0.1,heuristic,mask2former_swinb_cityscapes,acdc_night_targetcal100,29
,,,,-1,True,,0.8236995128084237,0.0006479937583208084,,,406,,,0.8127659574468085,,False,,,,,,84,bicycle,0.1,0.1,argmax,mask2former_swinb_cityscapes,acdc_night_targetcal100,29
,,,0.9999605542697925,734,True,0.059453088165959456,0.05945308816595944,0.19214728474617004,29.41625615763547,725.0,101,235.0,17.0,0.07234042553191489,0.08497536945812811,False,0.1111111111111111,0.02702702702702703,0.0,,,84,bicycle,0.2,0.1,region_crc,mask2former_swinb_cityscapes,acdc_night_targetcal100,29
,,,0.999950111551254,717,True,0.06935407826496935,0.06935407826496935,0.1677084118127823,27.689655172413794,700.0,101,235.0,20.0,0.0851063829787234,0.06610837438423645,False,0.1259259259259259,0.04054054054054054,0.0,,,84,bicycle,0.2,0.1,heuristic,mask2former_swinb_cityscapes,acdc_night_targetcal100,29
,,,,-1,True,,0.8236995128084237,0.0006479937583208084,,,406,,,0.8127659574468085,,False,,,,,,84,bicycle,0.2,0.1,argmax,mask2former_swinb_cityscapes,acdc_night_targetcal100,29
,,,0.9999908798916064,840,True,0.05068363979255068,0.05068363979255068,0.3894137740135193,26.970443349753694,825.0,101,235.0,10.0,0.0425531914893617,0.11083743842364535,False,0.05925925925925926,0.02702702702702703,0.0,,,84,bicycle,0.05,0.5,region_crc,mask2former_swinb_cityscapes,acdc_night_targetcal100,29
,,,0.9999871175044831,815,True,0.058934464875058934,0.058934464875058934,0.3330281972885132,28.665024630541872,800.0,101,235.0,13.0,0.05531914893617021,0.1251724137931034,False,0.07407407407407407,0.04054054054054054,0.0,,,84,bicycle,0.05,0.5,heuristic,mask2former_swinb_cityscapes,acdc_night_targetcal100,29
,,,,-1,True,,0.8718528995756718,0.0006479937583208084,,,406,,,0.8765957446808511,,False,,,,,,84,bicycle,0.05,0.5,argmax,mask2former_swinb_cityscapes,acdc_night_targetcal100,29
,,,0.9999830175634754,795,True,0.058934464875058934,0.058934464875058934,0.2919754981994629,29.637931034482758,775.0,101,235.0,13.0,0.05531914893617021,0.1058620689655172,False,0.07407407407407407,0.04054054054054054,0.0,,,84,bicycle,0.1,0.5,region_crc,mask2former_swinb_cityscapes,acdc_night_targetcal100,29
,,,0.9999830175634754,795,True,0.058934464875058934,0.058934464875058934,0.2919754981994629,29.637931034482758,775.0,101,235.0,13.0,0.05531914893617021,0.1058620689655172,False,0.07407407407407407,0.04054054054054054,0.0,,,84,bicycle,0.1,0.5,heuristic,mask2former_swinb_cityscapes,acdc_night_targetcal100,29
,,,,-1,True,,0.8718528995756718,0.0006479937583208084,,,406,,,0.8765957446808511,,False,,,,,,84,bicycle,0.1,0.5,argmax,mask2former_swinb_cityscapes,acdc_night_targetcal100,29
,,,0.9999683772233983,750,True,0.11192833569071192,0.11192833569071192,0.2154652625322342,29.746305418719214,750.0,101,235.0,24.0,0.10212765957446808,0.10019704433497545,False,0.14074074074074075,0.06756756756756757,0.0,,,84,bicycle,0.2,0.5,region_crc,mask2former_swinb_cityscapes,acdc_night_targetcal100,29
,,,0.9999683772233983,750,True,0.11192833569071192,0.11192833569071192,0.2154652625322342,29.746305418719214,750.0,101,235.0,24.0,0.10212765957446808,0.10019704433497545,False,0.14074074074074075,0.06756756756756757,0.0,,,84,bicycle,0.2,0.5,heuristic,mask2former_swinb_cityscapes,acdc_night_targetcal100,29
,,,,-1,True,,0.8718528995756718,0.0006479937583208084,,,406,,,0.8765957446808511,,False,,,,,,84,bicycle,0.2,0.5,argmax,mask2former_swinb_cityscapes,acdc_night_targetcal100,29
,,,0.9999898140861194,832,True,0.001692047377326565,0.001692047377326565,0.5522651672363281,19.822660098522167,825.0,197,661.0,2.0,0.0030257186081694403,0.11886699507389165,False,0.004424778761061947,0.0,0.0,,,85,person,0.05,0.1,region_crc,mask2former_swinb_cityscapes,acdc_night_targetcal100,50
,,,0.999986196157354,810,True,0.00676818950930626,0.00676818950930626,0.511626124382019,21.66256157635468,800.0,197,661.0,3.0,0.0045385779122541605,0.09536945812807884,False,0.00663716814159292,0.0,0.0,,,85,person,0.05,0.1,heuristic,mask2former_swinb_cityscapes,acdc_night_targetcal100,50
,,,,-1,True,,0.5011214814514307,0.004999070893973112,,,406,,,0.47806354009077157,,False,,,,,,85,person,0.05,0.1,argmax,mask2former_swinb_cityscapes,acdc_night_targetcal100,50
,,,0.9999465435640603,712,True,0.033168248840837675,0.033168248840837675,0.31364738941192627,28.17241379310345,700.0,197,661.0,18.0,0.02723146747352496,0.05847290640394098,False,0.03761061946902655,0.005494505494505495,0.0,,,85,person,0.1,0.1,region_crc,mask2former_swinb_cityscapes,acdc_night_targetcal100,50
,,,0.9999411156344644,705,True,0.033168248840837675,0.033168248840837675,0.3023974299430847,28.17241379310345,700.0,197,661.0,18.0,0.02723146747352496,0.053054187192118185,False,0.03761061946902655,0.005494505494505495,0.0,,,85,person,0.1,0.1,heuristic,mask2former_swinb_cityscapes,acdc_night_targetcal100,50
,,,,-1,True,,0.5011214814514307,0.004999070893973112,,,406,,,0.47806354009077157,,False,,,,,,85,person,0.1,0.1,argmax,mask2former_swinb_cityscapes,acdc_night_targetcal100,50
,,,0.9995450119398499,557,True,0.09471070384775966,0.09471070384775969,0.11559950560331345,23.70689655172414,550.0,197,661.0,64.0,0.09682299546142209,0.0894581280788177,False,0.13495575221238937,0.016483516483516484,0.0,,,85,person,0.2,0.1,region_crc,mask2former_swinb_cityscapes,acdc_night_targetcal100,50
,,,0.9995450119398499,557,True,0.09471070384775966,0.09471070384775969,0.11559950560331345,23.70689655172414,550.0,197,661.0,64.0,0.09682299546142209,0.0894581280788177,False,0.13495575221238937,0.016483516483516484,0.0,,,85,person,0.2,0.1,heuristic,mask2former_swinb_cityscapes,acdc_night_targetcal100,50
,,,,-1,True,,0.5011214814514307,0.004999070893973112,,,406,,,0.47806354009077157,,False,,,,,,85,person,0.2,0.1,argmax,mask2former_swinb_cityscapes,acdc_night_targetcal100,50
,,,0.9999923792098997,853,True,0.0036862460720328734,0.003686246072032874,0.5912559628486633,17.53448275862069,850.0,197,661.0,4.0,0.006051437216338881,0.1051231527093596,False,0.008849557522123894,0.0,0.0,,,85,person,0.05,0.5,region_crc,mask2former_swinb_cityscapes,acdc_night_targetcal100,50
,,,0.9999917205783628,847,True,0.0036862460720328734,0.003686246072032874,0.5803766846656799,19.822660098522167,825.0,197,661.0,4.0,0.006051437216338881,0.10497536945812805,False,0.008849557522123894,0.0,0.0,,,85,person,0.05,0.5,heuristic,mask2former_swinb_cityscapes,acdc_night_targetcal100,50
,,,,-1,True,,0.5832554219610058,0.004999070893973112,,,406,,,0.5642965204236006,,False,,,,,,85,person,0.05,0.5,argmax,mask2former_swinb_cityscapes,acdc_night_targetcal100,50
,,,0.9999834803820177,797,True,0.022552574329224077,0.022552574329224077,0.486589640378952,24.076354679802957,775.0,197,661.0,12.0,0.018154311649016642,0.10133004926108374,False,0.024336283185840708,0.005494505494505495,0.0,,,85,person,0.1,0.5,region_crc,mask2former_swinb_cityscapes,acdc_night_targetcal100,50
,,,0.999958313061653,730,True,0.04947343265871185,0.04947343265871185,0.34553641080856323,27.600985221674875,725.0,197,661.0,31.0,0.046898638426626324,0.07256157635467986,False,0.06415929203539823,0.01098901098901099,0.0,,,85,person,0.1,0.5,heuristic,mask2former_swinb_cityscapes,acdc_night_targetcal100,50
,,,,-1,True,,0.5832554219610058,0.004999070893973112,,,406,,,0.5642965204236006,,False,,,,,,85,person,0.1,0.5,argmax,mask2former_swinb_cityscapes,acdc_night_targetcal100,50
,,,0.9998723561191188,649,True,0.08033214670270508,0.08033214670270508,0.21104855835437775,28.310344827586206,625.0,197,661.0,52.0,0.07866868381240545,0.055123152709359635,False,0.1084070796460177,0.016483516483516484,0.0,,,85,person,0.2,0.5,region_crc,mask2former_swinb_cityscapes,acdc_night_targetcal100,50
,,,0.9998120683183197,621,True,0.10101742589052232,0.10101742589052232,0.1747511625289917,26.79310344827586,600.0,197,661.0,65.0,0.09833585476550681,0.11305418719211824,False,0.13716814159292035,0.016483516483516484,0.0,,,85,person,0.2,0.5,heuristic,mask2former_swinb_cityscapes,acdc_night_targetcal100,50
,,,,-1,True,,0.5832554219610058,0.004999070893973112,,,406,,,0.5642965204236006,,False,,,,,,85,person,0.2,0.5,argmax,mask2former_swinb_cityscapes,acdc_night_targetcal100,50
,,,0.9999696610881581,753,True,0.059941520467836254,0.059941520467836254,0.24448221921920776,27.40394088669951,750.0,114,149.0,8.0,0.053691275167785234,0.04798029556650241,False,0.07017543859649122,0.0,0.0,,,85,rider,0.05,0.1,region_crc,mask2former_swinb_cityscapes,acdc_night_targetcal100,32
,,,0.9999600055250238,733,True,0.07309941520467836,0.07309941520467836,0.21310770511627197,26.504926108374384,725.0,114,149.0,10.0,0.06711409395973154,0.08024630541871919,False,0.08771929824561403,0.0,0.0,,,85,rider,0.05,0.1,heuristic,mask2former_swinb_cityscapes,acdc_night_targetcal100,32
,,,,-1,True,,0.7850877192982456,0.0003997723397333175,,,406,,,0.7919463087248322,,False,,,,,,85,rider,0.05,0.1,argmax,mask2former_swinb_cityscapes,acdc_night_targetcal100,32
,,,0.9999323917024608,695,True,0.09064327485380116,0.09064327485380116,0.16254927217960358,23.79064039408867,675.0,114,149.0,13.0,0.087248322147651,0.09206896551724131,False,0.11403508771929824,0.0,0.0,,,85,rider,0.1,0.1,region_crc,mask2former_swinb_cityscapes,acdc_night_targetcal100,32
,,,0.9998613244171128,643,True,0.15643274853801167,0.15643274853801167,0.11457760632038116,21.054187192118228,625.0,114,149.0,22.0,0.1476510067114094,0.07039408866995073,False,0.19298245614035087,0.0,0.0,,,85,rider,0.1,0.1,heuristic,mask2former_swinb_cityscapes,acdc_night_targetcal100,32
,,,,-1,True,,0.7850877192982456,0.0003997723397333175,,,406,,,0.7919463087248322,,False,,,,,,85,rider,0.1,0.1,argmax,mask2former_swinb_cityscapes,acdc_night_targetcal100,32
,,,0.9995982091891511,566,True,0.1915204678362573,0.19152046783625734,0.06464454531669617,15.37192118226601,550.0,114,149.0,26.0,0.174496644295302,0.14541871921182267,False,0.21929824561403508,0.03571428571428571,0.0,,,85,rider,0.2,0.1,region_crc,mask2former_swinb_cityscapes,acdc_night_targetcal100,32
,,,0.9995982091891511,566,True,0.1915204678362573,0.19152046783625734,0.06464454531669617,15.37192118226601,550.0,114,149.0,26.0,0.174496644295302,0.14541871921182267,False,0.21929824561403508,0.03571428571428571,0.0,,,85,rider,0.2,0.1,heuristic,mask2former_swinb_cityscapes,acdc_night_targetcal100,32
,,,,-1,True,,0.7850877192982456,0.0003997723397333175,,,406,,,0.7919463087248322,,False,,,,,,85,rider,0.2,0.1,argmax,mask2former_swinb_cityscapes,acdc_night_targetcal100,32
,,,0.9999930816902908,860,True,0.04239766081871345,0.04239766081871345,0.4710153639316559,21.66256157635468,850.0,114,149.0,6.0,0.040268456375838924,0.08492610837438425,False,0.05263157894736842,0.0,0.0,,,85,rider,0.05,0.5,region_crc,mask2former_swinb_cityscapes,acdc_night_targetcal100,32
,,,0.9999788163886475,779,True,0.08625730994152046,0.08625730994152046,0.2903892993927002,27.288177339901477,775.0,114,149.0,11.0,0.0738255033557047,0.10536945812807885,False,0.09649122807017543,0.0,0.0,,,85,rider,0.05,0.5,heuristic,mask2former_swinb_cityscapes,acdc_night_targetcal100,32
,,,,-1,True,,0.8157894736842105,0.0003997723397333175,,,406,,,0.825503355704698,,False,,,,,,85,rider,0.05,0.5,argmax,mask2former_swinb_cityscapes,acdc_night_targetcal100,32
,,,0.9999670390287823,747,True,0.09064327485380116,0.09064327485380116,0.23452173173427582,26.504926108374384,725.0,114,149.0,12.0,0.08053691275167785,0.0630541871921182,False,0.10526315789473684,0.0,0.0,,,85,rider,0.1,0.5,region_crc,mask2former_swinb_cityscapes,acdc_night_targetcal100,32
,,,0.9999670390287823,747,True,0.09064327485380116,0.09064327485380116,0.23452173173427582,26.504926108374384,725.0,114,149.0,12.0,0.08053691275167785,0.0630541871921182,False,0.10526315789473684,0.0,0.0,,,85,rider,0.1,0.5,heuristic,mask2former_swinb_cityscapes,acdc_night_targetcal100,32
,,,,-1,True,,0.8157894736842105,0.0003997723397333175,,,406,,,0.825503355704698,,False,,,,,,85,rider,0.1,0.5,argmax,mask2former_swinb_cityscapes,acdc_night_targetcal100,32
,,,0.9997590094571314,603,True,0.2309941520467836,0.23099415204678364,0.08454310894012451,19.189655172413794,600.0,114,149.0,31.0,0.2080536912751678,0.08812807881773399,False,0.24561403508771928,0.10714285714285714,0.0,,,85,rider,0.2,0.5,region_crc,mask2former_swinb_cityscapes,acdc_night_targetcal100,32
,,,0.9997308465196073,595,True,0.23391812865497075,0.23391812865497078,0.07881113141775131,17.29310344827586,575.0,114,149.0,32.0,0.21476510067114093,0.10985221674876844,False,0.24561403508771928,0.14285714285714285,0.0,,,85,rider,0.2,0.5,heuristic,mask2former_swinb_cityscapes,acdc_night_targetcal100,32
,,,,-1,True,,0.8157894736842105,0.0003997723397333175,,,406,,,0.825503355704698,,False,,,,,,85,rider,0.2,0.5,argmax,mask2former_swinb_cityscapes,acdc_night_targetcal100,32
,,,0.999963692194523,740,True,0.08163265306122448,0.08163265306122448,0.20966288447380066,28.70689655172414,725.0,105,243.0,17.0,0.06995884773662552,0.09344827586206894,False,0.09933774834437085,0.028169014084507043,0.0,,,85,bicycle,0.05,0.1,region_crc,mask2former_swinb_cityscapes,acdc_night_targetcal100,25
,,,0.9997075847622157,589,True,0.2668707482993197,0.2668707482993197,0.059942152351140976,17.862068965517242,575.0,105,243.0,58.0,0.23868312757201646,0.09999999999999998,False,0.33112582781456956,0.09859154929577464,0.047619047619047616,,,85,bicycle,0.05,0.1,heuristic,mask2former_swinb_cityscapes,acdc_night_targetcal100,25
,,,,-1,True,,0.8523204837490551,0.0005938578979112208,,,406,,,0.831275720164609,,False,,,,,,85,bicycle,0.05,0.1,argmax,mask2former_swinb_cityscapes,acdc_night_targetcal100,25
,,,0.9997075847622157,589,True,0.2668707482993197,0.2668707482993197,0.059942152351140976,17.862068965517242,575.0,105,243.0,58.0,0.23868312757201646,0.09999999999999998,False,0.33112582781456956,0.09859154929577464,0.047619047619047616,,,85,bicycle,0.1,0.1,region_crc,mask2former_swinb_cityscapes,acdc_night_targetcal100,25
,,,0.999682312592935,583,True,0.2896598639455782,0.2896598639455782,0.05728333443403244,17.862068965517242,575.0,105,243.0,62.0,0.2551440329218107,0.09985221674876843,False,0.3509933774834437,0.09859154929577464,0.09523809523809523,,,85,bicycle,0.1,0.1,heuristic,mask2former_swinb_cityscapes,acdc_night_targetcal100,25
,,,,-1,True,,0.8523204837490551,0.0005938578979112208,,,406,,,0.831275720164609,,False,,,,,,85,bicycle,0.1,0.1,argmax,mask2former_swinb_cityscapes,acdc_night_targetcal100,25
,,,0.9988358739705895,489,True,0.3834542705971277,0.3834542705971277,0.024189481511712074,10.19704433497537,475.0,105,243.0,89.0,0.3662551440329218,0.08472906403940894,False,0.5099337748344371,0.14084507042253522,0.09523809523809523,,,85,bicycle,0.2,0.1,region_crc,mask2former_swinb_cityscapes,acdc_night_targetcal100,25
,,,0.9985276874975673,472,True,0.3945653817082389,0.39456538170823885,0.020376404747366905,8.399014778325123,450.0,105,243.0,92.0,0.3786008230452675,0.07009852216748769,False,0.5231788079470199,0.15492957746478872,0.09523809523809523,,,85,bicycle,0.2,0.1,heuristic,mask2former_swinb_cityscapes,acdc_night_targetcal100,25
,,,,-1,True,,0.8523204837490551,0.0005938578979112208,,,406,,,0.831275720164609,,False,,,,,,85,bicycle,0.2,0.1,argmax,mask2former_swinb_cityscapes,acdc_night_targetcal100,25
,,,0.9999696610881581,753,True,0.15068027210884352,0.15068027210884352,0.22826062142848969,29.09605911330049,750.0,105,243.0,29.0,0.11934156378600823,0.0905418719211823,False,0.152317880794702,0.08450704225352113,0.0,,,85,bicycle,0.05,0.5,region_crc,mask2former_swinb_cityscapes,acdc_night_targetcal100,25
,,,0.9998758347692408,651,True,0.25848072562358276,0.25848072562358276,0.10316020995378494,24.192118226600986,650.0,105,243.0,54.0,0.2222222222222222,0.07295566502463058,False,0.2980132450331126,0.11267605633802817,0.047619047619047616,,,85,bicycle,0.05,0.5,heuristic,mask2former_swinb_cityscapes,acdc_night_targetcal100,25
,,,,-1,True,,0.889750566893424,0.0005938578979112208,,,406,,,0.8765432098765432,,False,,,,,,85,bicycle,0.05,0.5,argmax,mask2former_swinb_cityscapes,acdc_night_targetcal100,25
,,,0.9998758347692408,651,True,0.25848072562358276,0.25848072562358276,0.10316020995378494,24.192118226600986,650.0,105,243.0,54.0,0.2222222222222222,0.07295566502463058,False,0.2980132450331126,0.11267605633802817,0.047619047619047616,,,85,bicycle,0.1,0.5,region_crc,mask2former_swinb_cityscapes,acdc_night_targetcal100,25
,,,0.9998451183381087,635,True,0.2770748299319728,0.2770748299319728,0.08886873722076416,21.913793103448278,625.0,105,243.0,60.0,0.24691358024691357,0.06206896551724139,False,0.32450331125827814,0.1267605633802817,0.09523809523809523,,,85,bicycle,0.1,0.5,heuristic,mask2former_swinb_cityscapes,acdc_night_targetcal100,25
,,,,-1,True,,0.889750566893424,0.0005938578979112208,,,406,,,0.8765432098765432,,False,,,,,,85,bicycle,0.1,0.5,argmax,mask2former_swinb_cityscapes,acdc_night_targetcal100,25
,,,0.9994002089237445,537,True,0.4048828420256992,0.4048828420256992,0.03850508853793144,13.711822660098521,525.0,105,243.0,97.0,0.3991769547325103,0.08605911330049265,False,0.5231788079470199,0.2112676056338028,0.14285714285714285,,,85,bicycle,0.2,0.5,region_crc,mask2former_swinb_cityscapes,acdc_night_targetcal100,25
,,,0.9992308695597134,519,True,0.4385336356764928,0.4385336356764928,0.03246069326996803,11.948275862068966,500.0,105,243.0,103.0,0.42386831275720166,0.07743842364532016,False,0.5562913907284768,0.22535211267605634,0.14285714285714285,,,85,bicycle,0.2,0.5,heuristic,mask2former_swinb_cityscapes,acdc_night_targetcal100,25
,,,,-1,True,,0.889750566893424,0.0005938578979112208,,,406,,,0.8765432098765432,,False,,,,,,85,bicycle,0.2,0.5,argmax,mask2former_swinb_cityscapes,acdc_night_targetcal100,25
,,,0.999986196157354,810,True,0.010613751730503,0.010613751730503,0.5176041126251221,21.788177339901477,800.0,197,674.0,4.0,0.005934718100890208,0.070935960591133,False,0.008869179600886918,0.0,0.0,,,86,person,0.05,0.1,region_crc,mask2former_swinb_cityscapes,acdc_night_targetcal100,50
,,,0.9999610954855006,735,True,0.02800558155888105,0.02800558155888105,0.35814234614372253,27.95320197044335,725.0,197,674.0,13.0,0.019287833827893175,0.09093596059113307,False,0.026607538802660754,0.005025125628140704,0.0,,,86,person,0.05,0.1,heuristic,mask2former_swinb_cityscapes,acdc_night_targetcal100,50
,,,,-1,True,,0.49935014224354335,0.00540617760270834,,,406,,,0.4792284866468843,,False,,,,,,86,person,0.05,0.1,argmax,mask2former_swinb_cityscapes,acdc_night_targetcal100,50
,,,0.9998068031682983,619,True,0.07601193223020634,0.07601193223020634,0.17355115711688995,26.992610837438423,600.0,197,674.0,49.0,0.07270029673590504,0.09763546798029554,False,0.09977827050997783,0.020100502512562814,0.0,,,86,person,0.1,0.1,region_crc,mask2former_swinb_cityscapes,acdc_night_targetcal100,50
,,,0.9997075847622157,589,True,0.09425912496978488,0.09425912496978485,0.1429923176765442,25.027093596059114,575.0,197,674.0,60.0,0.08902077151335312,0.11285714285714288,False,0.12416851441241686,0.020100502512562814,0.0,,,86,person,0.1,0.1,heuristic,mask2former_swinb_cityscapes,acdc_night_targetcal100,50
,,,,-1,True,,0.49935014224354335,0.00540617760270834,,,406,,,0.4792284866468843,,False,,,,,,86,person,0.1,0.1,argmax,mask2former_swinb_cityscapes,acdc_night_targetcal100,50
,,,0.9968522516858986,417,True,0.20434098473438578,0.20434098473438572,0.04511111602187157,13.145320197044335,400.0,197,674.0,135.0,0.20029673590504452,0.11832512315270938,False,0.28159645232815966,0.04020100502512563,0.0,,,86,person,0.2,0.1,region_crc,mask2former_swinb_cityscapes,acdc_night_targetcal100,50
,,,0.9968522516858986,417,True,0.20434098473438578,0.20434098473438572,0.04511111602187157,13.145320197044335,400.0,197,674.0,135.0,0.20029673590504452,0.11832512315270938,False,0.28159645232815966,0.04020100502512563,0.0,,,86,person,0.2,0.1,heuristic,mask2former_swinb_cityscapes,acdc_night_targetcal100,50
,,,,-1,True,,0.49935014224354335,0.00540617760270834,,,406,,,0.4792284866468843,,False,,,,,,86,person,0.2,0.1,argmax,mask2former_swinb_cityscapes,acdc_night_targetcal100,50
,,,0.9999895287145195,830,True,0.02001065770101303,0.02001065770101303,0.556082010269165,19.19704433497537,825.0,197,674.0,9.0,0.013353115727002967,0.08339901477832512,False,0.017738359201773836,0.005025125628140704,0.0,,,86,person,0.05,0.5,region_crc,mask2former_swinb_cityscapes,acdc_night_targetcal100,50
,,,0.9999886237271418,824,True,0.021702705078339594,0.021702705078339594,0.545081377029419,21.788177339901477,800.0,197,674.0,10.0,0.01483679525222552,0.08325123152709357,False,0.019955654101995565,0.005025125628140704,0.0,,,86,person,0.05,0.5,heuristic,mask2former_swinb_cityscapes,acdc_night_targetcal100,50
,,,,-1,True,,0.5924624304065929,0.00540617760270834,,,406,,,0.5712166172106825,,False,,,,,,86,person,0.05,0.5,argmax,mask2former_swinb_cityscapes,acdc_night_targetcal100,50
,,,0.9999527936958736,721,True,0.05885660447843189,0.058856604478431884,0.33155956864356995,28.694581280788178,700.0,197,674.0,37.0,0.05489614243323442,0.08413793103448275,False,0.07317073170731707,0.020100502512562814,0.0,,,86,person,0.1,0.5,region_crc,mask2former_swinb_cityscapes,acdc_night_targetcal100,50
,,,0.999819698225914,624,True,0.11995901729404265,0.11995901729404265,0.17917591333389282,26.992610837438423,600.0,197,674.0,74.0,0.10979228486646884,0.08793103448275863,False,0.15521064301552107,0.020100502512562814,0.0,,,86,person,0.1,0.5,heuristic,mask2former_swinb_cityscapes,acdc_night_targetcal100,50
,,,,-1,True,,0.5924624304065929,0.00540617760270834,,,406,,,0.5712166172106825,,False,,,,,,86,person,0.1,0.5,argmax,mask2former_swinb_cityscapes,acdc_night_targetcal100,50
,,,0.9991409864784946,511,True,0.19067178591290265,0.19067178591290265,0.08527016639709473,19.81527093596059,500.0,197,674.0,123.0,0.1824925816023739,0.10438423645320197,False,0.2549889135254989,0.04020100502512563,0.0,,,86,person,0.2,0.5,region_crc,mask2former_swinb_cityscapes,acdc_night_targetcal100,50
,,,0.9989431824907864,496,True,0.20114916809079245,0.20114916809079245,0.07683098316192627,17.679802955665025,475.0,197,674.0,132.0,0.19584569732937684,0.11019704433497535,False,0.2749445676274945,0.04020100502512563,0.0,,,86,person,0.2,0.5,heuristic,mask2former_swinb_cityscapes,acdc_night_targetcal100,50
,,,,-1,True,,0.5924624304065929,0.00540617760270834,,,406,,,0.5712166172106825,,False,,,,,,86,person,0.2,0.5,argmax,mask2former_swinb_cityscapes,acdc_night_targetcal100,50
,,,0.999989383044428,829,True,0.02380952380952381,0.023809523809523808,0.40127864480018616,23.874384236453203,825.0,119,159.0,4.0,0.025157232704402517,0.06487684729064036,False,0.03389830508474576,0.0,0.0,,,86,rider,0.05,0.1,region_crc,mask2former_swinb_cityscapes,acdc_night_targetcal100,27
,,,0.999988779815457,825,True,0.02380952380952381,0.023809523809523808,0.3925051987171173,23.874384236453203,825.0,119,159.0,4.0,0.025157232704402517,0.06778325123152706,False,0.03389830508474576,0.0,0.0,,,86,rider,0.05,0.1,heuristic,mask2former_swinb_cityscapes,acdc_night_targetcal100,27
,,,,-1,True,,0.7913165266106443,0.0004025399684906006,,,406,,,0.7987421383647799,,False,,,,,,86,rider,0.05,0.1,argmax,mask2former_swinb_cityscapes,acdc_night_targetcal100,27
,,,0.999988779815457,825,True,0.02380952380952381,0.023809523809523808,0.3925051987171173,23.874384236453203,825.0,119,159.0,4.0,0.025157232704402517,0.06778325123152706,False,0.03389830508474576,0.0,0.0,,,86,rider,0.1,0.1,region_crc,mask2former_swinb_cityscapes,acdc_night_targetcal100,27
,,,0.9999696610881581,753,True,0.04481792717086835,0.04481792717086835,0.24655316770076752,27.82758620689655,750.0,119,159.0,7.0,0.0440251572327044,0.057192118226600974,False,0.059322033898305086,0.0,0.0,,,86,rider,0.1,0.1,heuristic,mask2former_swinb_cityscapes,acdc_night_targetcal100,27
,,,,-1,True,,0.7913165266106443,0.0004025399684906006,,,406,,,0.7987421383647799,,False,,,,,,86,rider,0.1,0.1,argmax,mask2former_swinb_cityscapes,acdc_night_targetcal100,27
,,,0.9998962471584182,664,True,0.09523809523809525,0.09523809523809523,0.13419421017169952,23.014778325123153,650.0,119,159.0,16.0,0.10062893081761007,0.07502463054187192,False,0.13559322033898305,0.0,0.0,,,86,rider,0.2,0.1,region_crc,mask2former_swinb_cityscapes,acdc_night_targetcal100,27
,,,0.9998872802543824,658,True,0.10364145658263306,0.10364145658263305,0.12860184907913208,23.014778325123153,650.0,119,159.0,17.0,0.1069182389937107,0.07256157635467986,False,0.1440677966101695,0.0,0.0,,,86,rider,0.2,0.1,heuristic,mask2former_swinb_cityscapes,acdc_night_targetcal100,27
,,,,-1,True,,0.7913165266106443,0.0004025399684906006,,,406,,,0.7987421383647799,,False,,,,,,86,rider,0.2,0.1,argmax,mask2former_swinb_cityscapes,acdc_night_targetcal100,27
,,,0.9999949649939122,883,True,0.023809523809523808,0.023809523809523808,0.5286341309547424,19.386699507389164,875.0,119,159.0,4.0,0.025157232704402517,0.09418719211822663,False,0.03389830508474576,0.0,0.0,,,86,rider,0.05,0.5,region_crc,mask2former_swinb_cityscapes,acdc_night_targetcal100,27
,,,0.9999930816902908,860,True,0.03641456582633053,0.03641456582633053,0.47257792949676514,21.992610837438423,850.0,119,159.0,6.0,0.03773584905660377,0.08970443349753693,False,0.05084745762711865,0.0,0.0,,,86,rider,0.05,0.5,heuristic,mask2former_swinb_cityscapes,acdc_night_targetcal100,27
,,,,-1,True,,0.850140056022409,0.0004025399684906006,,,406,,,0.8553459119496856,,False,,,,,,86,rider,0.05,0.5,argmax,mask2former_swinb_cityscapes,acdc_night_targetcal100,27
,,,0.9999899538420972,833,True,0.03641456582633053,0.03641456582633053,0.4101078510284424,23.874384236453203,825.0,119,159.0,6.0,0.03773584905660377,0.07413793103448274,False,0.05084745762711865,0.0,0.0,,,86,rider,0.1,0.5,region_crc,mask2former_swinb_cityscapes,acdc_night_targetcal100,27
,,,0.9999788163886475,779,True,0.07002801120448178,0.07002801120448178,0.2946913540363312,27.391625615763548,775.0,119,159.0,10.0,0.06289308176100629,0.05527093596059113,False,0.0847457627118644,0.0,0.0,,,86,rider,0.1,0.5,heuristic,mask2former_swinb_cityscapes,acdc_night_targetcal100,27
,,,,-1,True,,0.850140056022409,0.0004025399684906006,,,406,,,0.8553459119496856,,False,,,,,,86,rider,0.1,0.5,argmax,mask2former_swinb_cityscapes,acdc_night_targetcal100,27
,,,0.9999234403393089,686,True,0.12885154061624648,0.12885154061624648,0.1545829325914383,23.874384236453203,675.0,119,159.0,19.0,0.11949685534591195,0.09463054187192121,False,0.16101694915254236,0.0,0.0,,,86,rider,0.2,0.5,region_crc,mask2former_swinb_cityscapes,acdc_night_targetcal100,27
,,,0.999907103361322,672,True,0.13725490196078433,0.1372549019607843,0.14092017710208893,23.014778325123153,650.0,119,159.0,21.0,0.1320754716981132,0.06763546798029563,False,0.17796610169491525,0.0,0.0,,,86,rider,0.2,0.5,heuristic,mask2former_swinb_cityscapes,acdc_night_targetcal100,27
,,,,-1,True,,0.850140056022409,0.0004025399684906006,,,406,,,0.8553459119496856,,False,,,,,,86,rider,0.2,0.5,argmax,mask2former_swinb_cityscapes,acdc_night_targetcal100,27
,,,0.9999810329407879,787,True,0.044753086419753084,0.044753086419753084,0.28734514117240906,29.738916256157637,775.0,108,258.0,8.0,0.031007751937984496,0.06536945812807882,False,0.050955414012738856,0.0,0.0,,,86,bicycle,0.05,0.1,region_crc,mask2former_swinb_cityscapes,acdc_night_targetcal100,22
,,,0.9999621557415282,737,True,0.08249559082892415,0.08249559082892416,0.2049829661846161,29.699507389162562,725.0,108,258.0,18.0,0.06976744186046512,0.11497536945812814,False,0.10191082802547771,0.02531645569620253,0.0,,,86,bicycle,0.05,0.1,heuristic,mask2former_swinb_cityscapes,acdc_night_targetcal100,22
,,,,-1,True,,0.8222405937683713,0.0006891669472679496,,,406,,,0.7984496124031008,,False,,,,,,86,bicycle,0.05,0.1,argmax,mask2former_swinb_cityscapes,acdc_night_targetcal100,22
,,,0.9999621557415282,737,True,0.08249559082892415,0.08249559082892416,0.2049829661846161,29.699507389162562,725.0,108,258.0,18.0,0.06976744186046512,0.11497536945812814,False,0.10191082802547771,0.02531645569620253,0.0,,,86,bicycle,0.1,0.1,region_crc,mask2former_swinb_cityscapes,acdc_night_targetcal100,22
,,,0.9999223752883372,685,True,0.12802028218694886,0.12802028218694886,0.13423536717891693,25.958128078817733,675.0,108,258.0,27.0,0.10465116279069768,0.10783251231527091,False,0.15286624203821655,0.0379746835443038,0.0,,,86,bicycle,0.1,0.1,heuristic,mask2former_swinb_cityscapes,acdc_night_targetcal100,22
,,,,-1,True,,0.8222405937683713,0.0006891669472679496,,,406,,,0.7984496124031008,,False,,,,,,86,bicycle,0.1,0.1,argmax,mask2former_swinb_cityscapes,acdc_night_targetcal100,22
,,,0.9996952105010372,586,True,0.25707671957671957,0.25707671957671957,0.05601370334625244,18.305418719211822,575.0,108,258.0,55.0,0.2131782945736434,0.07566502463054181,False,0.3057324840764331,0.08860759493670886,0.0,,,86,bicycle,0.2,0.1,region_crc,mask2former_swinb_cityscapes,acdc_night_targetcal100,22
,,,0.9996909704567486,585,True,0.25707671957671957,0.25707671957671957,0.055527400225400925,18.305418719211822,575.0,108,258.0,55.0,0.2131782945736434,0.07320197044334975,False,0.3057324840764331,0.08860759493670886,0.0,,,86,bicycle,0.2,0.1,heuristic,mask2former_swinb_cityscapes,acdc_night_targetcal100,22
,,,,-1,True,,0.8222405937683713,0.0006891669472679496,,,406,,,0.7984496124031008,,False,,,,,,86,bicycle,0.2,0.1,argmax,mask2former_swinb_cityscapes,acdc_night_targetcal100,22
,,,0.9999952356901319,887,True,0.023148148148148147,0.023148148148148147,0.5172029137611389,21.889162561576356,875.0,108,258.0,3.0,0.011627906976744186,0.06266009852216747,False,0.01910828025477707,0.0,0.0,,,86,bicycle,0.05,0.5,region_crc,mask2former_swinb_cityscapes,acdc_night_targetcal100,22
,,,0.9999799552797264,783,True,0.08873456790123457,0.08873456790123456,0.279858261346817,29.738916256157637,775.0,108,258.0,17.0,0.06589147286821706,0.06689655172413789,False,0.08280254777070063,0.05063291139240506,0.0,,,86,bicycle,0.05,0.5,heuristic,mask2former_swinb_cityscapes,acdc_night_targetcal100,22
,,,,-1,True,,0.8793099647266315,0.0006891669472679496,,,406,,,0.8565891472868217,,False,,,,,,86,bicycle,0.05,0.5,argmax,mask2former_swinb_cityscapes,acdc_night_targetcal100,22
,,,0.9999785216952587,778,True,0.09490740740740741,0.09490740740740741,0.27023589611053467,29.738916256157637,775.0,108,258.0,19.0,0.07364341085271318,0.08443349753694585,False,0.08917197452229299,0.06329113924050633,0.0,,,86,bicycle,0.1,0.5,region_crc,mask2former_swinb_cityscapes,acdc_night_targetcal100,22
,,,0.9999739384645,764,True,0.11474867724867724,0.11474867724867724,0.245815709233284,29.972906403940886,750.0,108,258.0,23.0,0.08914728682170543,0.08384236453201965,False,0.11464968152866242,0.06329113924050633,0.0,,,86,bicycle,0.1,0.5,heuristic,mask2former_swinb_cityscapes,acdc_night_targetcal100,22
,,,,-1,True,,0.8793099647266315,0.0006891669472679496,,,406,,,0.8565891472868217,,False,,,,,,86,bicycle,0.1,0.5,argmax,mask2former_swinb_cityscapes,acdc_night_targetcal100,22
,,,0.9999004594582649,667,True,0.21289682539682536,0.21289682539682542,0.11657433956861496,24.3128078817734,650.0,108,258.0,46.0,0.17829457364341086,0.10014778325123153,False,0.2484076433121019,0.08860759493670886,0.0,,,86,bicycle,0.2,0.5,region_crc,mask2former_swinb_cityscapes,acdc_night_targetcal100,22
,,,0.9997687935209825,606,True,0.28485449735449736,0.28485449735449736,0.06734935194253922,20.694581280788178,600.0,108,258.0,68.0,0.26356589147286824,0.055714285714285716,False,0.35668789808917195,0.13924050632911392,0.045454545454545456,,,86,bicycle,0.2,0.5,heuristic,mask2former_swinb_cityscapes,acdc_night_targetcal100,22
,,,,-1,True,,0.8793099647266315,0.0006891669472679496,,,406,,,0.8565891472868217,,False,,,,,,86,bicycle,0.2,0.5,argmax,mask2former_swinb_cityscapes,acdc_night_targetcal100,22
,,,0.9999610954855006,735,True,0.03276355996944232,0.03276355996944232,0.3506186306476593,28.36945812807882,725.0,204,661.0,18.0,0.02723146747352496,0.06655172413793103,False,0.03761061946902655,0.00558659217877095,0.0,,,87,person,0.05,0.1,region_crc,mask2former_swinb_cityscapes,acdc_night_targetcal100,43
,,,0.9999527936958736,721,True,0.037071343688990746,0.037071343688990746,0.32528597116470337,28.958128078817733,700.0,204,661.0,22.0,0.03328290468986384,0.05827586206896551,False,0.046460176991150445,0.00558659217877095,0.0,,,87,person,0.05,0.1,heuristic,mask2former_swinb_cityscapes,acdc_night_targetcal100,43
,,,,-1,True,,0.505363726687256,0.005505056586116552,,,406,,,0.4750378214826021,,False,,,,,,87,person,0.05,0.1,argmax,mask2former_swinb_cityscapes,acdc_night_targetcal100,43
,,,0.9997623159713375,604,True,0.0885997580850522,0.0885997580850522,0.15501567721366882,26.891625615763548,600.0,204,661.0,61.0,0.09228441754916793,0.0830049261083744,False,0.12389380530973451,0.027932960893854747,0.0,,,87,person,0.1,0.1,region_crc,mask2former_swinb_cityscapes,acdc_night_targetcal100,43
,,,0.9996301718202197,572,True,0.10681128512010866,0.10681128512010866,0.12719857692718506,23.677339901477833,550.0,204,661.0,75.0,0.11346444780635401,0.09615763546798031,False,0.15486725663716813,0.027932960893854747,0.0,,,87,person,0.1,0.1,heuristic,mask2former_swinb_cityscapes,acdc_night_targetcal100,43
,,,,-1,True,,0.505363726687256,0.005505056586116552,,,406,,,0.4750378214826021,,False,,,,,,87,person,0.1,0.1,argmax,mask2former_swinb_cityscapes,acdc_night_targetcal100,43
,,,0.9968084621448993,416,True,0.2110673436041083,0.2110673436041083,0.045960817486047745,13.133004926108374,400.0,204,661.0,140.0,0.2118003025718608,0.11157635467980298,False,0.28982300884955753,0.05027932960893855,0.0,,,87,person,0.2,0.1,region_crc,mask2former_swinb_cityscapes,acdc_night_targetcal100,43
,,,0.9931766130585833,361,True,0.23441195922813568,0.23441195922813568,0.032029714435338974,10.504926108374384,350.0,204,661.0,157.0,0.23751891074130105,0.14064039408867,False,0.3252212389380531,0.055865921787709494,0.0,,,87,person,0.2,0.1,heuristic,mask2former_swinb_cityscapes,acdc_night_targetcal100,43
,,,,-1,True,,0.505363726687256,0.005505056586116552,,,406,,,0.4750378214826021,,False,,,,,,87,person,0.2,0.1,argmax,mask2former_swinb_cityscapes,acdc_night_targetcal100,43
,,,0.9999923792098997,853,True,0.007477612257024022,0.007477612257024022,0.5938522219657898,17.248768472906406,850.0,204,661.0,7.0,0.01059001512859304,0.06221674876847283,False,0.01327433628318584,0.00558659217877095,0.0,,,87,person,0.05,0.5,region_crc,mask2former_swinb_cityscapes,acdc_night_targetcal100,43
,,,0.9999712921941798,757,True,0.04411791231644173,0.04411791231644173,0.39652392268180847,26.564039408866996,750.0,204,661.0,31.0,0.046898638426626324,0.057980295566502416,False,0.059734513274336286,0.0223463687150838,0.0,,,87,person,0.05,0.5,heuristic,mask2former_swinb_cityscapes,acdc_night_targetcal100,43
,,,,-1,True,,0.5912096345919875,0.005505056586116552,,,406,,,0.5597579425113465,,False,,,,,,87,person,0.05,0.5,argmax,mask2former_swinb_cityscapes,acdc_night_targetcal100,43
,,,0.999950111551254,717,True,0.06859800738477209,0.06859800738477209,0.3181258738040924,28.958128078817733,700.0,204,661.0,49.0,0.07413010590015129,0.06955665024630536,False,0.09734513274336283,0.027932960893854747,0.0,,,87,person,0.1,0.5,region_crc,mask2former_swinb_cityscapes,acdc_night_targetcal100,43
,,,0.9998651037117409,645,True,0.1084081359816654,0.1084081359816654,0.20394401252269745,28.18472906403941,625.0,204,661.0,70.0,0.1059001512859304,0.07413793103448274,False,0.14380530973451328,0.027932960893854747,0.0,,,87,person,0.1,0.5,heuristic,mask2former_swinb_cityscapes,acdc_night_targetcal100,43
,,,,-1,True,,0.5912096345919875,0.005505056586116552,,,406,,,0.5597579425113465,,False,,,,,,87,person,0.1,0.5,argmax,mask2former_swinb_cityscapes,acdc_night_targetcal100,43
,,,0.9990537628386342,504,True,0.1943140261154967,0.1943140261154967,0.08054228127002716,19.788177339901477,500.0,204,661.0,128.0,0.19364599092284418,0.14167487684729063,False,0.26327433628318586,0.05027932960893855,0.0,,,87,person,0.2,0.5,region_crc,mask2former_swinb_cityscapes,acdc_night_targetcal100,43
,,,0.9989576825706067,497,True,0.19876664049458165,0.19876664049458165,0.07713209837675095,17.766009852216747,475.0,204,661.0,132.0,0.19969742813918306,0.15241379310344827,False,0.2721238938053097,0.05027932960893855,0.0,,,87,person,0.2,0.5,heuristic,mask2former_swinb_cityscapes,acdc_night_targetcal100,43
,,,,-1,True,,0.5912096345919875,0.005505056586116552,,,406,,,0.5597579425113465,,False,,,,,,87,person,0.2,0.5,argmax,mask2former_swinb_cityscapes,acdc_night_targetcal100,43
,,,0.9999827813142501,794,True,0.040616246498599434,0.040616246498599434,0.3197903335094452,27.5,775.0,119,160.0,6.0,0.0375,0.08645320197044337,False,0.04918032786885246,0.0,0.0,,,87,rider,0.05,0.1,region_crc,mask2former_swinb_cityscapes,acdc_night_targetcal100,27
,,,0.9998872802543824,658,True,0.1372549019607843,0.1372549019607843,0.1211906298995018,22.866995073891626,650.0,119,160.0,22.0,0.1375,0.1155172413793103,False,0.18032786885245902,0.0,0.0,,,87,rider,0.05,0.1,heuristic,mask2former_swinb_cityscapes,acdc_night_targetcal100,27
,,,,-1,True,,0.7829131652661064,0.00038017815677449107,,,406,,,0.80625,,False,,,,,,87,rider,0.05,0.1,argmax,mask2former_swinb_cityscapes,acdc_night_targetcal100,27
,,,0.9998872802543824,658,True,0.1372549019607843,0.1372549019607843,0.1211906298995018,22.866995073891626,650.0,119,160.0,22.0,0.1375,0.1155172413793103,False,0.18032786885245902,0.0,0.0,,,87,rider,0.1,0.1,region_crc,mask2former_swinb_cityscapes,acdc_night_targetcal100,27
,,,0.9998775383800735,652,True,0.14145658263305322,0.14145658263305322,0.11631832271814346,22.866995073891626,650.0,119,160.0,23.0,0.14375,0.10798029556650246,False,0.1885245901639344,0.0,0.0,,,87,rider,0.1,0.1,heuristic,mask2former_swinb_cityscapes,acdc_night_targetcal100,27
,,,,-1,True,,0.7829131652661064,0.00038017815677449107,,,406,,,0.80625,,False,,,,,,87,rider,0.1,0.1,argmax,mask2former_swinb_cityscapes,acdc_night_targetcal100,27
,,,0.9988984606904586,493,True,0.2857142857142857,0.2857142857142857,0.035966429859399796,10.655172413793103,475.0,119,160.0,46.0,0.2875,0.09729064039408869,False,0.3360655737704918,0.16129032258064516,0.0,,,87,rider,0.2,0.1,region_crc,mask2former_swinb_cityscapes,acdc_night_targetcal100,27
,,,0.9988984606904586,493,True,0.2857142857142857,0.2857142857142857,0.035966429859399796,10.655172413793103,475.0,119,160.0,46.0,0.2875,0.09729064039408869,False,0.3360655737704918,0.16129032258064516,0.0,,,87,rider,0.2,0.1,heuristic,mask2former_swinb_cityscapes,acdc_night_targetcal100,27
,,,,-1,True,,0.7829131652661064,0.00038017815677449107,,,406,,,0.80625,,False,,,,,,87,rider,0.2,0.1,argmax,mask2former_swinb_cityscapes,acdc_night_targetcal100,27
,,,0.9999935434577096,865,True,0.03221288515406162,0.03221288515406162,0.48039665818214417,22.448275862068964,850.0,119,160.0,5.0,0.03125,0.07886699507389161,False,0.040983606557377046,0.0,0.0,,,87,rider,0.05,0.5,region_crc,mask2former_swinb_cityscapes,acdc_night_targetcal100,27
,,,0.9999930816902908,860,True,0.03641456582633053,0.03641456582633053,0.4688281714916229,22.448275862068964,850.0,119,160.0,6.0,0.0375,0.08812807881773399,False,0.04918032786885246,0.0,0.0,,,87,rider,0.05,0.5,heuristic,mask2former_swinb_cityscapes,acdc_night_targetcal100,27
,,,,-1,True,,0.8249299719887956,0.00038017815677449107,,,406,,,0.85,,False,,,,,,87,rider,0.05,0.5,argmax,mask2former_swinb_cityscapes,acdc_night_targetcal100,27
,,,0.9999863855531753,811,True,0.05322128851540617,0.05322128851540616,0.35481855273246765,26.137931034482758,800.0,119,160.0,8.0,0.05,0.07581280788177341,False,0.06557377049180328,0.0,0.0,,,87,rider,0.1,0.5,region_crc,mask2former_swinb_cityscapes,acdc_night_targetcal100,27
,,,0.9999314511773547,694,True,0.12464985994397758,0.12464985994397759,0.1547388881444931,23.642857142857142,675.0,119,160.0,19.0,0.11875,0.11290640394088669,False,0.1557377049180328,0.0,0.0,,,87,rider,0.1,0.5,heuristic,mask2former_swinb_cityscapes,acdc_night_targetcal100,27
,,,,-1,True,,0.8249299719887956,0.00038017815677449107,,,406,,,0.85,,False,,,,,,87,rider,0.1,0.5,argmax,mask2former_swinb_cityscapes,acdc_night_targetcal100,27
,,,0.9998246119498159,626,True,0.22128851540616246,0.22128851540616248,0.09788894653320312,20.822660098522167,625.0,119,160.0,33.0,0.20625,0.10990147783251233,False,0.2459016393442623,0.0967741935483871,0.0,,,87,rider,0.2,0.5,region_crc,mask2former_swinb_cityscapes,acdc_night_targetcal100,27
,,,0.9998246119498159,626,True,0.22128851540616246,0.22128851540616248,0.09788894653320312,20.822660098522167,625.0,119,160.0,33.0,0.20625,0.10990147783251233,False,0.2459016393442623,0.0967741935483871,0.0,,,87,rider,0.2,0.5,heuristic,mask2former_swinb_cityscapes,acdc_night_targetcal100,27
,,,,-1,True,,0.8249299719887956,0.00038017815677449107,,,406,,,0.85,,False,,,,,,87,rider,0.2,0.5,argmax,mask2former_swinb_cityscapes,acdc_night_targetcal100,27
,,,0.9999708928288193,756,True,0.06707875457875458,0.06707875457875458,0.22820372879505157,29.669950738916256,750.0,104,231.0,12.0,0.05194805194805195,0.07137931034482758,False,0.08029197080291971,0.0136986301369863,0.0,,,87,bicycle,0.05,0.1,region_crc,mask2former_swinb_cityscapes,acdc_night_targetcal100,26
,,,0.9999402964713416,704,True,0.11771978021978023,0.11771978021978023,0.15271684527397156,27.300492610837438,700.0,104,231.0,24.0,0.1038961038961039,0.08694581280788177,False,0.15328467153284672,0.0410958904109589,0.0,,,87,bicycle,0.05,0.1,heuristic,mask2former_swinb_cityscapes,acdc_night_targetcal100,26
,,,,-1,True,,0.810885989010989,0.0006737562944181263,,,406,,,0.7835497835497836,,False,,,,,,87,bicycle,0.05,0.1,argmax,mask2former_swinb_cityscapes,acdc_night_targetcal100,26
,,,0.9999402964713416,704,True,0.11771978021978023,0.11771978021978023,0.15271684527397156,27.300492610837438,700.0,104,231.0,24.0,0.1038961038961039,0.08694581280788177,False,0.15328467153284672,0.0410958904109589,0.0,,,87,bicycle,0.1,0.1,region_crc,mask2former_swinb_cityscapes,acdc_night_targetcal100,26
,,,0.9999285503673925,691,True,0.11771978021978023,0.11771978021978023,0.13844150304794312,25.519704433497537,675.0,104,231.0,24.0,0.1038961038961039,0.08738916256157642,False,0.15328467153284672,0.0410958904109589,0.0,,,87,bicycle,0.1,0.1,heuristic,mask2former_swinb_cityscapes,acdc_night_targetcal100,26
,,,,-1,True,,0.810885989010989,0.0006737562944181263,,,406,,,0.7835497835497836,,False,,,,,,87,bicycle,0.1,0.1,argmax,mask2former_swinb_cityscapes,acdc_night_targetcal100,26
,,,0.999765577118468,605,True,0.20265567765567766,0.20265567765567766,0.06706387549638748,20.155172413793103,600.0,104,231.0,41.0,0.1774891774891775,0.057783251231527166,False,0.26277372262773724,0.0684931506849315,0.0,,,87,bicycle,0.2,0.1,region_crc,mask2former_swinb_cityscapes,acdc_night_targetcal100,26
,,,0.9997308465196073,595,True,0.21227106227106227,0.21227106227106227,0.06177736073732376,17.958128078817733,575.0,104,231.0,42.0,0.18181818181818182,0.04807881773399014,False,0.27007299270072993,0.0684931506849315,0.0,,,87,bicycle,0.2,0.1,heuristic,mask2former_swinb_cityscapes,acdc_night_targetcal100,26
,,,,-1,True,,0.810885989010989,0.0006737562944181263,,,406,,,0.7835497835497836,,False,,,,,,87,bicycle,0.2,0.1,argmax,mask2former_swinb_cityscapes,acdc_night_targetcal100,26
,,,0.9999918341762865,848,True,0.04166666666666667,0.041666666666666664,0.4134577214717865,26.908866995073893,825.0,104,231.0,7.0,0.030303030303030304,0.08162561576354682,False,0.043795620437956206,0.0136986301369863,0.0,,,87,bicycle,0.05,0.5,region_crc,mask2former_swinb_cityscapes,acdc_night_targetcal100,26
,,,0.9999796764298906,782,True,0.09455128205128206,0.09455128205128206,0.2732405662536621,28.91871921182266,775.0,104,231.0,16.0,0.06926406926406926,0.0785221674876847,False,0.08759124087591241,0.0547945205479452,0.0,,,87,bicycle,0.05,0.5,heuristic,mask2former_swinb_cityscapes,acdc_night_targetcal100,26
,,,,-1,True,,0.853834706959707,0.0006737562944181263,,,406,,,0.8354978354978355,,False,,,,,,87,bicycle,0.05,0.5,argmax,mask2former_swinb_cityscapes,acdc_night_targetcal100,26
,,,0.9999779199526698,776,True,0.10256410256410257,0.10256410256410257,0.2623951733112335,28.91871921182266,775.0,104,231.0,18.0,0.07792207792207792,0.07083743842364532,False,0.0948905109489051,0.0684931506849315,0.0,,,87,bicycle,0.1,0.5,region_crc,mask2former_swinb_cityscapes,acdc_night_targetcal100,26
,,,0.9999683772233983,750,True,0.13182234432234433,0.13182234432234433,0.219899520277977,29.669950738916256,750.0,104,231.0,24.0,0.1038961038961039,0.0751231527093596,False,0.1386861313868613,0.0684931506849315,0.0,,,87,bicycle,0.1,0.5,heuristic,mask2former_swinb_cityscapes,acdc_night_targetcal100,26
,,,,-1,True,,0.853834706959707,0.0006737562944181263,,,406,,,0.8354978354978355,,False,,,,,,87,bicycle,0.1,0.5,argmax,mask2former_swinb_cityscapes,acdc_night_targetcal100,26
,,,0.9998775383800735,652,True,0.22829670329670326,0.22829670329670326,0.10170008987188339,23.97536945812808,650.0,104,231.0,46.0,0.19913419913419914,0.07704433497536947,False,0.2846715328467153,0.0958904109589041,0.0,,,87,bicycle,0.2,0.5,region_crc,mask2former_swinb_cityscapes,acdc_night_targetcal100,26
,,,0.9998451183381087,635,True,0.2539377289377289,0.253937728937729,0.08674229681491852,21.751231527093594,625.0,104,231.0,51.0,0.22077922077922077,0.06458128078817735,False,0.29927007299270075,0.1232876712328767,0.047619047619047616,,,87,bicycle,0.2,0.5,heuristic,mask2former_swinb_cityscapes,acdc_night_targetcal100,26
,,,,-1,True,,0.853834706959707,0.0006737562944181263,,,406,,,0.8354978354978355,,False,,,,,,87,bicycle,0.2,0.5,argmax,mask2former_swinb_cityscapes,acdc_night_targetcal100,26
,,,0.9999674912702614,748,True,0.02684438368648895,0.02684438368648895,0.38179534673690796,27.472906403940886,725.0,190,684.0,11.0,0.01608187134502924,0.06970443349753697,False,0.023706896551724137,0.0,0.0,,,88,person,0.05,0.1,region_crc,mask2former_swinb_cityscapes,acdc_night_targetcal100,57
,,,0.9999004594582649,667,True,0.069051321485532,0.069051321485532,0.23361442983150482,29.24137931034483,650.0,190,684.0,39.0,0.05701754385964912,0.08438423645320192,False,0.07974137931034483,0.010416666666666666,0.0,,,88,person,0.05,0.1,heuristic,mask2former_swinb_cityscapes,acdc_night_targetcal100,57
,,,,-1,True,,0.49624140479403633,0.0054726446978747845,,,406,,,0.4766081871345029,,False,,,,,,88,person,0.05,0.1,argmax,mask2former_swinb_cityscapes,acdc_night_targetcal100,57
,,,0.9996198106036794,570,True,0.11349339257233995,0.11349339257233995,0.12423433363437653,23.89408866995074,550.0,190,684.0,72.0,0.10526315789473684,0.09852216748768472,False,0.14870689655172414,0.015625,0.0,,,88,person,0.1,0.1,region_crc,mask2former_swinb_cityscapes,acdc_night_targetcal100,57
,,,0.9993918649987212,536,True,0.14559495329232172,0.1455949532923217,0.09913304448127747,21.820197044334975,525.0,190,684.0,93.0,0.13596491228070176,0.13940886699507382,False,0.1939655172413793,0.015625,0.0,,,88,person,0.1,0.1,heuristic,mask2former_swinb_cityscapes,acdc_night_targetcal100,57
,,,,-1,True,,0.49624140479403633,0.0054726446978747845,,,406,,,0.4766081871345029,,False,,,,,,88,person,0.1,0.1,argmax,mask2former_swinb_cityscapes,acdc_night_targetcal100,57
,,,0.9929854470158003,359,True,0.2478461377803483,0.2478461377803483,0.030238207429647446,10.199507389162562,350.0,190,684.0,158.0,0.2309941520467836,0.10049261083743843,False,0.32112068965517243,0.046875,0.0,,,88,person,0.2,0.1,region_crc,mask2former_swinb_cityscapes,acdc_night_targetcal100,57
,,,0.9912501622477257,343,True,0.26529829089039614,0.26529829089039614,0.02690482884645462,8.88423645320197,325.0,190,684.0,169.0,0.24707602339181287,0.11394088669950742,False,0.3448275862068966,0.046875,0.0,,,88,person,0.2,0.1,heuristic,mask2former_swinb_cityscapes,acdc_night_targetcal100,57
,,,,-1,True,,0.49624140479403633,0.0054726446978747845,,,406,,,0.4766081871345029,,False,,,,,,88,person,0.2,0.1,argmax,mask2former_swinb_cityscapes,acdc_night_targetcal100,57
,,,0.9999837070396737,798,True,0.03092333105491,0.03092333105491,0.4932734966278076,23.891625615763548,775.0,190,684.0,16.0,0.023391812865497075,0.07586206896551723,False,0.03017241379310345,0.010416666666666666,0.0,,,88,person,0.05,0.5,region_crc,mask2former_swinb_cityscapes,acdc_night_targetcal100,57
,,,0.9999631871026358,739,True,0.05817412850307587,0.05817412850307587,0.3620249927043915,27.472906403940886,725.0,190,684.0,36.0,0.05263157894736842,0.07034482758620686,False,0.07327586206896551,0.010416666666666666,0.0,,,88,person,0.05,0.5,heuristic,mask2former_swinb_cityscapes,acdc_night_targetcal100,57
,,,,-1,True,,0.573602859129175,0.0054726446978747845,,,406,,,0.5599415204678363,,False,,,,,,88,person,0.05,0.5,argmax,mask2former_swinb_cityscapes,acdc_night_targetcal100,57
,,,0.9998632271174405,644,True,0.11600136705399865,0.11600136705399862,0.2006833255290985,28.17487684729064,625.0,190,684.0,66.0,0.09649122807017543,0.0765517241379311,False,0.13577586206896552,0.015625,0.0,,,88,person,0.1,0.5,region_crc,mask2former_swinb_cityscapes,acdc_night_targetcal100,57
,,,0.9998146468376585,622,True,0.12560663021189336,0.1256066302118934,0.17317384481430054,26.603448275862068,600.0,190,684.0,76.0,0.1111111111111111,0.0749753694581281,False,0.15732758620689655,0.015625,0.0,,,88,person,0.1,0.5,heuristic,mask2former_swinb_cityscapes,acdc_night_targetcal100,57
,,,,-1,True,,0.573602859129175,0.0054726446978747845,,,406,,,0.5599415204678363,,False,,,,,,88,person,0.1,0.5,argmax,mask2former_swinb_cityscapes,acdc_night_targetcal100,57
,,,0.9972584258280721,427,True,0.26329941257572836,0.26329941257572836,0.04877527058124542,14.5,425.0,190,684.0,169.0,0.24707602339181287,0.0848768472906404,False,0.34051724137931033,0.052083333333333336,0.03571428571428571,,,88,person,0.2,0.5,region_crc,mask2former_swinb_cityscapes,acdc_night_targetcal100,57
,,,0.9951022118063155,385,True,0.29856073020546703,0.2985607302054671,0.03642779216170311,11.37192118226601,375.0,190,684.0,192.0,0.2807017543859649,0.12004926108374384,False,0.3857758620689655,0.0625,0.03571428571428571,,,88,person,0.2,0.5,heuristic,mask2former_swinb_cityscapes,acdc_night_targetcal100,57
,,,,-1,True,,0.573602859129175,0.0054726446978747845,,,406,,,0.5599415204678363,,False,,,,,,88,person,0.2,0.5,argmax,mask2former_swinb_cityscapes,acdc_night_targetcal100,57
,,,0.9999973331413354,929,True,0.002898550724637681,0.002898550724637681,0.6214545369148254,13.881773399014778,925.0,115,153.0,1.0,0.006535947712418301,0.07241379310344831,False,0.008928571428571428,0.0,0.0,,,88,rider,0.05,0.1,region_crc,mask2former_swinb_cityscapes,acdc_night_targetcal100,31
,,,0.9999600055250238,733,True,0.07246376811594202,0.07246376811594202,0.20720449090003967,26.655172413793103,725.0,115,153.0,10.0,0.06535947712418301,0.09024630541871922,False,0.08928571428571429,0.0,0.0,,,88,rider,0.05,0.1,heuristic,mask2former_swinb_cityscapes,acdc_night_targetcal100,31
,,,,-1,True,,0.8,0.0003522811457514763,,,406,,,0.8104575163398693,,False,,,,,,88,rider,0.05,0.1,argmax,mask2former_swinb_cityscapes,acdc_night_targetcal100,31
,,,0.9998171899783858,623,True,0.1681159420289855,0.1681159420289855,0.09721507877111435,19.125615763546797,600.0,115,153.0,25.0,0.16339869281045752,0.07344827586206897,False,0.21428571428571427,0.029411764705882353,0.0,,,88,rider,0.1,0.1,region_crc,mask2former_swinb_cityscapes,acdc_night_targetcal100,31
,,,0.9997453169747414,599,True,0.17681159420289855,0.17681159420289855,0.08153052628040314,17.19704433497537,575.0,115,153.0,26.0,0.16993464052287582,0.09980295566502463,False,0.21428571428571427,0.058823529411764705,0.0,,,88,rider,0.1,0.1,heuristic,mask2former_swinb_cityscapes,acdc_night_targetcal100,31
,,,,-1,True,,0.8,0.0003522811457514763,,,406,,,0.8104575163398693,,False,,,,,,88,rider,0.1,0.1,argmax,mask2former_swinb_cityscapes,acdc_night_targetcal100,31
,,,0.9994847713554182,548,True,0.22028985507246376,0.2202898550724638,0.05608634278178215,13.879310344827585,525.0,115,153.0,31.0,0.20261437908496732,0.09950738916256158,False,0.25,0.08823529411764706,0.0,,,88,rider,0.2,0.1,region_crc,mask2former_swinb_cityscapes,acdc_night_targetcal100,31
,,,0.9977091323472322,440,True,0.3420289855072463,0.3420289855072464,0.02315223403275013,7.620689655172414,425.0,115,153.0,52.0,0.33986928104575165,0.15113300492610843,False,0.4017857142857143,0.20588235294117646,0.0,,,88,rider,0.2,0.1,heuristic,mask2former_swinb_cityscapes,acdc_night_targetcal100,31
,,,,-1,True,,0.8,0.0003522811457514763,,,406,,,0.8104575163398693,,False,,,,,,88,rider,0.2,0.1,argmax,mask2former_swinb_cityscapes,acdc_night_targetcal100,31
,,,0.9999984004419714,966,True,0.002898550724637681,0.002898550724637681,0.702063798904419,10.591133004926109,966.0,115,153.0,1.0,0.006535947712418301,0.10743842364532016,False,0.008928571428571428,0.0,0.0,,,88,rider,0.05,0.5,region_crc,mask2former_swinb_cityscapes,acdc_night_targetcal100,31
,,,0.9999670390287823,747,True,0.09420289855072463,0.09420289855072463,0.23115302622318268,26.655172413793103,725.0,115,153.0,13.0,0.08496732026143791,0.07330049261083743,False,0.10714285714285714,0.029411764705882353,0.0,,,88,rider,0.05,0.5,heuristic,mask2former_swinb_cityscapes,acdc_night_targetcal100,31
,,,,-1,True,,0.8608695652173913,0.0003522811457514763,,,406,,,0.869281045751634,,False,,,,,,88,rider,0.05,0.5,argmax,mask2former_swinb_cityscapes,acdc_night_targetcal100,31
,,,0.9999670390287823,747,True,0.09420289855072463,0.09420289855072463,0.23115302622318268,26.655172413793103,725.0,115,153.0,13.0,0.08496732026143791,0.07330049261083743,False,0.10714285714285714,0.029411764705882353,0.0,,,88,rider,0.1,0.5,region_crc,mask2former_swinb_cityscapes,acdc_night_targetcal100,31
,,,0.999893340387877,662,True,0.17681159420289855,0.17681159420289855,0.127321258187294,22.830049261083744,650.0,115,153.0,26.0,0.16993464052287582,0.09807881773399016,False,0.22321428571428573,0.029411764705882353,0.0,,,88,rider,0.1,0.5,heuristic,mask2former_swinb_cityscapes,acdc_night_targetcal100,31
,,,,-1,True,,0.8608695652173913,0.0003522811457514763,,,406,,,0.869281045751634,,False,,,,,,88,rider,0.1,0.5,argmax,mask2former_swinb_cityscapes,acdc_night_targetcal100,31
,,,0.9996866714275684,584,True,0.24927536231884057,0.24927536231884057,0.07246358692646027,17.19704433497537,575.0,115,153.0,36.0,0.23529411764705882,0.10704433497536947,False,0.25892857142857145,0.20588235294117646,0.0,,,88,rider,0.2,0.5,region_crc,mask2former_swinb_cityscapes,acdc_night_targetcal100,31
,,,0.9984440343683949,468,True,0.38550724637681155,0.3855072463768116,0.03032144531607628,9.054187192118226,450.0,115,153.0,58.0,0.3790849673202614,0.09704433497536946,False,0.4375,0.2647058823529412,0.0,,,88,rider,0.2,0.5,heuristic,mask2former_swinb_cityscapes,acdc_night_targetcal100,31
,,,,-1,True,,0.8608695652173913,0.0003522811457514763,,,406,,,0.869281045751634,,False,,,,,,88,rider,0.2,0.5,argmax,mask2former_swinb_cityscapes,acdc_night_targetcal100,31
,,,0.9999974414141131,932,True,0.009259259259259259,0.009259259259259259,0.6240419149398804,16.004926108374384,925.0,108,250.0,1.0,0.004,0.08123152709359607,False,0.007194244604316547,0.0,0.0,,,88,bicycle,0.05,0.1,region_crc,mask2former_swinb_cityscapes,acdc_night_targetcal100,22
,,,0.9999898140861194,832,True,0.010582010582010581,0.010582010582010581,0.37974780797958374,26.665024630541872,825.0,108,250.0,2.0,0.008,0.07694581280788182,False,0.014388489208633094,0.0,0.0,,,88,bicycle,0.05,0.1,heuristic,mask2former_swinb_cityscapes,acdc_night_targetcal100,22
,,,,-1,True,,0.8169936801881245,0.0006967499502934515,,,406,,,0.792,,False,,,,,,88,bicycle,0.05,0.1,argmax,mask2former_swinb_cityscapes,acdc_night_targetcal100,22
,,,0.9999898140861194,832,True,0.010582010582010581,0.010582010582010581,0.37974780797958374,26.665024630541872,825.0,108,250.0,2.0,0.008,0.07694581280788182,False,0.014388489208633094,0.0,0.0,,,88,bicycle,0.1,0.1,region_crc,mask2former_swinb_cityscapes,acdc_night_targetcal100,22
,,,0.9999610954855006,735,True,0.07720458553791885,0.07720458553791888,0.1979844570159912,29.147783251231527,725.0,108,250.0,19.0,0.076,0.0960591133004926,False,0.11510791366906475,0.034482758620689655,0.0,,,88,bicycle,0.1,0.1,heuristic,mask2former_swinb_cityscapes,acdc_night_targetcal100,22
,,,,-1,True,,0.8169936801881245,0.0006967499502934515,,,406,,,0.792,,False,,,,,,88,bicycle,0.1,0.1,argmax,mask2former_swinb_cityscapes,acdc_night_targetcal100,22
,,,0.999682312592935,583,True,0.26865079365079364,0.26865079365079364,0.05678349733352661,17.736453201970445,575.0,108,250.0,60.0,0.24,0.10364532019704431,False,0.3597122302158273,0.09195402298850575,0.08333333333333333,,,88,bicycle,0.2,0.1,region_crc,mask2former_swinb_cityscapes,acdc_night_targetcal100,22
,,,0.9996548562606642,577,True,0.2705026455026455,0.2705026455026455,0.05433500185608864,17.736453201970445,575.0,108,250.0,61.0,0.244,0.10566502463054184,False,0.3669064748201439,0.09195402298850575,0.08333333333333333,,,88,bicycle,0.2,0.1,heuristic,mask2former_swinb_cityscapes,acdc_night_targetcal100,22
,,,,-1,True,,0.8169936801881245,0.0006967499502934515,,,406,,,0.792,,False,,,,,,88,bicycle,0.2,0.1,argmax,mask2former_swinb_cityscapes,acdc_night_targetcal100,22
,,,0.9999986448105876,978,True,0.0,0.0,0.7505270838737488,9.876847290640393,978.0,108,250.0,0.0,0.0,0.07600985221674877,False,0.0,0.0,0.0,,,88,bicycle,0.05,0.5,region_crc,mask2former_swinb_cityscapes,acdc_night_targetcal100,22
,,,0.9999908798916064,840,True,0.0419973544973545,0.0419973544973545,0.39888542890548706,26.665024630541872,825.0,108,250.0,10.0,0.04,0.08433497536945816,False,0.05755395683453238,0.022988505747126436,0.0,,,88,bicycle,0.05,0.5,heuristic,mask2former_swinb_cityscapes,acdc_night_targetcal100,22
,,,,-1,True,,0.8759149029982363,0.0006967499502934515,,,406,,,0.852,,False,,,,,,88,bicycle,0.05,0.5,argmax,mask2former_swinb_cityscapes,acdc_night_targetcal100,22
,,,0.9999908798916064,840,True,0.0419973544973545,0.0419973544973545,0.39888542890548706,26.665024630541872,825.0,108,250.0,10.0,0.04,0.08433497536945816,False,0.05755395683453238,0.022988505747126436,0.0,,,88,bicycle,0.1,0.5,region_crc,mask2former_swinb_cityscapes,acdc_night_targetcal100,22
,,,0.9999796764298906,782,True,0.08212081128747795,0.08212081128747795,0.2777921259403229,29.399014778325125,775.0,108,250.0,17.0,0.068,0.11911330049261087,False,0.09352517985611511,0.04597701149425287,0.0,,,88,bicycle,0.1,0.5,heuristic,mask2former_swinb_cityscapes,acdc_night_targetcal100,22
,,,,-1,True,,0.8759149029982363,0.0006967499502934515,,,406,,,0.852,,False,,,,,,88,bicycle,0.1,0.5,argmax,mask2former_swinb_cityscapes,acdc_night_targetcal100,22
,,,0.9999083779509877,673,True,0.18600088183421518,0.18600088183421515,0.12099747359752655,24.192118226600986,650.0,108,250.0,41.0,0.164,0.06527093596059114,False,0.2446043165467626,0.08045977011494253,0.0,,,88,bicycle,0.2,0.5,region_crc,mask2former_swinb_cityscapes,acdc_night_targetcal100,22
,,,0.9998451183381087,635,True,0.2517857142857143,0.2517857142857143,0.08674043416976929,21.73152709359606,625.0,108,250.0,57.0,0.228,0.06403940886699508,False,0.33093525179856115,0.10344827586206896,0.08333333333333333,,,88,bicycle,0.2,0.5,heuristic,mask2former_swinb_cityscapes,acdc_night_targetcal100,22
,,,,-1,True,,0.8759149029982363,0.0006967499502934515,,,406,,,0.852,,False,,,,,,88,bicycle,0.2,0.5,argmax,mask2former_swinb_cityscapes,acdc_night_targetcal100,22
,,,0.9999812931785963,788,True,0.01484387017381941,0.01484387017381941,0.47324419021606445,23.5935960591133,775.0,197,669.0,8.0,0.01195814648729447,0.08310344827586205,False,0.017241379310344827,0.0,0.0,,,89,person,0.05,0.1,region_crc,mask2former_swinb_cityscapes,acdc_night_targetcal100,50
,,,0.9999480004003467,714,True,0.039672742654976154,0.039672742654976154,0.3170821964740753,28.386699507389164,700.0,197,669.0,21.0,0.03139013452914798,0.08724137931034487,False,0.04310344827586207,0.005494505494505495,0.0,,,89,person,0.05,0.1,heuristic,mask2former_swinb_cityscapes,acdc_night_targetcal100,50
,,,,-1,True,,0.5351841474937922,0.005028933752328157,,,406,,,0.5082212257100149,,False,,,,,,89,person,0.05,0.1,argmax,mask2former_swinb_cityscapes,acdc_night_targetcal100,50
,,,0.9995191606515502,553,True,0.13039367569824423,0.13039367569824423,0.11237356811761856,23.098522167487683,550.0,197,669.0,86.0,0.12855007473841554,0.04704433497536947,False,0.17672413793103448,0.02197802197802198,0.0,,,89,person,0.1,0.1,region_crc,mask2former_swinb_cityscapes,acdc_night_targetcal100,50
,,,0.9994847713554182,548,True,0.13316248049750587,0.13316248049750587,0.10880696773529053,21.317733990147783,525.0,197,669.0,88.0,0.13153961136023917,0.05295566502463056,False,0.1810344827586207,0.02197802197802198,0.0,,,89,person,0.1,0.1,heuristic,mask2former_swinb_cityscapes,acdc_night_targetcal100,50
,,,,-1,True,,0.5351841474937922,0.005028933752328157,,,406,,,0.5082212257100149,,False,,,,,,89,person,0.1,0.1,argmax,mask2former_swinb_cityscapes,acdc_night_targetcal100,50
,,,0.992788925208171,357,True,0.2491979326370189,0.24919793263701895,0.030033081769943237,10.199507389162562,350.0,197,669.0,167.0,0.24962630792227206,0.07733990147783254,False,0.33620689655172414,0.06043956043956044,0.0,,,89,person,0.2,0.1,region_crc,mask2former_swinb_cityscapes,acdc_night_targetcal100,50
,,,0.9802303035988814,284,True,0.31756527454496997,0.31756527454496997,0.017921360209584236,6.935960591133005,275.0,197,669.0,200.0,0.29895366218236175,0.05221674876847293,False,0.39655172413793105,0.08791208791208792,0.0,,,89,person,0.2,0.1,heuristic,mask2former_swinb_cityscapes,acdc_night_targetcal100,50
,,,,-1,True,,0.5351841474937922,0.005028933752328157,,,406,,,0.5082212257100149,,False,,,,,,89,person,0.2,0.1,argmax,mask2former_swinb_cityscapes,acdc_night_targetcal100,50
,,,0.9999890855966355,827,True,0.025630672204276263,0.025630672204276263,0.5502654314041138,18.84729064039409,825.0,197,669.0,14.0,0.02092675635276532,0.1002463054187192,False,0.028017241379310345,0.005494505494505495,0.0,,,89,person,0.05,0.5,region_crc,mask2former_swinb_cityscapes,acdc_night_targetcal100,50
,,,0.9999712921941798,757,True,0.04284533148746347,0.04284533148746347,0.40294477343559265,25.832512315270936,750.0,197,669.0,28.0,0.04185351270553064,0.0910344827586207,False,0.05387931034482758,0.016483516483516484,0.0,,,89,person,0.05,0.5,heuristic,mask2former_swinb_cityscapes,acdc_night_targetcal100,50
,,,,-1,True,,0.614516081774965,0.005028933752328157,,,406,,,0.5874439461883408,,False,,,,,,89,person,0.05,0.5,argmax,mask2former_swinb_cityscapes,acdc_night_targetcal100,50
,,,0.9998120683183197,621,True,0.1339546663150724,0.13395466631507238,0.16976605355739594,26.35960591133005,600.0,197,669.0,83.0,0.12406576980568013,0.07743842364532016,False,0.17025862068965517,0.02197802197802198,0.0,,,89,person,0.1,0.5,region_crc,mask2former_swinb_cityscapes,acdc_night_targetcal100,50
,,,0.9997271022217192,594,True,0.14494912870547388,0.14494912870547388,0.14396105706691742,24.334975369458128,575.0,197,669.0,94.0,0.14050822122571002,0.05960591133004933,False,0.1939655172413793,0.02197802197802198,0.0,,,89,person,0.1,0.5,heuristic,mask2former_swinb_cityscapes,acdc_night_targetcal100,50
,,,,-1,True,,0.614516081774965,0.005028933752328157,,,406,,,0.5874439461883408,,False,,,,,,89,person,0.1,0.5,argmax,mask2former_swinb_cityscapes,acdc_night_targetcal100,50
,,,0.9982621991712506,460,True,0.2422473536052216,0.2422473536052216,0.06164688244462013,15.711822660098521,450.0,197,669.0,160.0,0.23916292974588937,0.07201970443349753,False,0.31896551724137934,0.06593406593406594,0.0,,,89,person,0.2,0.5,region_crc,mask2former_swinb_cityscapes,acdc_night_targetcal100,50
,,,0.9974765192275195,433,True,0.251055761779112,0.251055761779112,0.05138832703232765,14.293103448275861,425.0,197,669.0,169.0,0.2526158445440957,0.06635467980295562,False,0.33836206896551724,0.06593406593406594,0.0,,,89,person,0.2,0.5,heuristic,mask2former_swinb_cityscapes,acdc_night_targetcal100,50
,,,,-1,True,,0.614516081774965,0.005028933752328157,,,406,,,0.5874439461883408,,False,,,,,,89,person,0.2,0.5,argmax,mask2former_swinb_cityscapes,acdc_night_targetcal100,50
,,,0.9999973331413354,929,True,0.0,0.0,0.6280174851417542,13.660098522167488,925.0,111,144.0,0.0,0.0,0.09743842364532018,False,0.0,0.0,0.0,,,89,rider,0.05,0.1,region_crc,mask2former_swinb_cityscapes,acdc_night_targetcal100,35
,,,0.999989383044428,829,True,0.013513513513513514,0.013513513513513514,0.4026990234851837,23.657635467980295,825.0,111,144.0,2.0,0.013888888888888888,0.0905418719211823,False,0.018518518518518517,0.0,0.0,,,89,rider,0.05,0.1,heuristic,mask2former_swinb_cityscapes,acdc_night_targetcal100,35
,,,,-1,True,,0.7537537537537538,0.00036472349893301725,,,406,,,0.7638888888888888,,False,,,,,,89,rider,0.05,0.1,argmax,mask2former_swinb_cityscapes,acdc_night_targetcal100,35
,,,0.999988779815457,825,True,0.013513513513513514,0.013513513513513514,0.3936413824558258,23.657635467980295,825.0,111,144.0,2.0,0.013888888888888888,0.07866995073891625,False,0.018518518518518517,0.0,0.0,,,89,rider,0.1,0.1,region_crc,mask2former_swinb_cityscapes,acdc_night_targetcal100,35
,,,0.9999696610881581,753,True,0.036036036036036036,0.036036036036036036,0.24198605120182037,27.598522167487683,750.0,111,144.0,5.0,0.034722222222222224,0.07123152709359604,False,0.046296296296296294,0.0,0.0,,,89,rider,0.1,0.1,heuristic,mask2former_swinb_cityscapes,acdc_night_targetcal100,35
,,,,-1,True,,0.7537537537537538,0.00036472349893301725,,,406,,,0.7638888888888888,,False,,,,,,89,rider,0.1,0.1,argmax,mask2former_swinb_cityscapes,acdc_night_targetcal100,35
,,,0.9999168236228897,680,True,0.07207207207207207,0.07207207207207207,0.1433069258928299,23.75862068965517,675.0,111,144.0,10.0,0.06944444444444445,0.07187192118226599,False,0.09259259259259259,0.0,0.0,,,89,rider,0.2,0.1,region_crc,mask2former_swinb_cityscapes,acdc_night_targetcal100,35
,,,0.9998903521803857,660,True,0.09009009009009009,0.09009009009009009,0.12692974507808685,22.854679802955665,650.0,111,144.0,13.0,0.09027777777777778,0.051724137931034475,False,0.12037037037037036,0.0,0.0,,,89,rider,0.2,0.1,heuristic,mask2former_swinb_cityscapes,acdc_night_targetcal100,35
,,,,-1,True,,0.7537537537537538,0.00036472349893301725,,,406,,,0.7638888888888888,,False,,,,,,89,rider,0.2,0.1,argmax,mask2former_swinb_cityscapes,acdc_night_targetcal100,35
,,,0.9999984004419714,966,True,0.0,0.0,0.7100896239280701,10.689655172413794,966.0,111,144.0,0.0,0.0,0.15044334975369467,False,0.0,0.0,0.0,,,89,rider,0.05,0.5,region_crc,mask2former_swinb_cityscapes,acdc_night_targetcal100,35
,,,0.9999949649939122,883,True,0.013513513513513514,0.013513513513513514,0.5307340025901794,19.204433497536947,875.0,111,144.0,2.0,0.013888888888888888,0.09182266009852219,False,0.018518518518518517,0.0,0.0,,,89,rider,0.05,0.5,heuristic,mask2former_swinb_cityscapes,acdc_night_targetcal100,35
,,,,-1,True,,0.8123123123123124,0.00036472349893301725,,,406,,,0.8194444444444444,,False,,,,,,89,rider,0.05,0.5,argmax,mask2former_swinb_cityscapes,acdc_night_targetcal100,35
,,,0.9999899538420972,833,True,0.03153153153153153,0.03153153153153153,0.4120461940765381,23.657635467980295,825.0,111,144.0,5.0,0.034722222222222224,0.09546798029556652,False,0.037037037037037035,0.03571428571428571,0.0,,,89,rider,0.1,0.5,region_crc,mask2former_swinb_cityscapes,acdc_night_targetcal100,35
,,,0.999985003151645,804,True,0.04954954954954955,0.04954954954954955,0.3434426486492157,25.73152709359606,800.0,111,144.0,7.0,0.04861111111111111,0.05487684729064041,False,0.05555555555555555,0.03571428571428571,0.0,,,89,rider,0.1,0.5,heuristic,mask2former_swinb_cityscapes,acdc_night_targetcal100,35
,,,,-1,True,,0.8123123123123124,0.00036472349893301725,,,406,,,0.8194444444444444,,False,,,,,,89,rider,0.1,0.5,argmax,mask2former_swinb_cityscapes,acdc_night_targetcal100,35
,,,0.9999670390287823,747,True,0.05855855855855856,0.05855855855855856,0.23153047263622284,26.761083743842363,725.0,111,144.0,8.0,0.05555555555555555,0.07108374384236449,False,0.06481481481481481,0.03571428571428571,0.0,,,89,rider,0.2,0.5,region_crc,mask2former_swinb_cityscapes,acdc_night_targetcal100,35
,,,0.9999314511773547,694,True,0.0945945945945946,0.0945945945945946,0.15722349286079407,23.75862068965517,675.0,111,144.0,13.0,0.09027777777777778,0.10463054187192117,False,0.1111111111111111,0.03571428571428571,0.0,,,89,rider,0.2,0.5,heuristic,mask2former_swinb_cityscapes,acdc_night_targetcal100,35
,,,,-1,True,,0.8123123123123124,0.00036472349893301725,,,406,,,0.8194444444444444,,False,,,,,,89,rider,0.2,0.5,argmax,mask2former_swinb_cityscapes,acdc_night_targetcal100,35
,,,0.9999934536382593,864,True,0.010101010101010102,0.010101010101010102,0.46309033036231995,24.354679802955665,850.0,99,235.0,1.0,0.00425531914893617,0.11157635467980298,False,0.0072992700729927005,0.0,0.0,,,89,bicycle,0.05,0.1,region_crc,mask2former_swinb_cityscapes,acdc_night_targetcal100,31
,,,0.9999867565846481,813,True,0.026936026936026935,0.02693602693602694,0.3386223614215851,28.39408866995074,800.0,99,235.0,4.0,0.01702127659574468,0.09024630541871922,False,0.029197080291970802,0.0,0.0,,,89,bicycle,0.05,0.1,heuristic,mask2former_swinb_cityscapes,acdc_night_targetcal100,31
,,,,-1,True,,0.8279661696328362,0.0006023055757395923,,,406,,,0.8042553191489362,,False,,,,,,89,bicycle,0.05,0.1,argmax,mask2former_swinb_cityscapes,acdc_night_targetcal100,31
,,,0.9999720745615877,759,True,0.05026455026455027,0.05026455026455027,0.23425927758216858,29.435960591133004,750.0,99,235.0,9.0,0.03829787234042553,0.0731034482758621,False,0.058394160583941604,0.013333333333333334,0.0,,,89,bicycle,0.1,0.1,region_crc,mask2former_swinb_cityscapes,acdc_night_targetcal100,31
,,,0.9999704879077334,755,True,0.05026455026455027,0.05026455026455027,0.227927103638649,29.435960591133004,750.0,99,235.0,9.0,0.03829787234042553,0.059064039408867064,False,0.058394160583941604,0.013333333333333334,0.0,,,89,bicycle,0.1,0.1,heuristic,mask2former_swinb_cityscapes,acdc_night_targetcal100,31
,,,,-1,True,,0.8279661696328362,0.0006023055757395923,,,406,,,0.8042553191489362,,False,,,,,,89,bicycle,0.1,0.1,argmax,mask2former_swinb_cityscapes,acdc_night_targetcal100,31
,,,0.9999547102420097,724,True,0.06709956709956709,0.06709956709956709,0.18170805275440216,27.204433497536947,700.0,99,235.0,13.0,0.05531914893617021,0.10177339901477828,False,0.072992700729927,0.04,0.0,,,89,bicycle,0.2,0.1,region_crc,mask2former_swinb_cityscapes,acdc_night_targetcal100,31
,,,0.9999223752883372,685,True,0.09487734487734487,0.09487734487734487,0.13347546756267548,25.507389162561577,675.0,99,235.0,17.0,0.07234042553191489,0.05733990147783252,False,0.10218978102189781,0.04,0.0,,,89,bicycle,0.2,0.1,heuristic,mask2former_swinb_cityscapes,acdc_night_targetcal100,31
,,,,-1,True,,0.8279661696328362,0.0006023055757395923,,,406,,,0.8042553191489362,,False,,,,,,89,bicycle,0.2,0.1,argmax,mask2former_swinb_cityscapes,acdc_night_targetcal100,31
,,,0.9999982860426925,961,True,0.010101010101010102,0.010101010101010102,0.7107630968093872,11.687192118226601,961.0,99,235.0,1.0,0.00425531914893617,0.10261083743842359,False,0.0072992700729927005,0.0,0.0,,,89,bicycle,0.05,0.5,region_crc,mask2former_swinb_cityscapes,acdc_night_targetcal100,31
,,,0.9999960189282945,900,True,0.010101010101010102,0.010101010101010102,0.5520650744438171,18.26847290640394,900.0,99,235.0,1.0,0.00425531914893617,0.1299507389162562,False,0.0072992700729927005,0.0,0.0,,,89,bicycle,0.05,0.5,heuristic,mask2former_swinb_cityscapes,acdc_night_targetcal100,31
,,,,-1,True,,0.88483645983646,0.0006023055757395923,,,406,,,0.8595744680851064,,False,,,,,,89,bicycle,0.05,0.5,argmax,mask2former_swinb_cityscapes,acdc_night_targetcal100,31
,,,0.9999942983572772,874,True,0.020202020202020204,0.020202020202020204,0.4852030277252197,24.354679802955665,850.0,99,235.0,2.0,0.00851063829787234,0.11098522167487684,False,0.0072992700729927005,0.013333333333333334,0.0,,,89,bicycle,0.1,0.5,region_crc,mask2former_swinb_cityscapes,acdc_night_targetcal100,31
,,,0.9999799552797264,783,True,0.07491582491582492,0.07491582491582491,0.27697959542274475,29.352216748768473,775.0,99,235.0,13.0,0.05531914893617021,0.08788177339901479,False,0.06569343065693431,0.05333333333333334,0.0,,,89,bicycle,0.1,0.5,heuristic,mask2former_swinb_cityscapes,acdc_night_targetcal100,31
,,,,-1,True,,0.88483645983646,0.0006023055757395923,,,406,,,0.8595744680851064,,False,,,,,,89,bicycle,0.1,0.5,argmax,mask2former_swinb_cityscapes,acdc_night_targetcal100,31
,,,0.999971686080042,758,True,0.1032948532948533,0.10329485329485327,0.2326948493719101,29.435960591133004,750.0,99,235.0,19.0,0.08085106382978724,0.0731034482758621,False,0.10218978102189781,0.06666666666666667,0.0,,,89,bicycle,0.2,0.5,region_crc,mask2former_swinb_cityscapes,acdc_night_targetcal100,31
,,,0.9999683772233983,750,True,0.1032948532948533,0.10329485329485327,0.22141686081886292,29.435960591133004,750.0,99,235.0,19.0,0.08085106382978724,0.05733990147783252,False,0.10218978102189781,0.06666666666666667,0.0,,,89,bicycle,0.2,0.5,heuristic,mask2former_swinb_cityscapes,acdc_night_targetcal100,31
,,,,-1,True,,0.88483645983646,0.0006023055757395923,,,406,,,0.8595744680851064,,False,,,,,,89,bicycle,0.2,0.5,argmax,mask2former_swinb_cityscapes,acdc_night_targetcal100,31
,,,0.9999527936958736,721,True,0.04092667062210209,0.04092667062210209,0.34067171812057495,27.76847290640394,700.0,197,635.0,22.0,0.03464566929133858,0.17635467980295566,False,0.04838709677419355,0.005681818181818182,0.0,,,90,person,0.05,0.1,region_crc,mask2former_swinb_cityscapes,acdc_night_targetcal100,50
,,,0.9999144933287115,678,True,0.061802305139868584,0.061802305139868584,0.26193439960479736,28.532019704433498,675.0,197,635.0,36.0,0.05669291338582677,0.13266009852216748,False,0.07603686635944701,0.017045454545454544,0.0,,,90,person,0.05,0.1,heuristic,mask2former_swinb_cityscapes,acdc_night_targetcal100,50
,,,,-1,True,,0.5147939201238694,0.005279086995869875,,,406,,,0.5070866141732283,,False,,,,,,90,person,0.05,0.1,argmax,mask2former_swinb_cityscapes,acdc_night_targetcal100,50
,,,0.9998651037117409,645,True,0.06943986639418111,0.06943986639418111,0.20951756834983826,28.16256157635468,625.0,197,635.0,44.0,0.06929133858267716,0.12817733990147784,False,0.0944700460829493,0.017045454545454544,0.0,,,90,person,0.1,0.1,region_crc,mask2former_swinb_cityscapes,acdc_night_targetcal100,50
,,,0.999738181699178,597,True,0.08775243369151997,0.08775243369151997,0.1513977199792862,24.763546798029555,575.0,197,635.0,56.0,0.08818897637795275,0.13295566502463063,False,0.12211981566820276,0.017045454545454544,0.0,,,90,person,0.1,0.1,heuristic,mask2former_swinb_cityscapes,acdc_night_targetcal100,50
,,,,-1,True,,0.5147939201238694,0.005279086995869875,,,406,,,0.5070866141732283,,False,,,,,,90,person,0.1,0.1,argmax,mask2former_swinb_cityscapes,acdc_night_targetcal100,50
,,,0.9976121887170868,437,True,0.19465273164511745,0.1946527316451174,0.05342264473438263,14.733990147783251,425.0,197,635.0,130.0,0.2047244094488189,0.13492610837438423,False,0.2834101382488479,0.03977272727272727,0.0,,,90,person,0.2,0.1,region_crc,mask2former_swinb_cityscapes,acdc_night_targetcal100,50
,,,0.9956748616896499,394,True,0.2183764275769352,0.2183764275769352,0.03975827991962433,11.330049261083744,375.0,197,635.0,145.0,0.2283464566929134,0.1279310344827586,False,0.31336405529953915,0.05113636363636364,0.0,,,90,person,0.2,0.1,heuristic,mask2former_swinb_cityscapes,acdc_night_targetcal100,50
,,,,-1,True,,0.5147939201238694,0.005279086995869875,,,406,,,0.5070866141732283,,False,,,,,,90,person,0.2,0.1,argmax,mask2former_swinb_cityscapes,acdc_night_targetcal100,50
,,,0.9999712921941798,757,True,0.04811979475685059,0.0481197947568506,0.4124252200126648,24.817733990147783,750.0,197,635.0,30.0,0.047244094488188976,0.1677832512315271,False,0.06451612903225806,0.011363636363636364,0.0,,,90,person,0.05,0.5,region_crc,mask2former_swinb_cityscapes,acdc_night_targetcal100,50
,,,0.9999594491464552,732,True,0.06086783352011778,0.060867833520117785,0.3606688380241394,26.8128078817734,725.0,197,635.0,38.0,0.05984251968503937,0.16852216748768478,False,0.08294930875576037,0.011363636363636364,0.0,,,90,person,0.05,0.5,heuristic,mask2former_swinb_cityscapes,acdc_night_targetcal100,50
,,,,-1,True,,0.609289328832476,0.005279086995869875,,,406,,,0.5952755905511811,,False,,,,,,90,person,0.05,0.5,argmax,mask2former_swinb_cityscapes,acdc_night_targetcal100,50
,,,0.9999435063025188,708,True,0.07780561232337882,0.07780561232337883,0.31698599457740784,27.76847290640394,700.0,197,635.0,48.0,0.07559055118110236,0.16896551724137926,False,0.10368663594470046,0.017045454545454544,0.0,,,90,person,0.1,0.5,region_crc,mask2former_swinb_cityscapes,acdc_night_targetcal100,50
,,,0.9999083779509877,673,True,0.08994824971982332,0.08994824971982333,0.2533970773220062,28.938423645320196,650.0,197,635.0,56.0,0.08818897637795275,0.1320689655172414,False,0.12211981566820276,0.017045454545454544,0.0,,,90,person,0.1,0.5,heuristic,mask2former_swinb_cityscapes,acdc_night_targetcal100,50
,,,,-1,True,,0.609289328832476,0.005279086995869875,,,406,,,0.5952755905511811,,False,,,,,,90,person,0.1,0.5,argmax,mask2former_swinb_cityscapes,acdc_night_targetcal100,50
,,,0.9995812064348821,563,True,0.15598708257337696,0.155987082573377,0.12273023277521133,23.445812807881772,550.0,197,635.0,103.0,0.16220472440944883,0.1158620689655172,False,0.22350230414746544,0.03409090909090909,0.0,,,90,person,0.2,0.5,region_crc,mask2former_swinb_cityscapes,acdc_night_targetcal100,50
,,,0.9990667456992031,505,True,0.18943992414804595,0.18943992414804595,0.08276824653148651,19.65270935960591,500.0,197,635.0,122.0,0.1921259842519685,0.16591133004926112,False,0.2626728110599078,0.045454545454545456,0.0,,,90,person,0.2,0.5,heuristic,mask2former_swinb_cityscapes,acdc_night_targetcal100,50
,,,,-1,True,,0.609289328832476,0.005279086995869875,,,406,,,0.5952755905511811,,False,,,,,,90,person,0.2,0.5,argmax,mask2former_swinb_cityscapes,acdc_night_targetcal100,50
,,,0.9998962471584182,664,True,0.13569321533923304,0.13569321533923304,0.13808859884738922,23.05665024630542,650.0,113,149.0,20.0,0.1342281879194631,0.15221674876847288,False,0.18181818181818182,0.0,0.0,,,90,rider,0.05,0.1,region_crc,mask2former_swinb_cityscapes,acdc_night_targetcal100,33
,,,0.9997986275750138,616,True,0.18436578171091444,0.18436578171091447,0.09772979468107224,19.41871921182266,600.0,113,149.0,26.0,0.174496644295302,0.16285714285714287,False,0.22727272727272727,0.03225806451612903,0.0,,,90,rider,0.05,0.1,heuristic,mask2former_swinb_cityscapes,acdc_night_targetcal100,33
,,,,-1,True,,0.78023598820059,0.0004164196434430778,,,406,,,0.785234899328859,,False,,,,,,90,rider,0.05,0.1,argmax,mask2former_swinb_cityscapes,acdc_night_targetcal100,33
,,,0.9997986275750138,616,True,0.18436578171091444,0.18436578171091447,0.09772979468107224,19.41871921182266,600.0,113,149.0,26.0,0.174496644295302,0.16285714285714287,False,0.22727272727272727,0.03225806451612903,0.0,,,90,rider,0.1,0.1,region_crc,mask2former_swinb_cityscapes,acdc_night_targetcal100,33
,,,0.9997271022217192,594,True,0.19321533923303832,0.19321533923303838,0.08240336179733276,17.529556650246306,575.0,113,149.0,27.0,0.18120805369127516,0.17300492610837442,False,0.23636363636363636,0.03225806451612903,0.0,,,90,rider,0.1,0.1,heuristic,mask2former_swinb_cityscapes,acdc_night_targetcal100,33
,,,,-1,True,,0.78023598820059,0.0004164196434430778,,,406,,,0.785234899328859,,False,,,,,,90,rider,0.1,0.1,argmax,mask2former_swinb_cityscapes,acdc_night_targetcal100,33
,,,0.9994847713554182,548,True,0.21976401179941002,0.21976401179941002,0.059519924223423004,14.192118226600986,525.0,113,149.0,30.0,0.20134228187919462,0.13492610837438423,False,0.2636363636363636,0.03225806451612903,0.0,,,90,rider,0.2,0.1,region_crc,mask2former_swinb_cityscapes,acdc_night_targetcal100,33
,,,0.9992201698894767,518,True,0.2389380530973451,0.23893805309734514,0.04657512903213501,12.463054187192117,500.0,113,149.0,34.0,0.22818791946308725,0.14290640394088672,False,0.2909090909090909,0.06451612903225806,0.0,,,90,rider,0.2,0.1,heuristic,mask2former_swinb_cityscapes,acdc_night_targetcal100,33
,,,,-1,True,,0.78023598820059,0.0004164196434430778,,,406,,,0.785234899328859,,False,,,,,,90,rider,0.2,0.1,argmax,mask2former_swinb_cityscapes,acdc_night_targetcal100,33
,,,0.999907103361322,672,True,0.18436578171091444,0.18436578171091447,0.14448408782482147,23.05665024630542,650.0,113,149.0,26.0,0.174496644295302,0.15546798029556652,False,0.22727272727272727,0.03225806451612903,0.0,,,90,rider,0.05,0.5,region_crc,mask2former_swinb_cityscapes,acdc_night_targetcal100,33
,,,0.999893340387877,662,True,0.19321533923303832,0.19321533923303838,0.13643838465213776,23.05665024630542,650.0,113,149.0,27.0,0.18120805369127516,0.14822660098522172,False,0.23636363636363636,0.03225806451612903,0.0,,,90,rider,0.05,0.5,heuristic,mask2former_swinb_cityscapes,acdc_night_targetcal100,33
,,,,-1,True,,0.8377581120943953,0.0004164196434430778,,,406,,,0.8456375838926175,,False,,,,,,90,rider,0.05,0.5,argmax,mask2former_swinb_cityscapes,acdc_night_targetcal100,33
,,,0.999893340387877,662,True,0.19321533923303832,0.19321533923303838,0.13643838465213776,23.05665024630542,650.0,113,149.0,27.0,0.18120805369127516,0.14822660098522172,False,0.23636363636363636,0.03225806451612903,0.0,,,90,rider,0.1,0.5,region_crc,mask2former_swinb_cityscapes,acdc_night_targetcal100,33
,,,0.999882510244506,655,True,0.19321533923303832,0.19321533923303838,0.13013948500156403,23.05665024630542,650.0,113,149.0,27.0,0.18120805369127516,0.15896551724137925,False,0.23636363636363636,0.03225806451612903,0.0,,,90,rider,0.1,0.5,heuristic,mask2former_swinb_cityscapes,acdc_night_targetcal100,33
,,,,-1,True,,0.8377581120943953,0.0004164196434430778,,,406,,,0.8456375838926175,,False,,,,,,90,rider,0.1,0.5,argmax,mask2former_swinb_cityscapes,acdc_night_targetcal100,33
,,,0.999738181699178,597,True,0.2374631268436578,0.2374631268436578,0.08450283855199814,17.529556650246306,575.0,113,149.0,33.0,0.2214765100671141,0.17793103448275865,False,0.2727272727272727,0.0967741935483871,0.0,,,90,rider,0.2,0.5,region_crc,mask2former_swinb_cityscapes,acdc_night_targetcal100,33
,,,0.9997308465196073,595,True,0.2374631268436578,0.2374631268436578,0.08303326368331909,17.529556650246306,575.0,113,149.0,33.0,0.2214765100671141,0.17546798029556654,False,0.2727272727272727,0.0967741935483871,0.0,,,90,rider,0.2,0.5,heuristic,mask2former_swinb_cityscapes,acdc_night_targetcal100,33
,,,,-1,True,,0.8377581120943953,0.0004164196434430778,,,406,,,0.8456375838926175,,False,,,,,,90,rider,0.2,0.5,argmax,mask2former_swinb_cityscapes,acdc_night_targetcal100,33
,,,1.0,1000,False,0.0,0.0,1.0,0.7241379310344828,1000.0,112,271.0,0.0,0.0,0.0,False,0.0,0.0,0.0,,,90,bicycle,0.05,0.1,region_crc,mask2former_swinb_cityscapes,acdc_night_targetcal100,18
,,,0.9999285503673925,691,True,0.12727465986394557,0.12727465986394557,0.14454232156276703,25.692118226600986,675.0,112,271.0,30.0,0.11070110701107011,0.10137931034482761,False,0.16560509554140126,0.045454545454545456,0.0,,,90,bicycle,0.05,0.1,heuristic,mask2former_swinb_cityscapes,acdc_night_targetcal100,18
,,,,-1,True,,0.8294820011337869,0.0007166577852331102,,,406,,,0.8007380073800738,,False,,,,,,90,bicycle,0.05,0.1,argmax,mask2former_swinb_cityscapes,acdc_night_targetcal100,18
,,,0.9999285503673925,691,True,0.12727465986394557,0.12727465986394557,0.14454232156276703,25.692118226600986,675.0,112,271.0,30.0,0.11070110701107011,0.10137931034482761,False,0.16560509554140126,0.045454545454545456,0.0,,,90,bicycle,0.1,0.1,region_crc,mask2former_swinb_cityscapes,acdc_night_targetcal100,18
,,,0.999885712166521,657,True,0.15087159863945576,0.1508715986394558,0.11122900247573853,24.14039408866995,650.0,112,271.0,37.0,0.13653136531365315,0.1232019704433498,False,0.20382165605095542,0.056818181818181816,0.0,,,90,bicycle,0.1,0.1,heuristic,mask2former_swinb_cityscapes,acdc_night_targetcal100,18
,,,,-1,True,,0.8294820011337869,0.0007166577852331102,,,406,,,0.8007380073800738,,False,,,,,,90,bicycle,0.1,0.1,argmax,mask2former_swinb_cityscapes,acdc_night_targetcal100,18
,,,0.999868780010098,647,True,0.15235969387755102,0.15235969387755102,0.10074803978204727,21.90394088669951,625.0,112,271.0,38.0,0.14022140221402213,0.12551724137931042,False,0.21019108280254778,0.056818181818181816,0.0,,,90,bicycle,0.2,0.1,region_crc,mask2former_swinb_cityscapes,acdc_night_targetcal100,18
,,,0.998786611149535,486,True,0.3666312358276644,0.3666312358276644,0.022752845659852028,10.211822660098521,475.0,112,271.0,95.0,0.3505535055350554,0.10655172413793101,False,0.5095541401273885,0.14772727272727273,0.07692307692307693,,,90,bicycle,0.2,0.1,heuristic,mask2former_swinb_cityscapes,acdc_night_targetcal100,18
,,,,-1,True,,0.8294820011337869,0.0007166577852331102,,,406,,,0.8007380073800738,,False,,,,,,90,bicycle,0.2,0.1,argmax,mask2former_swinb_cityscapes,acdc_night_targetcal100,18
,,,1.0,1000,False,0.0,0.0,1.0,0.7241379310344828,1000.0,112,271.0,0.0,0.0,0.0,False,0.0,0.0,0.0,,,90,bicycle,0.05,0.5,region_crc,mask2former_swinb_cityscapes,acdc_night_targetcal100,18
,,,0.9999815498458082,789,True,0.07918792517006802,0.07918792517006802,0.2988252639770508,28.7192118226601,775.0,112,271.0,18.0,0.06642066420664207,0.16000000000000003,False,0.08917197452229299,0.045454545454545456,0.0,,,90,bicycle,0.05,0.5,heuristic,mask2former_swinb_cityscapes,acdc_night_targetcal100,18
,,,,-1,True,,0.8907631802721089,0.0007166577852331102,,,406,,,0.8634686346863468,,False,,,,,,90,bicycle,0.05,0.5,argmax,mask2former_swinb_cityscapes,acdc_night_targetcal100,18
,,,0.9999815498458082,789,True,0.07918792517006802,0.07918792517006802,0.2988252639770508,28.7192118226601,775.0,112,271.0,18.0,0.06642066420664207,0.16000000000000003,False,0.08917197452229299,0.045454545454545456,0.0,,,90,bicycle,0.1,0.5,region_crc,mask2former_swinb_cityscapes,acdc_night_targetcal100,18
,,,0.9999779199526698,776,True,0.09980867346938775,0.09980867346938774,0.2736535370349884,28.7192118226601,775.0,112,271.0,23.0,0.08487084870848709,0.1531034482758621,False,0.10828025477707007,0.06818181818181818,0.0,,,90,bicycle,0.1,0.5,heuristic,mask2former_swinb_cityscapes,acdc_night_targetcal100,18
,,,,-1,True,,0.8907631802721089,0.0007166577852331102,,,406,,,0.8634686346863468,,False,,,,,,90,bicycle,0.1,0.5,argmax,mask2former_swinb_cityscapes,acdc_night_targetcal100,18
,,,0.9998948038126176,663,True,0.21613520408163264,0.21613520408163267,0.11664052307605743,24.14039408866995,650.0,112,271.0,51.0,0.1881918819188192,0.12305418719211825,False,0.267515923566879,0.09090909090909091,0.038461538461538464,,,90,bicycle,0.2,0.5,region_crc,mask2former_swinb_cityscapes,acdc_night_targetcal100,18
,,,0.9992201698894767,518,True,0.42794075963718825,0.4279407596371882,0.031729407608509064,12.029556650246306,500.0,112,271.0,111.0,0.4095940959409594,0.13714285714285712,False,0.5605095541401274,0.22727272727272727,0.11538461538461539,,,90,bicycle,0.2,0.5,heuristic,mask2former_swinb_cityscapes,acdc_night_targetcal100,18
,,,,-1,True,,0.8907631802721089,0.0007166577852331102,,,406,,,0.8634686346863468,,False,,,,,,90,bicycle,0.2,0.5,argmax,mask2former_swinb_cityscapes,acdc_night_targetcal100,18
,,,0.9999411156344644,705,True,0.04970416639198365,0.04970416639198365,0.2982759177684784,28.57881773399015,700.0,197,663.0,26.0,0.0392156862745098,0.08527093596059121,False,0.05530973451327434,0.005405405405405406,0.0,,,91,person,0.05,0.1,region_crc,mask2former_swinb_cityscapes,acdc_night_targetcal100,50
,,,0.9999265486131843,689,True,0.05198843035137451,0.051988430351374515,0.2700476348400116,28.96551724137931,675.0,197,663.0,29.0,0.043740573152337855,0.08773399014778327,False,0.059734513274336286,0.010810810810810811,0.0,,,91,person,0.05,0.1,heuristic,mask2former_swinb_cityscapes,acdc_night_targetcal100,50
,,,,-1,True,,0.510252311140636,0.005149875767529011,,,406,,,0.4841628959276018,,False,,,,,,91,person,0.05,0.1,argmax,mask2former_swinb_cityscapes,acdc_night_targetcal100,50
,,,0.9999058110403477,671,True,0.059048882589491716,0.059048882589491716,0.2374292016029358,29.554187192118228,650.0,197,663.0,34.0,0.05128205128205128,0.08990147783251234,False,0.06858407079646017,0.016216216216216217,0.0,,,91,person,0.1,0.1,region_crc,mask2former_swinb_cityscapes,acdc_night_targetcal100,50
,,,0.9996909704567486,585,True,0.09529742676950799,0.09529742676950799,0.13248178362846375,24.891625615763548,575.0,197,663.0,62.0,0.09351432880844646,0.09817733990147781,False,0.12831858407079647,0.021621621621621623,0.0,,,91,person,0.1,0.1,heuristic,mask2former_swinb_cityscapes,acdc_night_targetcal100,50
,,,,-1,True,,0.510252311140636,0.005149875767529011,,,406,,,0.4841628959276018,,False,,,,,,91,person,0.1,0.1,argmax,mask2former_swinb_cityscapes,acdc_night_targetcal100,50
,,,0.9912501622477257,343,True,0.2655058632850511,0.2655058632850511,0.025748515501618385,8.74384236453202,325.0,197,663.0,165.0,0.248868778280543,0.0892610837438424,False,0.34292035398230086,0.05405405405405406,0.0,,,91,person,0.2,0.1,region_crc,mask2former_swinb_cityscapes,acdc_night_targetcal100,50
,,,0.9904939520634372,337,True,0.2766733759754064,0.2766733759754064,0.024550974369049072,8.74384236453202,325.0,197,663.0,169.0,0.2549019607843137,0.07630541871921181,False,0.3495575221238938,0.05945945945945946,0.0,,,91,person,0.2,0.1,heuristic,mask2former_swinb_cityscapes,acdc_night_targetcal100,50
,,,,-1,True,,0.510252311140636,0.005149875767529011,,,406,,,0.4841628959276018,,False,,,,,,91,person,0.2,0.1,argmax,mask2former_swinb_cityscapes,acdc_night_targetcal100,50
,,,0.9999782229022764,777,True,0.040569033335530795,0.040569033335530795,0.4448447525501251,24.376847290640395,775.0,197,663.0,21.0,0.03167420814479638,0.08206896551724141,False,0.03982300884955752,0.016216216216216217,0.0,,,91,person,0.05,0.5,region_crc,mask2former_swinb_cityscapes,acdc_night_targetcal100,50
,,,0.9999527936958736,721,True,0.06772062539829038,0.06772062539829037,0.3266008496284485,28.57881773399015,700.0,197,663.0,40.0,0.06033182503770739,0.08049261083743842,False,0.07964601769911504,0.021621621621621623,0.0,,,91,person,0.05,0.5,heuristic,mask2former_swinb_cityscapes,acdc_night_targetcal100,50
,,,,-1,True,,0.5992370291862678,0.005149875767529011,,,406,,,0.5746606334841629,,False,,,,,,91,person,0.05,0.5,argmax,mask2former_swinb_cityscapes,acdc_night_targetcal100,50
,,,0.9999435063025188,708,True,0.07695958863471553,0.07695958863471554,0.3031632602214813,28.57881773399015,700.0,197,663.0,45.0,0.06787330316742081,0.08034482758620687,False,0.09070796460176991,0.021621621621621623,0.0,,,91,person,0.1,0.5,region_crc,mask2former_swinb_cityscapes,acdc_night_targetcal100,50
,,,0.9999045007413978,670,True,0.09024435801085547,0.09024435801085547,0.2359442561864853,29.554187192118228,650.0,197,663.0,56.0,0.08446455505279035,0.08743842364532017,False,0.11504424778761062,0.021621621621621623,0.0,,,91,person,0.1,0.5,heuristic,mask2former_swinb_cityscapes,acdc_night_targetcal100,50
,,,,-1,True,,0.5992370291862678,0.005149875767529011,,,406,,,0.5746606334841629,,False,,,,,,91,person,0.1,0.5,argmax,mask2former_swinb_cityscapes,acdc_night_targetcal100,50
,,,0.998085744074979,453,True,0.24519415299872152,0.24519415299872152,0.05631200596690178,15.746305418719212,450.0,197,663.0,151.0,0.2277526395173454,0.13,False,0.30973451327433627,0.05405405405405406,0.038461538461538464,,,91,person,0.2,0.5,region_crc,mask2former_swinb_cityscapes,acdc_night_targetcal100,50
,,,0.9946048937748487,378,True,0.30528520407962034,0.30528520407962034,0.03382137790322304,11.295566502463053,375.0,197,663.0,190.0,0.2865761689291101,0.07059113300492609,False,0.3893805309734513,0.07027027027027027,0.038461538461538464,,,91,person,0.2,0.5,heuristic,mask2former_swinb_cityscapes,acdc_night_targetcal100,50
,,,,-1,True,,0.5992370291862678,0.005149875767529011,,,406,,,0.5746606334841629,,False,,,,,,91,person,0.2,0.5,argmax,mask2former_swinb_cityscapes,acdc_night_targetcal100,50
,,,0.9999973331413354,929,True,0.0,0.0,0.6309649348258972,13.347290640394089,925.0,111,145.0,0.0,0.0,0.11423645320197046,False,0.0,0.0,0.0,,,91,rider,0.05,0.1,region_crc,mask2former_swinb_cityscapes,acdc_night_targetcal100,35
,,,0.999988779815457,825,True,0.02252252252252252,0.02252252252252252,0.3948191702365875,24.300492610837438,825.0,111,145.0,3.0,0.020689655172413793,0.09935960591133008,False,0.027522935779816515,0.0,0.0,,,91,rider,0.05,0.1,heuristic,mask2former_swinb_cityscapes,acdc_night_targetcal100,35
,,,,-1,True,,0.7672672672672673,0.00037773363874293864,,,406,,,0.7724137931034483,,False,,,,,,91,rider,0.05,0.1,argmax,mask2former_swinb_cityscapes,acdc_night_targetcal100,35
,,,0.9998990747113923,666,True,0.11711711711711711,0.11711711711711711,0.13033589720726013,23.37192118226601,650.0,111,145.0,17.0,0.11724137931034483,0.06876847290640387,False,0.1559633027522936,0.0,0.0,,,91,rider,0.1,0.1,region_crc,mask2former_swinb_cityscapes,acdc_night_targetcal100,35
,,,0.9998903521803857,660,True,0.11711711711711711,0.11711711711711711,0.12526364624500275,23.37192118226601,650.0,111,145.0,17.0,0.11724137931034483,0.06615763546798026,False,0.1559633027522936,0.0,0.0,,,91,rider,0.1,0.1,heuristic,mask2former_swinb_cityscapes,acdc_night_targetcal100,35
,,,,-1,True,,0.7672672672672673,0.00037773363874293864,,,406,,,0.7724137931034483,,False,,,,,,91,rider,0.1,0.1,argmax,mask2former_swinb_cityscapes,acdc_night_targetcal100,35
,,,0.9998613244171128,643,True,0.13513513513513514,0.13513513513513514,0.11067260056734085,21.411330049261085,625.0,111,145.0,19.0,0.1310344827586207,0.06945812807881774,False,0.1743119266055046,0.0,0.0,,,91,rider,0.2,0.1,region_crc,mask2former_swinb_cityscapes,acdc_night_targetcal100,35
,,,0.9997986275750138,616,True,0.14414414414414414,0.14414414414414414,0.08959168195724487,19.48768472906404,600.0,111,145.0,20.0,0.13793103448275862,0.09581280788177338,False,0.1834862385321101,0.0,0.0,,,91,rider,0.2,0.1,heuristic,mask2former_swinb_cityscapes,acdc_night_targetcal100,35
,,,,-1,True,,0.7672672672672673,0.00037773363874293864,,,406,,,0.7724137931034483,,False,,,,,,91,rider,0.2,0.1,argmax,mask2former_swinb_cityscapes,acdc_night_targetcal100,35
,,,0.9999984004419714,966,True,0.0,0.0,0.7119779586791992,9.997536945812808,966.0,111,145.0,0.0,0.0,0.11206896551724138,False,0.0,0.0,0.0,,,91,rider,0.05,0.5,region_crc,mask2former_swinb_cityscapes,acdc_night_targetcal100,35
,,,0.9999930816902908,860,True,0.036036036036036036,0.036036036036036036,0.4772952198982239,22.113300492610836,850.0,111,145.0,5.0,0.034482758620689655,0.09295566502463051,False,0.045871559633027525,0.0,0.0,,,91,rider,0.05,0.5,heuristic,mask2former_swinb_cityscapes,acdc_night_targetcal100,35
,,,,-1,True,,0.8123123123123124,0.00037773363874293864,,,406,,,0.8206896551724138,,False,,,,,,91,rider,0.05,0.5,argmax,mask2former_swinb_cityscapes,acdc_night_targetcal100,35
,,,0.9999899538420972,833,True,0.036036036036036036,0.036036036036036036,0.4133055508136749,24.300492610837438,825.0,111,145.0,5.0,0.034482758620689655,0.10660098522167488,False,0.045871559633027525,0.0,0.0,,,91,rider,0.1,0.5,region_crc,mask2former_swinb_cityscapes,acdc_night_targetcal100,35
,,,0.999985003151645,804,True,0.05405405405405406,0.05405405405405406,0.3466184139251709,26.07881773399015,800.0,111,145.0,7.0,0.04827586206896552,0.0814285714285714,False,0.06422018348623854,0.0,0.0,,,91,rider,0.1,0.5,heuristic,mask2former_swinb_cityscapes,acdc_night_targetcal100,35
,,,,-1,True,,0.8123123123123124,0.00037773363874293864,,,406,,,0.8206896551724138,,False,,,,,,91,rider,0.1,0.5,argmax,mask2former_swinb_cityscapes,acdc_night_targetcal100,35
,,,0.999901825205698,668,True,0.14414414414414414,0.14414414414414414,0.13198132812976837,23.37192118226601,650.0,111,145.0,20.0,0.13793103448275862,0.06876847290640387,False,0.1834862385321101,0.0,0.0,,,91,rider,0.2,0.5,region_crc,mask2former_swinb_cityscapes,acdc_night_targetcal100,35
,,,0.999882510244506,655,True,0.16216216216216217,0.16216216216216217,0.12078533321619034,23.37192118226601,650.0,111,145.0,22.0,0.15172413793103448,0.06369458128078809,False,0.2018348623853211,0.0,0.0,,,91,rider,0.2,0.5,heuristic,mask2former_swinb_cityscapes,acdc_night_targetcal100,35
,,,,-1,True,,0.8123123123123124,0.00037773363874293864,,,406,,,0.8206896551724138,,False,,,,,,91,rider,0.2,0.5,argmax,mask2former_swinb_cityscapes,acdc_night_targetcal100,35
,,,0.9999974414141131,932,True,0.00980392156862745,0.00980392156862745,0.6313188076019287,15.77832512315271,925.0,102,234.0,1.0,0.004273504273504274,0.0921674876847291,False,0.007575757575757576,0.0,0.0,,,91,bicycle,0.05,0.1,region_crc,mask2former_swinb_cityscapes,acdc_night_targetcal100,28
,,,0.9999867565846481,813,True,0.027544351073762838,0.027544351073762838,0.33481767773628235,28.571428571428573,800.0,102,234.0,5.0,0.021367521367521368,0.0572906403940886,False,0.03787878787878788,0.0,0.0,,,91,bicycle,0.05,0.1,heuristic,mask2former_swinb_cityscapes,acdc_night_targetcal100,28
,,,,-1,True,,0.8183201058201055,0.0006042607128620148,,,406,,,0.782051282051282,,False,,,,,,91,bicycle,0.05,0.1,argmax,mask2former_swinb_cityscapes,acdc_night_targetcal100,28
,,,0.9999830175634754,795,True,0.029178338001867414,0.029178338001867414,0.2966829836368561,29.54433497536946,775.0,102,234.0,6.0,0.02564102564102564,0.07093596059113294,False,0.045454545454545456,0.0,0.0,,,91,bicycle,0.1,0.1,region_crc,mask2former_swinb_cityscapes,acdc_night_targetcal100,28
,,,0.999748811356849,600,True,0.22495331465919702,0.22495331465919702,0.062270671129226685,20.49014778325123,600.0,102,234.0,51.0,0.21794871794871795,0.07655172413793099,False,0.3409090909090909,0.07792207792207792,0.0,,,91,bicycle,0.1,0.1,heuristic,mask2former_swinb_cityscapes,acdc_night_targetcal100,28
,,,,-1,True,,0.8183201058201055,0.0006042607128620148,,,406,,,0.782051282051282,,False,,,,,,91,bicycle,0.1,0.1,argmax,mask2former_swinb_cityscapes,acdc_night_targetcal100,28
,,,0.9996352460530744,573,True,0.2939309056956116,0.2939309056956116,0.050093889236450195,15.625615763546797,550.0,102,234.0,64.0,0.27350427350427353,0.06147783251231531,False,0.4090909090909091,0.1038961038961039,0.08,,,91,bicycle,0.2,0.1,region_crc,mask2former_swinb_cityscapes,acdc_night_targetcal100,28
,,,0.9993661302887431,533,True,0.32615935262994084,0.32615935262994084,0.035237640142440796,13.625615763546797,525.0,102,234.0,72.0,0.3076923076923077,0.10049261083743832,False,0.4621212121212121,0.11688311688311688,0.08,,,91,bicycle,0.2,0.1,heuristic,mask2former_swinb_cityscapes,acdc_night_targetcal100,28
,,,,-1,True,,0.8183201058201055,0.0006042607128620148,,,406,,,0.782051282051282,,False,,,,,,91,bicycle,0.2,0.1,argmax,mask2former_swinb_cityscapes,acdc_night_targetcal100,28
,,,0.9999986448105876,978,True,0.0,0.0,0.7542084455490112,9.524630541871922,978.0,102,234.0,0.0,0.0,0.07596059113300493,False,0.0,0.0,0.0,,,91,bicycle,0.05,0.5,region_crc,mask2former_swinb_cityscapes,acdc_night_targetcal100,28
,,,0.9999982860426925,961,True,0.00980392156862745,0.00980392156862745,0.7066569328308105,11.448275862068966,961.0,102,234.0,1.0,0.004273504273504274,0.0574384236453202,False,0.007575757575757576,0.0,0.0,,,91,bicycle,0.05,0.5,heuristic,mask2former_swinb_cityscapes,acdc_night_targetcal100,28
,,,,-1,True,,0.8741713352007467,0.0006042607128620148,,,406,,,0.8461538461538461,,False,,,,,,91,bicycle,0.05,0.5,argmax,mask2former_swinb_cityscapes,acdc_night_targetcal100,28
,,,0.9999942983572772,874,True,0.02404295051353875,0.02404295051353875,0.4822205901145935,24.657635467980295,850.0,102,234.0,5.0,0.021367521367521368,0.05990147783251232,False,0.030303030303030304,0.012987012987012988,0.0,,,91,bicycle,0.1,0.5,region_crc,mask2former_swinb_cityscapes,acdc_night_targetcal100,28
,,,0.9999739384645,764,True,0.11099439775910364,0.11099439775910364,0.24087944626808167,29.591133004926107,750.0,102,234.0,23.0,0.09829059829059829,0.04669950738916262,False,0.12878787878787878,0.07792207792207792,0.0,,,91,bicycle,0.1,0.5,heuristic,mask2former_swinb_cityscapes,acdc_night_targetcal100,28
,,,,-1,True,,0.8741713352007467,0.0006042607128620148,,,406,,,0.8461538461538461,,False,,,,,,91,bicycle,0.1,0.5,argmax,mask2former_swinb_cityscapes,acdc_night_targetcal100,28
,,,0.999682312592935,583,True,0.3438608776844071,0.3438608776844071,0.0542692169547081,17.99014778325123,575.0,102,234.0,78.0,0.3333333333333333,0.06837438423645315,False,0.45454545454545453,0.19480519480519481,0.12,,,91,bicycle,0.2,0.5,region_crc,mask2former_swinb_cityscapes,acdc_night_targetcal100,28
,,,0.9995926197221959,565,True,0.37436196700902585,0.3743619670090258,0.0465313121676445,15.625615763546797,550.0,102,234.0,84.0,0.358974358974359,0.06088669950738912,False,0.5,0.19480519480519481,0.12,,,91,bicycle,0.2,0.5,heuristic,mask2former_swinb_cityscapes,acdc_night_targetcal100,28
,,,,-1,True,,0.8741713352007467,0.0006042607128620148,,,406,,,0.8461538461538461,,False,,,,,,91,bicycle,0.2,0.5,argmax,mask2former_swinb_cityscapes,acdc_night_targetcal100,28
,,,0.9999871175044831,815,True,0.011121062845200777,0.011121062845200777,0.516646683216095,21.77093596059113,800.0,203,683.0,5.0,0.007320644216691069,0.13783251231527094,False,0.011111111111111112,0.0,0.0,,,92,person,0.05,0.1,region_crc,mask2former_swinb_cityscapes,acdc_night_targetcal100,44
,,,0.9999610954855006,735,True,0.028819866504595573,0.028819866504595563,0.3498518764972687,27.751231527093594,725.0,203,683.0,14.0,0.020497803806734993,0.10197044334975369,False,0.028888888888888888,0.004878048780487805,0.0,,,92,person,0.05,0.1,heuristic,mask2former_swinb_cityscapes,acdc_night_targetcal100,44
,,,,-1,True,,0.4681484497986961,0.005165492184460163,,,406,,,0.46412884333821375,,False,,,,,,92,person,0.05,0.1,argmax,mask2former_swinb_cityscapes,acdc_night_targetcal100,44
,,,0.9999144933287115,678,True,0.05316118610453585,0.05316118610453585,0.24961206316947937,28.564039408866996,675.0,203,683.0,33.0,0.048316251830161056,0.110935960591133,False,0.06444444444444444,0.01951219512195122,0.0,,,92,person,0.1,0.1,region_crc,mask2former_swinb_cityscapes,acdc_night_targetcal100,44
,,,0.9999058110403477,671,True,0.05383292815558825,0.05383292815558825,0.23840636014938354,28.699507389162562,650.0,203,683.0,35.0,0.05124450951683748,0.11458128078817742,False,0.06888888888888889,0.01951219512195122,0.0,,,92,person,0.1,0.1,heuristic,mask2former_swinb_cityscapes,acdc_night_targetcal100,44
,,,,-1,True,,0.4681484497986961,0.005165492184460163,,,406,,,0.46412884333821375,,False,,,,,,92,person,0.1,0.1,argmax,mask2former_swinb_cityscapes,acdc_night_targetcal100,44
,,,0.9996091591042076,568,True,0.09168745868253257,0.09168745868253259,0.12070341408252716,23.12807881773399,550.0,203,683.0,67.0,0.09809663250366032,0.13201970443349753,False,0.13777777777777778,0.024390243902439025,0.0,,,92,person,0.2,0.1,region_crc,mask2former_swinb_cityscapes,acdc_night_targetcal100,44
,,,0.9994847713554182,548,True,0.10841970016846865,0.10841970016846865,0.10547197610139847,21.17487684729064,525.0,203,683.0,76.0,0.11127379209370425,0.12650246305418716,False,0.15777777777777777,0.024390243902439025,0.0,,,92,person,0.2,0.1,heuristic,mask2former_swinb_cityscapes,acdc_night_targetcal100,44
,,,,-1,True,,0.4681484497986961,0.005165492184460163,,,406,,,0.46412884333821375,,False,,,,,,92,person,0.2,0.1,argmax,mask2former_swinb_cityscapes,acdc_night_targetcal100,44
,,,0.9999895287145195,830,True,0.024755827095728572,0.024755827095728572,0.543129026889801,19.738916256157637,825.0,203,683.0,14.0,0.020497803806734993,0.16783251231527097,False,0.02666666666666667,0.00975609756097561,0.0,,,92,person,0.05,0.5,region_crc,mask2former_swinb_cityscapes,acdc_night_targetcal100,44
,,,0.9999712921941798,757,True,0.04293951122768857,0.04293951122768857,0.3941025733947754,25.958128078817733,750.0,203,683.0,29.0,0.0424597364568082,0.09660098522167493,False,0.05555555555555555,0.01951219512195122,0.0,,,92,person,0.05,0.5,heuristic,mask2former_swinb_cityscapes,acdc_night_targetcal100,44
,,,,-1,True,,0.5533220200707886,0.005165492184460163,,,406,,,0.5490483162518301,,False,,,,,,92,person,0.05,0.5,argmax,mask2former_swinb_cityscapes,acdc_night_targetcal100,44
,,,0.9999527936958736,721,True,0.0597853091079692,0.0597853091079692,0.32412299513816833,28.25615763546798,700.0,203,683.0,41.0,0.060029282576866766,0.10487684729064028,False,0.08,0.024390243902439025,0.0,,,92,person,0.1,0.5,region_crc,mask2former_swinb_cityscapes,acdc_night_targetcal100,44
,,,0.9999457999109599,711,True,0.06926433582837524,0.06926433582837524,0.3070490062236786,28.25615763546798,700.0,203,683.0,45.0,0.06588579795021962,0.08793103448275863,False,0.08888888888888889,0.024390243902439025,0.0,,,92,person,0.1,0.5,heuristic,mask2former_swinb_cityscapes,acdc_night_targetcal100,44
,,,,-1,True,,0.5533220200707886,0.005165492184460163,,,406,,,0.5490483162518301,,False,,,,,,92,person,0.1,0.5,argmax,mask2former_swinb_cityscapes,acdc_night_targetcal100,44
,,,0.9998120683183197,621,True,0.11127620327127717,0.11127620327127717,0.16892674565315247,25.95320197044335,600.0,203,683.0,72.0,0.1054172767203514,0.1291625615763547,False,0.14888888888888888,0.024390243902439025,0.0,,,92,person,0.2,0.5,region_crc,mask2former_swinb_cityscapes,acdc_night_targetcal100,44
,,,0.9997986275750138,616,True,0.11642622566267885,0.11642622566267886,0.1627979725599289,25.95320197044335,600.0,203,683.0,77.0,0.11273792093704246,0.1391625615763547,False,0.16,0.024390243902439025,0.0,,,92,person,0.2,0.5,heuristic,mask2former_swinb_cityscapes,acdc_night_targetcal100,44
,,,,-1,True,,0.5533220200707886,0.005165492184460163,,,406,,,0.5490483162518301,,False,,,,,,92,person,0.2,0.5,argmax,mask2former_swinb_cityscapes,acdc_night_targetcal100,44
,,,0.999988779815457,825,True,0.030913978494623656,0.030913978494623653,0.38055288791656494,23.75615763546798,825.0,124,164.0,5.0,0.03048780487804878,0.1686206896551724,False,0.04,0.0,0.0,,,92,rider,0.05,0.1,region_crc,mask2former_swinb_cityscapes,acdc_night_targetcal100,22
,,,0.9999827813142501,794,True,0.030913978494623656,0.030913978494623653,0.31832900643348694,26.41871921182266,775.0,124,164.0,5.0,0.03048780487804878,0.10640394088669952,False,0.04,0.0,0.0,,,92,rider,0.05,0.1,heuristic,mask2former_swinb_cityscapes,acdc_night_targetcal100,22
,,,,-1,True,,0.7997311827956989,0.00035092461621388793,,,406,,,0.8109756097560976,,False,,,,,,92,rider,0.05,0.1,argmax,mask2former_swinb_cityscapes,acdc_night_targetcal100,22
,,,0.9999827813142501,794,True,0.030913978494623656,0.030913978494623653,0.31832900643348694,26.41871921182266,775.0,124,164.0,5.0,0.03048780487804878,0.10640394088669952,False,0.04,0.0,0.0,,,92,rider,0.1,0.1,region_crc,mask2former_swinb_cityscapes,acdc_night_targetcal100,22
,,,0.9999696610881581,753,True,0.04301075268817204,0.04301075268817204,0.2425401359796524,26.70935960591133,750.0,124,164.0,7.0,0.042682926829268296,0.10842364532019705,False,0.056,0.0,0.0,,,92,rider,0.1,0.1,heuristic,mask2former_swinb_cityscapes,acdc_night_targetcal100,22
,,,,-1,True,,0.7997311827956989,0.00035092461621388793,,,406,,,0.8109756097560976,,False,,,,,,92,rider,0.1,0.1,argmax,mask2former_swinb_cityscapes,acdc_night_targetcal100,22
,,,0.9999402964713416,704,True,0.06317204301075269,0.06317204301075269,0.16870367527008057,24.874384236453203,700.0,124,164.0,11.0,0.06707317073170732,0.12798029556650242,False,0.088,0.0,0.0,,,92,rider,0.2,0.1,region_crc,mask2former_swinb_cityscapes,acdc_night_targetcal100,22
,,,0.9999323917024608,695,True,0.06720430107526881,0.06720430107526881,0.15928952395915985,23.532019704433498,675.0,124,164.0,12.0,0.07317073170731707,0.12320197044334974,False,0.096,0.0,0.0,,,92,rider,0.2,0.1,heuristic,mask2former_swinb_cityscapes,acdc_night_targetcal100,22
,,,,-1,True,,0.7997311827956989,0.00035092461621388793,,,406,,,0.8109756097560976,,False,,,,,,92,rider,0.2,0.1,argmax,mask2former_swinb_cityscapes,acdc_night_targetcal100,22
,,,0.9999899538420972,833,True,0.04704301075268817,0.04704301075268817,0.39727216958999634,23.75615763546798,825.0,124,164.0,8.0,0.04878048780487805,0.16137931034482766,False,0.056,0.030303030303030304,0.0,,,92,rider,0.05,0.5,region_crc,mask2former_swinb_cityscapes,acdc_night_targetcal100,22
,,,0.9999890855966355,827,True,0.04704301075268817,0.04704301075268817,0.3849294185638428,23.75615763546798,825.0,124,164.0,8.0,0.04878048780487805,0.1686206896551724,False,0.056,0.030303030303030304,0.0,,,92,rider,0.05,0.5,heuristic,mask2former_swinb_cityscapes,acdc_night_targetcal100,22
,,,,-1,True,,0.8440860215053763,0.00035092461621388793,,,406,,,0.8597560975609756,,False,,,,,,92,rider,0.05,0.5,argmax,mask2former_swinb_cityscapes,acdc_night_targetcal100,22
,,,0.9999890855966355,827,True,0.04704301075268817,0.04704301075268817,0.3849294185638428,23.75615763546798,825.0,124,164.0,8.0,0.04878048780487805,0.1686206896551724,False,0.056,0.030303030303030304,0.0,,,92,rider,0.1,0.5,region_crc,mask2former_swinb_cityscapes,acdc_night_targetcal100,22
,,,0.9999788163886475,779,True,0.07123655913978495,0.07123655913978494,0.29144689440727234,26.41871921182266,775.0,124,164.0,11.0,0.06707317073170732,0.09054187192118227,False,0.08,0.030303030303030304,0.0,,,92,rider,0.1,0.5,heuristic,mask2former_swinb_cityscapes,acdc_night_targetcal100,22
,,,,-1,True,,0.8440860215053763,0.00035092461621388793,,,406,,,0.8597560975609756,,False,,,,,,92,rider,0.1,0.5,argmax,mask2former_swinb_cityscapes,acdc_night_targetcal100,22
,,,0.9999472770138578,713,True,0.10349462365591397,0.10349462365591397,0.18186886608600616,24.874384236453203,700.0,124,164.0,17.0,0.10365853658536585,0.11334975369458128,False,0.128,0.030303030303030304,0.0,,,92,rider,0.2,0.5,region_crc,mask2former_swinb_cityscapes,acdc_night_targetcal100,22
,,,0.9999472770138578,713,True,0.10349462365591397,0.10349462365591397,0.18186886608600616,24.874384236453203,700.0,124,164.0,17.0,0.10365853658536585,0.11334975369458128,False,0.128,0.030303030303030304,0.0,,,92,rider,0.2,0.5,heuristic,mask2former_swinb_cityscapes,acdc_night_targetcal100,22
,,,,-1,True,,0.8440860215053763,0.00035092461621388793,,,406,,,0.8597560975609756,,False,,,,,,92,rider,0.2,0.5,argmax,mask2former_swinb_cityscapes,acdc_night_targetcal100,22
,,,0.9999641903562897,741,True,0.0787716955941255,0.0787716955941255,0.20353804528713226,28.519704433497537,725.0,107,249.0,16.0,0.0642570281124498,0.08916256157635472,False,0.09523809523809523,0.025,0.0,,,92,bicycle,0.05,0.1,region_crc,mask2former_swinb_cityscapes,acdc_night_targetcal100,23
,,,0.9999621557415282,737,True,0.0803293279928794,0.0803293279928794,0.19687028229236603,28.519704433497537,725.0,107,249.0,17.0,0.06827309236947791,0.1011822660098522,False,0.09523809523809523,0.0375,0.0,,,92,bicycle,0.05,0.1,heuristic,mask2former_swinb_cityscapes,acdc_night_targetcal100,23
,,,,-1,True,,0.8182799287939474,0.0005927543970756233,,,406,,,0.8072289156626506,,False,,,,,,92,bicycle,0.05,0.1,argmax,mask2former_swinb_cityscapes,acdc_night_targetcal100,23
,,,0.9999621557415282,737,True,0.0803293279928794,0.0803293279928794,0.19687028229236603,28.519704433497537,725.0,107,249.0,17.0,0.06827309236947791,0.1011822660098522,False,0.09523809523809523,0.0375,0.0,,,92,bicycle,0.1,0.1,region_crc,mask2former_swinb_cityscapes,acdc_night_targetcal100,23
,,,0.9999605542697925,734,True,0.0803293279928794,0.0803293279928794,0.1924085170030594,28.519704433497537,725.0,107,249.0,17.0,0.06827309236947791,0.11349753694581283,False,0.09523809523809523,0.0375,0.0,,,92,bicycle,0.1,0.1,heuristic,mask2former_swinb_cityscapes,acdc_night_targetcal100,23
,,,,-1,True,,0.8182799287939474,0.0005927543970756233,,,406,,,0.8072289156626506,,False,,,,,,92,bicycle,0.1,0.1,argmax,mask2former_swinb_cityscapes,acdc_night_targetcal100,23
,,,0.9999285503673925,691,True,0.10447263017356476,0.10447263017356476,0.1381305754184723,25.554187192118228,675.0,107,249.0,23.0,0.09236947791164658,0.10945812807881772,False,0.1292517006802721,0.05,0.0,,,92,bicycle,0.2,0.1,region_crc,mask2former_swinb_cityscapes,acdc_night_targetcal100,23
,,,0.9998451183381087,635,True,0.17311971517578995,0.17311971517578992,0.08580964803695679,21.633004926108374,625.0,107,249.0,39.0,0.1566265060240964,0.12236453201970446,False,0.23129251700680273,0.0625,0.0,,,92,bicycle,0.2,0.1,heuristic,mask2former_swinb_cityscapes,acdc_night_targetcal100,23
,,,,-1,True,,0.8182799287939474,0.0005927543970756233,,,406,,,0.8072289156626506,,False,,,,,,92,bicycle,0.2,0.1,argmax,mask2former_swinb_cityscapes,acdc_night_targetcal100,23
,,,0.9999952356901319,887,True,0.024699599465954604,0.024699599465954604,0.5053369402885437,21.91625615763547,875.0,107,249.0,4.0,0.01606425702811245,0.18620689655172418,True,0.027210884353741496,0.0,0.0,,,92,bicycle,0.05,0.5,region_crc,mask2former_swinb_cityscapes,acdc_night_targetcal100,23
,,,0.9999799552797264,783,True,0.08288829550511793,0.08288829550511793,0.27265068888664246,28.47536945812808,775.0,107,249.0,18.0,0.07228915662650602,0.08714285714285719,False,0.10204081632653061,0.0375,0.0,,,92,bicycle,0.05,0.5,heuristic,mask2former_swinb_cityscapes,acdc_night_targetcal100,23
,,,,-1,True,,0.8776479750778816,0.0005927543970756233,,,406,,,0.8634538152610441,,False,,,,,,92,bicycle,0.05,0.5,argmax,mask2former_swinb_cityscapes,acdc_night_targetcal100,23
,,,0.9999799552797264,783,True,0.08288829550511793,0.08288829550511793,0.27265068888664246,28.47536945812808,775.0,107,249.0,18.0,0.07228915662650602,0.08714285714285719,False,0.10204081632653061,0.0375,0.0,,,92,bicycle,0.1,0.5,region_crc,mask2former_swinb_cityscapes,acdc_night_targetcal100,23
,,,0.9999796764298906,782,True,0.08288829550511793,0.08288829550511793,0.27083155512809753,28.47536945812808,775.0,107,249.0,18.0,0.07228915662650602,0.08960591133004925,False,0.10204081632653061,0.0375,0.0,,,92,bicycle,0.1,0.5,heuristic,mask2former_swinb_cityscapes,acdc_night_targetcal100,23
,,,,-1,True,,0.8776479750778816,0.0005927543970756233,,,406,,,0.8634538152610441,,False,,,,,,92,bicycle,0.1,0.5,argmax,mask2former_swinb_cityscapes,acdc_night_targetcal100,23
,,,0.9999739384645,764,True,0.09668446817979529,0.09668446817979529,0.23780740797519684,28.830049261083744,750.0,107,249.0,22.0,0.08835341365461848,0.08408866995073883,False,0.11564625850340136,0.0625,0.0,,,92,bicycle,0.2,0.5,region_crc,mask2former_swinb_cityscapes,acdc_night_targetcal100,23
,,,0.9999728356073116,761,True,0.09668446817979529,0.09668446817979529,0.2335435450077057,28.830049261083744,750.0,107,249.0,22.0,0.08835341365461848,0.08901477832512306,False,0.11564625850340136,0.0625,0.0,,,92,bicycle,0.2,0.5,heuristic,mask2former_swinb_cityscapes,acdc_night_targetcal100,23
,,,,-1,True,,0.8776479750778816,0.0005927543970756233,,,406,,,0.8634538152610441,,False,,,,,,92,bicycle,0.2,0.5,argmax,mask2former_swinb_cityscapes,acdc_night_targetcal100,23
,,,0.9999004594582649,667,True,0.07503873030522776,0.07503873030522776,0.23184925317764282,29.842364532019705,650.0,197,674.0,43.0,0.06379821958456973,0.11423645320197046,False,0.08908685968819599,0.015,0.0,,,93,person,0.05,0.1,region_crc,mask2former_swinb_cityscapes,acdc_night_targetcal100,50
,,,0.9997522577942367,601,True,0.09713725360933484,0.0971372536093348,0.1473284363746643,26.940886699507388,600.0,197,674.0,60.0,0.08902077151335312,0.14201970443349754,False,0.12472160356347439,0.02,0.0,,,93,person,0.05,0.1,heuristic,mask2former_swinb_cityscapes,acdc_night_targetcal100,50
,,,,-1,True,,0.5090087295671052,0.005400591995567083,,,406,,,0.48516320474777447,,False,,,,,,93,person,0.05,0.1,argmax,mask2former_swinb_cityscapes,acdc_night_targetcal100,50
,,,0.9992414224249708,520,True,0.1598761010563041,0.15987610105630412,0.08602742850780487,19.613300492610836,500.0,197,674.0,96.0,0.142433234421365,0.12374384236453201,False,0.20489977728285078,0.02,0.0,,,93,person,0.1,0.1,region_crc,mask2former_swinb_cityscapes,acdc_night_targetcal100,50
,,,0.9990137205143688,501,True,0.16554445977034807,0.16554445977034807,0.07628615945577621,19.613300492610836,500.0,197,674.0,101.0,0.14985163204747776,0.12157635467980293,False,0.21603563474387527,0.02,0.0,,,93,person,0.1,0.1,heuristic,mask2former_swinb_cityscapes,acdc_night_targetcal100,50
,,,,-1,True,,0.5090087295671052,0.005400591995567083,,,406,,,0.48516320474777447,,False,,,,,,93,person,0.1,0.1,argmax,mask2former_swinb_cityscapes,acdc_night_targetcal100,50
,,,0.9975111426817176,434,True,0.1977692851423816,0.1977692851423816,0.049745697528123856,14.573891625615763,425.0,197,674.0,124.0,0.18397626112759644,0.06650246305418717,False,0.26057906458797325,0.035,0.0,,,93,person,0.2,0.1,region_crc,mask2former_swinb_cityscapes,acdc_night_targetcal100,50
,,,0.9967640634307037,415,True,0.20935980967706855,0.20935980967706855,0.04315710812807083,12.874384236453203,400.0,197,674.0,131.0,0.1943620178041543,0.06389162561576356,False,0.27616926503340755,0.035,0.0,,,93,person,0.2,0.1,heuristic,mask2former_swinb_cityscapes,acdc_night_targetcal100,50
,,,,-1,True,,0.5090087295671052,0.005400591995567083,,,406,,,0.48516320474777447,,False,,,,,,93,person,0.2,0.1,argmax,mask2former_swinb_cityscapes,acdc_night_targetcal100,50
,,,0.9999534413906477,722,True,0.07106241896851033,0.07106241896851033,0.3276463449001312,28.554187192118228,700.0,197,674.0,44.0,0.06528189910979229,0.05960591133004922,False,0.08908685968819599,0.02,0.0,,,93,person,0.05,0.5,region_crc,mask2former_swinb_cityscapes,acdc_night_targetcal100,50
,,,0.999901825205698,668,True,0.10440921176961786,0.10440921176961786,0.2333504855632782,29.842364532019705,650.0,197,674.0,63.0,0.09347181008902077,0.11177339901477829,False,0.13140311804008908,0.02,0.0,,,93,person,0.05,0.5,heuristic,mask2former_swinb_cityscapes,acdc_night_targetcal100,50
,,,,-1,True,,0.592369404425242,0.005400591995567083,,,406,,,0.5637982195845698,,False,,,,,,93,person,0.05,0.5,argmax,mask2former_swinb_cityscapes,acdc_night_targetcal100,50
,,,0.9996688688785174,580,True,0.16499283992938815,0.16499283992938815,0.12901754677295685,25.05665024630542,575.0,197,674.0,100.0,0.14836795252225518,0.11896551724137933,False,0.20935412026726058,0.03,0.0,,,93,person,0.1,0.5,region_crc,mask2former_swinb_cityscapes,acdc_night_targetcal100,50
,,,0.9995634841677599,560,True,0.1844997289794244,0.1844997289794244,0.112494096159935,23.82758620689655,550.0,197,674.0,111.0,0.16468842729970326,0.13837438423645315,False,0.23162583518930957,0.035,0.0,,,93,person,0.1,0.5,heuristic,mask2former_swinb_cityscapes,acdc_night_targetcal100,50
,,,,-1,True,,0.592369404425242,0.005400591995567083,,,406,,,0.5637982195845698,,False,,,,,,93,person,0.1,0.5,argmax,mask2former_swinb_cityscapes,acdc_night_targetcal100,50
,,,0.9985678121007264,474,True,0.21779788880042686,0.21779788880042686,0.06470175087451935,16.0,450.0,197,674.0,138.0,0.20474777448071216,0.09881773399014782,False,0.289532293986637,0.04,0.0,,,93,person,0.2,0.5,region_crc,mask2former_swinb_cityscapes,acdc_night_targetcal100,50
,,,0.9984653830172007,469,True,0.22305299748193147,0.2230529974819315,0.06284182518720627,16.0,450.0,197,674.0,142.0,0.21068249258160238,0.09201970443349755,False,0.29398663697104677,0.045,0.04,,,93,person,0.2,0.5,heuristic,mask2former_swinb_cityscapes,acdc_night_targetcal100,50
,,,,-1,True,,0.592369404425242,0.005400591995567083,,,406,,,0.5637982195845698,,False,,,,,,93,person,0.2,0.5,argmax,mask2former_swinb_cityscapes,acdc_night_targetcal100,50
,,,0.9999827813142501,794,True,0.04131054131054131,0.04131054131054131,0.32019537687301636,27.3128078817734,775.0,117,157.0,6.0,0.03821656050955414,0.0810837438423645,False,0.05217391304347826,0.0,0.0,,,93,rider,0.05,0.1,region_crc,mask2former_swinb_cityscapes,acdc_night_targetcal100,29
,,,0.9999600055250238,733,True,0.07549857549857548,0.07549857549857548,0.21009960770606995,27.007389162561577,725.0,117,157.0,11.0,0.07006369426751592,0.0730541871921182,False,0.09565217391304348,0.0,0.0,,,93,rider,0.05,0.1,heuristic,mask2former_swinb_cityscapes,acdc_night_targetcal100,29
,,,,-1,True,,0.792022792022792,0.0003826749452855438,,,406,,,0.7961783439490446,,False,,,,,,93,rider,0.05,0.1,argmax,mask2former_swinb_cityscapes,acdc_night_targetcal100,29
,,,0.9998775383800735,652,True,0.14387464387464385,0.14387464387464388,0.1186474859714508,23.0,650.0,117,157.0,22.0,0.14012738853503184,0.08364532019704433,False,0.19130434782608696,0.0,0.0,,,93,rider,0.1,0.1,region_crc,mask2former_swinb_cityscapes,acdc_night_targetcal100,29
,,,0.9998775383800735,652,True,0.14387464387464385,0.14387464387464388,0.1186474859714508,23.0,650.0,117,157.0,22.0,0.14012738853503184,0.08364532019704433,False,0.19130434782608696,0.0,0.0,,,93,rider,0.1,0.1,heuristic,mask2former_swinb_cityscapes,acdc_night_targetcal100,29
,,,,-1,True,,0.792022792022792,0.0003826749452855438,,,406,,,0.7961783439490446,,False,,,,,,93,rider,0.1,0.1,argmax,mask2former_swinb_cityscapes,acdc_night_targetcal100,29
,,,0.9992201698894767,518,True,0.24786324786324787,0.24786324786324787,0.04390522837638855,12.379310344827585,500.0,117,157.0,37.0,0.2356687898089172,0.08502463054187193,False,0.28695652173913044,0.11428571428571428,0.0,,,93,rider,0.2,0.1,region_crc,mask2former_swinb_cityscapes,acdc_night_targetcal100,29
,,,0.9990795504282468,506,True,0.254985754985755,0.254985754985755,0.03980131074786186,12.379310344827585,500.0,117,157.0,39.0,0.2484076433121019,0.09226600985221678,False,0.30434782608695654,0.11428571428571428,0.0,,,93,rider,0.2,0.1,heuristic,mask2former_swinb_cityscapes,acdc_night_targetcal100,29
,,,,-1,True,,0.792022792022792,0.0003826749452855438,,,406,,,0.7961783439490446,,False,,,,,,93,rider,0.2,0.1,argmax,mask2former_swinb_cityscapes,acdc_night_targetcal100,29
,,,0.9999890855966355,827,True,0.0584045584045584,0.0584045584045584,0.39647701382637024,23.982758620689655,825.0,117,157.0,9.0,0.05732484076433121,0.06167487684729067,False,0.06956521739130435,0.02857142857142857,0.0,,,93,rider,0.05,0.5,region_crc,mask2former_swinb_cityscapes,acdc_night_targetcal100,29
,,,0.9999670390287823,747,True,0.09686609686609686,0.09686609686609686,0.2326851487159729,27.007389162561577,725.0,117,157.0,14.0,0.08917197452229299,0.06812807881773397,False,0.11304347826086956,0.02857142857142857,0.0,,,93,rider,0.05,0.5,heuristic,mask2former_swinb_cityscapes,acdc_night_targetcal100,29
,,,,-1,True,,0.8433048433048433,0.0003826749452855438,,,406,,,0.8471337579617835,,False,,,,,,93,rider,0.05,0.5,argmax,mask2former_swinb_cityscapes,acdc_night_targetcal100,29
,,,0.9999314511773547,694,True,0.13105413105413105,0.13105413105413105,0.15753518044948578,23.788177339901477,675.0,117,157.0,19.0,0.12101910828025478,0.0992610837438424,False,0.1565217391304348,0.02857142857142857,0.0,,,93,rider,0.1,0.5,region_crc,mask2former_swinb_cityscapes,acdc_night_targetcal100,29
,,,0.9999314511773547,694,True,0.13105413105413105,0.13105413105413105,0.15753518044948578,23.788177339901477,675.0,117,157.0,19.0,0.12101910828025478,0.0992610837438424,False,0.1565217391304348,0.02857142857142857,0.0,,,93,rider,0.1,0.5,heuristic,mask2former_swinb_cityscapes,acdc_night_targetcal100,29
,,,,-1,True,,0.8433048433048433,0.0003826749452855438,,,406,,,0.8471337579617835,,False,,,,,,93,rider,0.1,0.5,argmax,mask2former_swinb_cityscapes,acdc_night_targetcal100,29
,,,0.999738181699178,597,True,0.2336182336182336,0.23361823361823364,0.07874976843595505,17.620689655172413,575.0,117,157.0,34.0,0.21656050955414013,0.1068472906403941,False,0.2608695652173913,0.11428571428571428,0.0,,,93,rider,0.2,0.5,region_crc,mask2former_swinb_cityscapes,acdc_night_targetcal100,29
,,,0.9996778931208716,582,True,0.24643874643874644,0.24643874643874647,0.07050088793039322,17.620689655172413,575.0,117,157.0,36.0,0.22929936305732485,0.11177339901477834,False,0.26956521739130435,0.14285714285714285,0.0,,,93,rider,0.2,0.5,heuristic,mask2former_swinb_cityscapes,acdc_night_targetcal100,29
,,,,-1,True,,0.8433048433048433,0.0003826749452855438,,,406,,,0.8471337579617835,,False,,,,,,93,rider,0.2,0.5,argmax,mask2former_swinb_cityscapes,acdc_night_targetcal100,29
,,,0.9999896723859424,831,True,0.025412087912087912,0.025412087912087912,0.3812335431575775,26.470443349753694,825.0,104,235.0,4.0,0.01702127659574468,0.11768472906403937,False,0.028169014084507043,0.0,0.0,,,93,bicycle,0.05,0.1,region_crc,mask2former_swinb_cityscapes,acdc_night_targetcal100,26
,,,0.9999605542697925,734,True,0.09459706959706961,0.09459706959706958,0.19516430795192719,29.224137931034484,725.0,104,235.0,20.0,0.0851063829787234,0.09004926108374384,False,0.11971830985915492,0.04411764705882353,0.0,,,93,bicycle,0.05,0.1,heuristic,mask2former_swinb_cityscapes,acdc_night_targetcal100,26
,,,,-1,True,,0.8349549755799756,0.0006346011068671942,,,406,,,0.8085106382978723,,False,,,,,,93,bicycle,0.05,0.1,argmax,mask2former_swinb_cityscapes,acdc_night_targetcal100,26
,,,0.9999605542697925,734,True,0.09459706959706961,0.09459706959706958,0.19516430795192719,29.224137931034484,725.0,104,235.0,20.0,0.0851063829787234,0.09004926108374384,False,0.11971830985915492,0.04411764705882353,0.0,,,93,bicycle,0.1,0.1,region_crc,mask2former_swinb_cityscapes,acdc_night_targetcal100,26
,,,0.999950111551254,717,True,0.0978021978021978,0.0978021978021978,0.16885943710803986,27.30295566502463,700.0,104,235.0,21.0,0.08936170212765958,0.05916256157635469,False,0.1267605633802817,0.04411764705882353,0.0,,,93,bicycle,0.1,0.1,heuristic,mask2former_swinb_cityscapes,acdc_night_targetcal100,26
,,,,-1,True,,0.8349549755799756,0.0006346011068671942,,,406,,,0.8085106382978723,,False,,,,,,93,bicycle,0.1,0.1,argmax,mask2former_swinb_cityscapes,acdc_night_targetcal100,26
,,,0.9998451183381087,635,True,0.18125000000000002,0.18125000000000002,0.0863034725189209,22.049261083743843,625.0,104,235.0,39.0,0.16595744680851063,0.06990147783251233,False,0.24647887323943662,0.058823529411764705,0.0,,,93,bicycle,0.2,0.1,region_crc,mask2former_swinb_cityscapes,acdc_night_targetcal100,26
,,,0.9998146468376585,622,True,0.18399725274725276,0.18399725274725276,0.0775693878531456,20.386699507389164,600.0,104,235.0,41.0,0.17446808510638298,0.06788177339901477,False,0.2605633802816901,0.058823529411764705,0.0,,,93,bicycle,0.2,0.1,heuristic,mask2former_swinb_cityscapes,acdc_night_targetcal100,26
,,,,-1,True,,0.8349549755799756,0.0006346011068671942,,,406,,,0.8085106382978723,,False,,,,,,93,bicycle,0.2,0.1,argmax,mask2former_swinb_cityscapes,acdc_night_targetcal100,26
,,,0.9999952356901319,887,True,0.025412087912087912,0.025412087912087912,0.5227022171020508,21.736453201970445,875.0,104,235.0,4.0,0.01702127659574468,0.10960591133004927,False,0.028169014084507043,0.0,0.0,,,93,bicycle,0.05,0.5,region_crc,mask2former_swinb_cityscapes,acdc_night_targetcal100,26
,,,0.9999918341762865,848,True,0.033195970695970696,0.033195970695970696,0.423122763633728,26.470443349753694,825.0,104,235.0,7.0,0.029787234042553193,0.12768472906403938,False,0.04929577464788732,0.0,0.0,,,93,bicycle,0.05,0.5,heuristic,mask2former_swinb_cityscapes,acdc_night_targetcal100,26
,,,,-1,True,,0.871783424908425,0.0006346011068671942,,,406,,,0.8553191489361702,,False,,,,,,93,bicycle,0.05,0.5,argmax,mask2former_swinb_cityscapes,acdc_night_targetcal100,26
,,,0.999991488619618,845,True,0.033195970695970696,0.033195970695970696,0.4155599772930145,26.470443349753694,825.0,104,235.0,7.0,0.029787234042553193,0.12522167487684732,False,0.04929577464788732,0.0,0.0,,,93,bicycle,0.1,0.5,region_crc,mask2former_swinb_cityscapes,acdc_night_targetcal100,26
,,,0.9999742960421724,765,True,0.10645604395604395,0.10645604395604395,0.24513556063175201,29.82512315270936,750.0,104,235.0,20.0,0.0851063829787234,0.10157635467980297,False,0.11267605633802817,0.058823529411764705,0.0,,,93,bicycle,0.1,0.5,heuristic,mask2former_swinb_cityscapes,acdc_night_targetcal100,26
,,,,-1,True,,0.871783424908425,0.0006346011068671942,,,406,,,0.8553191489361702,,False,,,,,,93,bicycle,0.1,0.5,argmax,mask2former_swinb_cityscapes,acdc_night_targetcal100,26
,,,0.9999616292754507,736,True,0.14427655677655676,0.14427655677655676,0.19841039180755615,29.224137931034484,725.0,104,235.0,27.0,0.1148936170212766,0.09221674876847288,False,0.1619718309859155,0.058823529411764705,0.0,,,93,bicycle,0.2,0.5,region_crc,mask2former_swinb_cityscapes,acdc_night_targetcal100,26
,,,0.9999571451479603,728,True,0.14748168498168499,0.14748168498168496,0.18630413711071014,29.224137931034484,725.0,104,235.0,28.0,0.11914893617021277,0.08251231527093597,False,0.16901408450704225,0.058823529411764705,0.0,,,93,bicycle,0.2,0.5,heuristic,mask2former_swinb_cityscapes,acdc_night_targetcal100,26
,,,,-1,True,,0.871783424908425,0.0006346011068671942,,,406,,,0.8553191489361702,,False,,,,,,93,bicycle,0.2,0.5,argmax,mask2former_swinb_cityscapes,acdc_night_targetcal100,26
,,,0.9999577331385734,729,True,0.037241838023088024,0.037241838023088024,0.3413810431957245,27.65024630541872,725.0,192,633.0,17.0,0.026856240126382307,0.08921182266009853,False,0.037914691943127965,0.005319148936170213,0.0,,,94,person,0.05,0.1,region_crc,mask2former_swinb_cityscapes,acdc_night_targetcal100,55
,,,0.9999369042655519,700,True,0.048808678300865806,0.048808678300865806,0.2901805341243744,28.539408866995075,700.0,192,633.0,25.0,0.03949447077409163,0.07694581280788176,False,0.054502369668246446,0.010638297872340425,0.0,,,94,person,0.05,0.1,heuristic,mask2former_swinb_cityscapes,acdc_night_targetcal100,55
,,,,-1,True,,0.5265073034604285,0.004710272420197725,,,406,,,0.48973143759873616,,False,,,,,,94,person,0.05,0.1,argmax,mask2former_swinb_cityscapes,acdc_night_targetcal100,55
,,,0.9997719657927999,607,True,0.08300640331890333,0.08300640331890331,0.15318340063095093,26.783251231527093,600.0,192,633.0,50.0,0.07898894154818326,0.0897536945812808,False,0.11137440758293839,0.015957446808510637,0.0,,,94,person,0.1,0.1,region_crc,mask2former_swinb_cityscapes,acdc_night_targetcal100,55
,,,0.9996301718202197,572,True,0.10732774170274169,0.10732774170274169,0.12356171011924744,23.67241379310345,550.0,192,633.0,65.0,0.10268562401263823,0.07384236453201964,False,0.14691943127962084,0.015957446808510637,0.0,,,94,person,0.1,0.1,heuristic,mask2former_swinb_cityscapes,acdc_night_targetcal100,55
,,,,-1,True,,0.5265073034604285,0.004710272420197725,,,406,,,0.48973143759873616,,False,,,,,,94,person,0.1,0.1,argmax,mask2former_swinb_cityscapes,acdc_night_targetcal100,55
,,,0.9958504595736564,397,True,0.22128685116966365,0.22128685116966365,0.03942383453249931,11.088669950738916,375.0,192,633.0,128.0,0.20221169036334913,0.0884729064039409,False,0.2843601895734597,0.0425531914893617,0.0,,,94,person,0.2,0.1,region_crc,mask2former_swinb_cityscapes,acdc_night_targetcal100,55
,,,0.9956146930222501,393,True,0.22779726783633034,0.22779726783633034,0.03850793093442917,11.088669950738916,375.0,192,633.0,131.0,0.20695102685624012,0.07093596059113294,False,0.2890995260663507,0.047872340425531915,0.0,,,94,person,0.2,0.1,heuristic,mask2former_swinb_cityscapes,acdc_night_targetcal100,55
,,,,-1,True,,0.5265073034604285,0.004710272420197725,,,406,,,0.48973143759873616,,False,,,,,,94,person,0.2,0.1,argmax,mask2former_swinb_cityscapes,acdc_night_targetcal100,55
,,,0.9999782229022764,777,True,0.03893454635642135,0.03893454635642136,0.44516080617904663,23.935960591133004,775.0,192,633.0,21.0,0.03317535545023697,0.06266009852216747,False,0.045023696682464455,0.010638297872340425,0.0,,,94,person,0.05,0.5,region_crc,mask2former_swinb_cityscapes,acdc_night_targetcal100,55
,,,0.9999712921941798,757,True,0.04296903183621934,0.04296903183621934,0.39872440695762634,25.807881773399014,750.0,192,633.0,26.0,0.04107424960505529,0.0472906403940887,False,0.054502369668246446,0.015957446808510637,0.0,,,94,person,0.05,0.5,heuristic,mask2former_swinb_cityscapes,acdc_night_targetcal100,55
,,,,-1,True,,0.6151472948347948,0.004710272420197725,,,406,,,0.5734597156398105,,False,,,,,,94,person,0.05,0.5,argmax,mask2former_swinb_cityscapes,acdc_night_targetcal100,55
,,,0.9999190904100822,682,True,0.09025466720779222,0.0902546672077922,0.25840091705322266,29.278325123152708,675.0,192,633.0,51.0,0.08056872037914692,0.0649753694581281,False,0.11374407582938388,0.015957446808510637,0.0,,,94,person,0.1,0.5,region_crc,mask2former_swinb_cityscapes,acdc_night_targetcal100,55
,,,0.9999004594582649,667,True,0.0941569715007215,0.0941569715007215,0.2328549474477768,29.586206896551722,650.0,192,633.0,56.0,0.08846761453396525,0.07019704433497542,False,0.12559241706161137,0.015957446808510637,0.0,,,94,person,0.1,0.5,heuristic,mask2former_swinb_cityscapes,acdc_night_targetcal100,55
,,,,-1,True,,0.6151472948347948,0.004710272420197725,,,406,,,0.5734597156398105,,False,,,,,,94,person,0.1,0.5,argmax,mask2former_swinb_cityscapes,acdc_night_targetcal100,55
,,,0.9994629682036298,545,True,0.17902971594377845,0.17902971594377845,0.10296371579170227,21.67487684729064,525.0,192,633.0,102.0,0.16113744075829384,0.08315270935960584,False,0.22748815165876776,0.031914893617021274,0.0,,,94,person,0.2,0.5,region_crc,mask2former_swinb_cityscapes,acdc_night_targetcal100,55
,,,0.9988831367522194,492,True,0.20482718236624486,0.20482718236624486,0.07129093259572983,17.389162561576356,475.0,192,633.0,119.0,0.18799368088467613,0.09980295566502473,False,0.26540284360189575,0.03723404255319149,0.0,,,94,person,0.2,0.5,heuristic,mask2former_swinb_cityscapes,acdc_night_targetcal100,55
,,,,-1,True,,0.6151472948347948,0.004710272420197725,,,406,,,0.5734597156398105,,False,,,,,,94,person,0.2,0.5,argmax,mask2former_swinb_cityscapes,acdc_night_targetcal100,55
,,,1.0,1000,False,0.0,0.0,1.0,0.6847290640394089,1000.0,128,169.0,0.0,0.0,0.0,False,0.0,0.0,0.0,,,94,rider,0.05,0.1,region_crc,mask2former_swinb_cityscapes,acdc_night_targetcal100,18
,,,0.9999402964713416,704,True,0.078125,0.078125,0.16743312776088715,25.926108374384235,700.0,128,169.0,12.0,0.07100591715976332,0.0971428571428572,False,0.09448818897637795,0.0,0.0,,,94,rider,0.05,0.1,heuristic,mask2former_swinb_cityscapes,acdc_night_targetcal100,18
,,,,-1,True,,0.7747395833333333,0.0004228896286804229,,,406,,,0.7869822485207101,,False,,,,,,94,rider,0.05,0.1,argmax,mask2former_swinb_cityscapes,acdc_night_targetcal100,18
,,,0.9999402964713416,704,True,0.078125,0.078125,0.16743312776088715,25.926108374384235,700.0,128,169.0,12.0,0.07100591715976332,0.0971428571428572,False,0.09448818897637795,0.0,0.0,,,94,rider,0.1,0.1,region_crc,mask2former_swinb_cityscapes,acdc_night_targetcal100,18
,,,0.9999402964713416,704,True,0.078125,0.078125,0.16743312776088715,25.926108374384235,700.0,128,169.0,12.0,0.07100591715976332,0.0971428571428572,False,0.09448818897637795,0.0,0.0,,,94,rider,0.1,0.1,heuristic,mask2former_swinb_cityscapes,acdc_night_targetcal100,18
,,,,-1,True,,0.7747395833333333,0.0004228896286804229,,,406,,,0.7869822485207101,,False,,,,,,94,rider,0.1,0.1,argmax,mask2former_swinb_cityscapes,acdc_night_targetcal100,18
,,,0.9998872802543824,658,True,0.12109375,0.12109375,0.12216341495513916,23.211822660098523,650.0,128,169.0,20.0,0.11834319526627218,0.09876847290640389,False,0.15748031496062992,0.0,0.0,,,94,rider,0.2,0.1,region_crc,mask2former_swinb_cityscapes,acdc_night_targetcal100,18
,,,0.999868780010098,647,True,0.1328125,0.1328125,0.11268584430217743,21.103448275862068,625.0,128,169.0,22.0,0.1301775147928994,0.09532019704433492,False,0.1732283464566929,0.0,0.0,,,94,rider,0.2,0.1,heuristic,mask2former_swinb_cityscapes,acdc_night_targetcal100,18
,,,,-1,True,,0.7747395833333333,0.0004228896286804229,,,406,,,0.7869822485207101,,False,,,,,,94,rider,0.2,0.1,argmax,mask2former_swinb_cityscapes,acdc_night_targetcal100,18
,,,1.0,1000,False,0.0,0.0,1.0,0.6847290640394089,1000.0,128,169.0,0.0,0.0,0.0,False,0.0,0.0,0.0,,,94,rider,0.05,0.5,region_crc,mask2former_swinb_cityscapes,acdc_night_targetcal100,18
,,,0.999985003151645,804,True,0.0625,0.0625,0.34332120418548584,25.775862068965516,800.0,128,169.0,9.0,0.05325443786982249,0.05931034482758618,False,0.06299212598425197,0.029411764705882353,0.0,,,94,rider,0.05,0.5,heuristic,mask2former_swinb_cityscapes,acdc_night_targetcal100,18
,,,,-1,True,,0.8255208333333333,0.0004228896286804229,,,406,,,0.8402366863905325,,False,,,,,,94,rider,0.05,0.5,argmax,mask2former_swinb_cityscapes,acdc_night_targetcal100,18
,,,0.999985003151645,804,True,0.0625,0.0625,0.34332120418548584,25.775862068965516,800.0,128,169.0,9.0,0.05325443786982249,0.05931034482758618,False,0.06299212598425197,0.029411764705882353,0.0,,,94,rider,0.1,0.5,region_crc,mask2former_swinb_cityscapes,acdc_night_targetcal100,18
,,,0.999985003151645,804,True,0.0625,0.0625,0.34332120418548584,25.775862068965516,800.0,128,169.0,9.0,0.05325443786982249,0.05931034482758618,False,0.06299212598425197,0.029411764705882353,0.0,,,94,rider,0.1,0.5,heuristic,mask2former_swinb_cityscapes,acdc_night_targetcal100,18
,,,,-1,True,,0.8255208333333333,0.0004228896286804229,,,406,,,0.8402366863905325,,False,,,,,,94,rider,0.1,0.5,argmax,mask2former_swinb_cityscapes,acdc_night_targetcal100,18
,,,0.9999472770138578,713,True,0.11328125,0.11328125,0.1813894361257553,25.926108374384235,700.0,128,169.0,18.0,0.10650887573964497,0.0923645320197044,False,0.13385826771653545,0.029411764705882353,0.0,,,94,rider,0.2,0.5,region_crc,mask2former_swinb_cityscapes,acdc_night_targetcal100,18
,,,0.9998948038126176,663,True,0.15234375,0.15234375,0.12682701647281647,23.211822660098523,650.0,128,169.0,25.0,0.14792899408284024,0.10123152709359606,False,0.1889763779527559,0.029411764705882353,0.0,,,94,rider,0.2,0.5,heuristic,mask2former_swinb_cityscapes,acdc_night_targetcal100,18
,,,,-1,True,,0.8255208333333333,0.0004228896286804229,,,406,,,0.8402366863905325,,False,,,,,,94,rider,0.2,0.5,argmax,mask2former_swinb_cityscapes,acdc_night_targetcal100,18
,,,0.9999867565846481,813,True,0.03021978021978022,0.03021978021978022,0.3354460597038269,28.482758620689655,800.0,104,242.0,5.0,0.02066115702479339,0.05620689655172417,False,0.032679738562091505,0.0,0.0,,,94,bicycle,0.05,0.1,region_crc,mask2former_swinb_cityscapes,acdc_night_targetcal100,26
,,,0.9999837070396737,798,True,0.03021978021978022,0.03021978021978022,0.3026728928089142,29.633004926108374,775.0,104,242.0,5.0,0.02066115702479339,0.058325123152709435,False,0.032679738562091505,0.0,0.0,,,94,bicycle,0.05,0.1,heuristic,mask2former_swinb_cityscapes,acdc_night_targetcal100,26
,,,,-1,True,,0.8093139499389499,0.000690020970068872,,,406,,,0.7892561983471075,,False,,,,,,94,bicycle,0.05,0.1,argmax,mask2former_swinb_cityscapes,acdc_night_targetcal100,26
,,,0.999974996546383,767,True,0.04120879120879121,0.04120879120879121,0.24408240616321564,29.93349753694581,750.0,104,242.0,8.0,0.03305785123966942,0.06334975369458129,False,0.05228758169934641,0.0,0.0,,,94,bicycle,0.1,0.1,region_crc,mask2former_swinb_cityscapes,acdc_night_targetcal100,26
,,,0.9999704879077334,755,True,0.048763736263736264,0.048763736263736264,0.22525298595428467,29.93349753694581,750.0,104,242.0,11.0,0.045454545454545456,0.06334975369458129,False,0.06535947712418301,0.015625,0.0,,,94,bicycle,0.1,0.1,heuristic,mask2former_swinb_cityscapes,acdc_night_targetcal100,26
,,,,-1,True,,0.8093139499389499,0.000690020970068872,,,406,,,0.7892561983471075,,False,,,,,,94,bicycle,0.1,0.1,argmax,mask2former_swinb_cityscapes,acdc_night_targetcal100,26
,,,0.999897670700772,665,True,0.12561813186813187,0.12561813186813187,0.11297298222780228,24.30295566502463,650.0,104,242.0,27.0,0.1115702479338843,0.06857142857142859,False,0.16993464052287582,0.015625,0.0,,,94,bicycle,0.2,0.1,region_crc,mask2former_swinb_cityscapes,acdc_night_targetcal100,26
,,,0.999738181699178,597,True,0.20331959706959704,0.20331959706959707,0.06237940490245819,17.783251231527093,575.0,104,242.0,47.0,0.19421487603305784,0.10704433497536947,False,0.2875816993464052,0.046875,0.0,,,94,bicycle,0.2,0.1,heuristic,mask2former_swinb_cityscapes,acdc_night_targetcal100,26
,,,,-1,True,,0.8093139499389499,0.000690020970068872,,,406,,,0.7892561983471075,,False,,,,,,94,bicycle,0.2,0.1,argmax,mask2former_swinb_cityscapes,acdc_night_targetcal100,26
,,,0.9999982860426925,961,True,0.014423076923076924,0.014423076923076924,0.7039903402328491,11.997536945812808,961.0,104,242.0,2.0,0.008264462809917356,0.060197044334975414,False,0.013071895424836602,0.0,0.0,,,94,bicycle,0.05,0.5,region_crc,mask2former_swinb_cityscapes,acdc_night_targetcal100,26
,,,0.999991488619618,845,True,0.03559981684981685,0.03559981684981685,0.41063717007637024,27.064039408866996,825.0,104,242.0,8.0,0.03305785123966942,0.04581280788177333,False,0.0457516339869281,0.015625,0.0,,,94,bicycle,0.05,0.5,heuristic,mask2former_swinb_cityscapes,acdc_night_targetcal100,26
,,,,-1,True,,0.8589629120879121,0.000690020970068872,,,406,,,0.8429752066115702,,False,,,,,,94,bicycle,0.05,0.5,argmax,mask2former_swinb_cityscapes,acdc_night_targetcal100,26
,,,0.9999830175634754,795,True,0.05963827838827839,0.05963827838827839,0.297517865896225,29.633004926108374,775.0,104,242.0,12.0,0.049586776859504134,0.060788177339901495,False,0.0718954248366013,0.015625,0.0,,,94,bicycle,0.1,0.5,region_crc,mask2former_swinb_cityscapes,acdc_night_targetcal100,26
,,,0.9999830175634754,795,True,0.05963827838827839,0.05963827838827839,0.297517865896225,29.633004926108374,775.0,104,242.0,12.0,0.049586776859504134,0.060788177339901495,False,0.0718954248366013,0.015625,0.0,,,94,bicycle,0.1,0.5,heuristic,mask2former_swinb_cityscapes,acdc_night_targetcal100,26
,,,,-1,True,,0.8589629120879121,0.000690020970068872,,,406,,,0.8429752066115702,,False,,,,,,94,bicycle,0.1,0.5,argmax,mask2former_swinb_cityscapes,acdc_night_targetcal100,26
,,,0.9999083779509877,673,True,0.18353937728937725,0.1835393772893773,0.11963440477848053,24.30295566502463,650.0,104,242.0,38.0,0.15702479338842976,0.07453201970443349,False,0.22875816993464052,0.046875,0.0,,,94,bicycle,0.2,0.5,region_crc,mask2former_swinb_cityscapes,acdc_night_targetcal100,26
,,,0.999885712166521,657,True,0.216735347985348,0.216735347985348,0.10630493611097336,24.30295566502463,650.0,104,242.0,45.0,0.1859504132231405,0.0769950738916256,False,0.2679738562091503,0.046875,0.04,,,94,bicycle,0.2,0.5,heuristic,mask2former_swinb_cityscapes,acdc_night_targetcal100,26
,,,,-1,True,,0.8589629120879121,0.000690020970068872,,,406,,,0.8429752066115702,,False,,,,,,94,bicycle,0.2,0.5,argmax,mask2former_swinb_cityscapes,acdc_night_targetcal100,26
,,,0.9999565489775828,727,True,0.03851363413219083,0.03851363413219083,0.3434945046901703,27.665024630541872,725.0,194,665.0,19.0,0.02857142857142857,0.11517241379310345,False,0.039045553145336226,0.005649717514124294,0.0,,,95,person,0.05,0.1,region_crc,mask2former_swinb_cityscapes,acdc_night_targetcal100,53
,,,0.999897670700772,665,True,0.07463711117061632,0.07463711117061633,0.23570683598518372,29.379310344827587,650.0,194,665.0,41.0,0.061654135338345864,0.14418719211822656,False,0.08459869848156182,0.011299435028248588,0.0,,,95,person,0.05,0.1,heuristic,mask2former_swinb_cityscapes,acdc_night_targetcal100,53
,,,,-1,True,,0.49418787112086077,0.00537120783701539,,,406,,,0.49022556390977445,,False,,,,,,95,person,0.05,0.1,argmax,mask2former_swinb_cityscapes,acdc_night_targetcal100,53
,,,0.9993748273072243,534,True,0.15184177935466595,0.15184177935466595,0.10093635320663452,22.192118226600986,525.0,194,665.0,95.0,0.14285714285714285,0.12502463054187196,False,0.19956616052060738,0.01694915254237288,0.0,,,95,person,0.1,0.1,region_crc,mask2former_swinb_cityscapes,acdc_night_targetcal100,53
,,,0.9985478883824123,473,True,0.1902168063894868,0.1902168063894868,0.06702075153589249,16.179802955665025,450.0,194,665.0,117.0,0.17593984962406015,0.11497536945812811,False,0.24295010845986983,0.02824858757062147,0.0,,,95,person,0.1,0.1,heuristic,mask2former_swinb_cityscapes,acdc_night_targetcal100,53
,,,,-1,True,,0.49418787112086077,0.00537120783701539,,,406,,,0.49022556390977445,,False,,,,,,95,person,0.1,0.1,argmax,mask2former_swinb_cityscapes,acdc_night_targetcal100,53
,,,0.9956748616896499,394,True,0.22413972768354212,0.22413972768354212,0.03996924310922623,11.426108374384237,375.0,194,665.0,146.0,0.21954887218045113,0.09950738916256158,False,0.2993492407809111,0.04519774011299435,0.0,,,95,person,0.2,0.1,region_crc,mask2former_swinb_cityscapes,acdc_night_targetcal100,53
,,,0.9956146930222501,393,True,0.22478405758044934,0.22478405758044934,0.03969881311058998,11.426108374384237,375.0,194,665.0,147.0,0.22105263157894736,0.09704433497536946,False,0.30151843817787416,0.04519774011299435,0.0,,,95,person,0.2,0.1,heuristic,mask2former_swinb_cityscapes,acdc_night_targetcal100,53
,,,,-1,True,,0.49418787112086077,0.00537120783701539,,,406,,,0.49022556390977445,,False,,,,,,95,person,0.2,0.1,argmax,mask2former_swinb_cityscapes,acdc_night_targetcal100,53
,,,0.9999879773556538,820,True,0.02822778595974472,0.028227785959744723,0.5390522480010986,21.071428571428573,800.0,194,665.0,13.0,0.019548872180451128,0.09763546798029554,False,0.028199566160520606,0.0,0.0,,,95,person,0.05,0.5,region_crc,mask2former_swinb_cityscapes,acdc_night_targetcal100,53
,,,0.9999507960464319,718,True,0.073090719418039,0.073090719418039,0.3273355960845947,28.458128078817733,700.0,194,665.0,44.0,0.06616541353383458,0.11285714285714288,False,0.08893709327548807,0.01694915254237288,0.0,,,95,person,0.05,0.5,heuristic,mask2former_swinb_cityscapes,acdc_night_targetcal100,53
,,,,-1,True,,0.5878822351760497,0.00537120783701539,,,406,,,0.5789473684210527,,False,,,,,,95,person,0.05,0.5,argmax,mask2former_swinb_cityscapes,acdc_night_targetcal100,53
,,,0.999819698225914,624,True,0.12522314455304145,0.12522314455304145,0.1776171177625656,26.61576354679803,600.0,194,665.0,75.0,0.11278195488721804,0.12280788177339902,False,0.1561822125813449,0.01694915254237288,0.0,,,95,person,0.1,0.5,region_crc,mask2former_swinb_cityscapes,acdc_night_targetcal100,53
,,,0.9996866714275684,584,True,0.16069317995864388,0.16069317995864388,0.1392240673303604,24.874384236453203,575.0,194,665.0,97.0,0.14586466165413534,0.11413793103448278,False,0.2017353579175705,0.022598870056497175,0.0,,,95,person,0.1,0.5,heuristic,mask2former_swinb_cityscapes,acdc_night_targetcal100,53
,,,,-1,True,,0.5878822351760497,0.00537120783701539,,,406,,,0.5789473684210527,,False,,,,,,95,person,0.1,0.5,argmax,mask2former_swinb_cityscapes,acdc_night_targetcal100,53
,,,0.9988032594686928,487,True,0.21032162997369183,0.21032162997369183,0.07287870347499847,17.842364532019705,475.0,194,665.0,136.0,0.20451127819548873,0.11862068965517239,False,0.279826464208243,0.03954802259887006,0.0,,,95,person,0.2,0.5,region_crc,mask2former_swinb_cityscapes,acdc_night_targetcal100,53
,,,0.9982621991712506,460,True,0.23659943292675253,0.23659943292675253,0.06218195706605911,16.179802955665025,450.0,194,665.0,153.0,0.23007518796992482,0.10527093596059112,False,0.3080260303687636,0.05649717514124294,0.037037037037037035,,,95,person,0.2,0.5,heuristic,mask2former_swinb_cityscapes,acdc_night_targetcal100,53
,,,,-1,True,,0.5878822351760497,0.00537120783701539,,,406,,,0.5789473684210527,,False,,,,,,95,person,0.2,0.5,argmax,mask2former_swinb_cityscapes,acdc_night_targetcal100,53
,,,0.9999952356901319,887,True,0.011299435028248588,0.011299435028248588,0.5425915122032166,18.889162561576356,875.0,118,153.0,2.0,0.013071895424836602,0.13532019704433496,False,0.017699115044247787,0.0,0.0,,,95,rider,0.05,0.1,region_crc,mask2former_swinb_cityscapes,acdc_night_targetcal100,28
,,,0.999989383044428,829,True,0.015536723163841807,0.015536723163841807,0.4042452871799469,23.642857142857142,825.0,118,153.0,3.0,0.0196078431372549,0.1010344827586207,False,0.02654867256637168,0.0,0.0,,,95,rider,0.05,0.1,heuristic,mask2former_swinb_cityscapes,acdc_night_targetcal100,28
,,,,-1,True,,0.7641242937853107,0.0004026635142508894,,,406,,,0.7712418300653595,,False,,,,,,95,rider,0.05,0.1,argmax,mask2former_swinb_cityscapes,acdc_night_targetcal100,28
,,,0.999989383044428,829,True,0.015536723163841807,0.015536723163841807,0.4042452871799469,23.642857142857142,825.0,118,153.0,3.0,0.0196078431372549,0.1010344827586207,False,0.02654867256637168,0.0,0.0,,,95,rider,0.1,0.1,region_crc,mask2former_swinb_cityscapes,acdc_night_targetcal100,28
,,,0.9999600055250238,733,True,0.06214689265536723,0.062146892655367235,0.21265238523483276,26.554187192118228,725.0,118,153.0,9.0,0.058823529411764705,0.0693103448275862,False,0.07964601769911504,0.0,0.0,,,95,rider,0.1,0.1,heuristic,mask2former_swinb_cityscapes,acdc_night_targetcal100,28
,,,,-1,True,,0.7641242937853107,0.0004026635142508894,,,406,,,0.7712418300653595,,False,,,,,,95,rider,0.1,0.1,argmax,mask2former_swinb_cityscapes,acdc_night_targetcal100,28
,,,0.9997453169747414,599,True,0.1596045197740113,0.15960451977401133,0.08476321399211884,17.492610837438423,575.0,118,153.0,24.0,0.1568627450980392,0.08123152709359616,False,0.19469026548672566,0.06060606060606061,0.0,,,95,rider,0.2,0.1,region_crc,mask2former_swinb_cityscapes,acdc_night_targetcal100,28
,,,0.9994776038110009,547,True,0.21468926553672316,0.21468926553672316,0.0583127960562706,14.096059113300493,525.0,118,153.0,31.0,0.20261437908496732,0.08339901477832512,False,0.24778761061946902,0.09090909090909091,0.0,,,95,rider,0.2,0.1,heuristic,mask2former_swinb_cityscapes,acdc_night_targetcal100,28
,,,,-1,True,,0.7641242937853107,0.0004026635142508894,,,406,,,0.7712418300653595,,False,,,,,,95,rider,0.2,0.1,argmax,mask2former_swinb_cityscapes,acdc_night_targetcal100,28
,,,0.9999978021401272,943,True,0.011299435028248588,0.011299435028248588,0.6575170159339905,13.38423645320197,925.0,118,153.0,2.0,0.013071895424836602,0.07310344827586213,False,0.017699115044247787,0.0,0.0,,,95,rider,0.05,0.5,region_crc,mask2former_swinb_cityscapes,acdc_night_targetcal100,28
,,,0.9999964843955947,909,True,0.011299435028248588,0.011299435028248588,0.5881620049476624,16.182266009852217,900.0,118,153.0,2.0,0.013071895424836602,0.07837438423645321,False,0.017699115044247787,0.0,0.0,,,95,rider,0.05,0.5,heuristic,mask2former_swinb_cityscapes,acdc_night_targetcal100,28
,,,,-1,True,,0.8107344632768361,0.0004026635142508894,,,406,,,0.8169934640522876,,False,,,,,,95,rider,0.05,0.5,argmax,mask2former_swinb_cityscapes,acdc_night_targetcal100,28
,,,0.9999949649939122,883,True,0.011299435028248588,0.011299435028248588,0.5333456993103027,18.889162561576356,875.0,118,153.0,2.0,0.013071895424836602,0.1383743842364532,False,0.017699115044247787,0.0,0.0,,,95,rider,0.1,0.5,region_crc,mask2former_swinb_cityscapes,acdc_night_targetcal100,28
,,,0.9999935434577096,865,True,0.011299435028248588,0.011299435028248588,0.4897589385509491,21.6871921182266,850.0,118,153.0,2.0,0.013071895424836602,0.13955665024630542,False,0.017699115044247787,0.0,0.0,,,95,rider,0.1,0.5,heuristic,mask2former_swinb_cityscapes,acdc_night_targetcal100,28
,,,,-1,True,,0.8107344632768361,0.0004026635142508894,,,406,,,0.8169934640522876,,False,,,,,,95,rider,0.1,0.5,argmax,mask2former_swinb_cityscapes,acdc_night_targetcal100,28
,,,0.9999670390287823,747,True,0.07485875706214688,0.0748587570621469,0.23578354716300964,26.554187192118228,725.0,118,153.0,11.0,0.0718954248366013,0.08916256157635469,False,0.08849557522123894,0.030303030303030304,0.0,,,95,rider,0.2,0.5,region_crc,mask2former_swinb_cityscapes,acdc_night_targetcal100,28
,,,0.9999234403393089,686,True,0.11723163841807908,0.1172316384180791,0.1537369340658188,23.66256157635468,675.0,118,153.0,17.0,0.1111111111111111,0.09206896551724131,False,0.1415929203539823,0.030303030303030304,0.0,,,95,rider,0.2,0.5,heuristic,mask2former_swinb_cityscapes,acdc_night_targetcal100,28
,,,,-1,True,,0.8107344632768361,0.0004026635142508894,,,406,,,0.8169934640522876,,False,,,,,,95,rider,0.2,0.5,argmax,mask2former_swinb_cityscapes,acdc_night_targetcal100,28
,,,0.9999983327527875,963,True,0.0,0.0,0.7167947888374329,11.241379310344827,963.0,101,226.0,0.0,0.0,0.07620689655172413,False,0.0,0.0,0.0,,,95,bicycle,0.05,0.1,region_crc,mask2former_swinb_cityscapes,acdc_night_targetcal100,29
,,,0.9999704879077334,755,True,0.06341348420556342,0.06341348420556342,0.22902435064315796,29.701970443349754,750.0,101,226.0,14.0,0.061946902654867256,0.08773399014778327,False,0.08888888888888889,0.028985507246376812,0.0,,,95,bicycle,0.05,0.1,heuristic,mask2former_swinb_cityscapes,acdc_night_targetcal100,29
,,,,-1,True,,0.8337890931950336,0.0005408444558270276,,,406,,,0.8230088495575221,,False,,,,,,95,bicycle,0.05,0.1,argmax,mask2former_swinb_cityscapes,acdc_night_targetcal100,29
,,,0.9999661155843861,745,True,0.06341348420556342,0.06341348420556342,0.2146385759115219,29.061576354679804,725.0,101,226.0,14.0,0.061946902654867256,0.08068965517241383,False,0.08888888888888889,0.028985507246376812,0.0,,,95,bicycle,0.1,0.1,region_crc,mask2former_swinb_cityscapes,acdc_night_targetcal100,29
,,,0.9999223752883372,685,True,0.12793493635077793,0.12793493635077793,0.1328224092721939,25.48768472906404,675.0,101,226.0,27.0,0.11946902654867257,0.08886699507389162,False,0.17777777777777778,0.043478260869565216,0.0,,,95,bicycle,0.1,0.1,heuristic,mask2former_swinb_cityscapes,acdc_night_targetcal100,29
,,,,-1,True,,0.8337890931950336,0.0005408444558270276,,,406,,,0.8230088495575221,,False,,,,,,95,bicycle,0.1,0.1,argmax,mask2former_swinb_cityscapes,acdc_night_targetcal100,29
,,,0.9998451183381087,635,True,0.17449316360207448,0.17449316360207448,0.08715065568685532,21.72906403940887,625.0,101,226.0,36.0,0.1592920353982301,0.09901477832512316,False,0.23703703703703705,0.057971014492753624,0.0,,,95,bicycle,0.2,0.1,region_crc,mask2former_swinb_cityscapes,acdc_night_targetcal100,29
,,,0.9998451183381087,635,True,0.17449316360207448,0.17449316360207448,0.08715065568685532,21.72906403940887,625.0,101,226.0,36.0,0.1592920353982301,0.09901477832512316,False,0.23703703703703705,0.057971014492753624,0.0,,,95,bicycle,0.2,0.1,heuristic,mask2former_swinb_cityscapes,acdc_night_targetcal100,29
,,,,-1,True,,0.8337890931950336,0.0005408444558270276,,,406,,,0.8230088495575221,,False,,,,,,95,bicycle,0.2,0.1,argmax,mask2former_swinb_cityscapes,acdc_night_targetcal100,29
,,,0.9999984004419714,966,True,0.0049504950495049506,0.0049504950495049506,0.7245194911956787,10.970443349753694,966.0,101,226.0,1.0,0.004424778761061947,0.07458128078817733,False,0.007407407407407408,0.0,0.0,,,95,bicycle,0.05,0.5,region_crc,mask2former_swinb_cityscapes,acdc_night_targetcal100,29
,,,0.9999952356901319,887,True,0.016265912305516265,0.016265912305516265,0.5202922224998474,21.935960591133004,875.0,101,226.0,3.0,0.01327433628318584,0.12039408866995072,False,0.022222222222222223,0.0,0.0,,,95,bicycle,0.05,0.5,heuristic,mask2former_swinb_cityscapes,acdc_night_targetcal100,29
,,,,-1,True,,0.8721829325789723,0.0005408444558270276,,,406,,,0.8672566371681416,,False,,,,,,95,bicycle,0.05,0.5,argmax,mask2former_swinb_cityscapes,acdc_night_targetcal100,29
,,,0.9999946048937749,878,True,0.01768033946251768,0.01768033946251768,0.49562472105026245,21.935960591133004,875.0,101,226.0,4.0,0.017699115044247787,0.11098522167487684,False,0.02962962962962963,0.0,0.0,,,95,bicycle,0.1,0.5,region_crc,mask2former_swinb_cityscapes,acdc_night_targetcal100,29
,,,0.999971686080042,758,True,0.1256247053276756,0.1256247053276756,0.23418352007865906,29.701970443349754,750.0,101,226.0,25.0,0.11061946902654868,0.09315270935960596,False,0.15555555555555556,0.057971014492753624,0.0,,,95,bicycle,0.1,0.5,heuristic,mask2former_swinb_cityscapes,acdc_night_targetcal100,29
,,,,-1,True,,0.8721829325789723,0.0005408444558270276,,,406,,,0.8672566371681416,,False,,,,,,95,bicycle,0.1,0.5,argmax,mask2former_swinb_cityscapes,acdc_night_targetcal100,29
,,,0.9999450459126142,710,True,0.16918906176331916,0.16918906176331916,0.16281349956989288,27.160098522167488,700.0,101,226.0,33.0,0.14601769911504425,0.07458128078817733,False,0.2074074074074074,0.07246376811594203,0.0,,,95,bicycle,0.2,0.5,region_crc,mask2former_swinb_cityscapes,acdc_night_targetcal100,29
,,,0.9999083779509877,673,True,0.1757897218293258,0.17578972182932578,0.12103857100009918,24.014778325123153,650.0,101,226.0,36.0,0.1592920353982301,0.0987192118226601,False,0.22962962962962963,0.07246376811594203,0.0,,,95,bicycle,0.2,0.5,heuristic,mask2former_swinb_cityscapes,acdc_night_targetcal100,29
,,,,-1,True,,0.8721829325789723,0.0005408444558270276,,,406,,,0.8672566371681416,,False,,,,,,95,bicycle,0.2,0.5,argmax,mask2former_swinb_cityscapes,acdc_night_targetcal100,29
,,,0.999917964845567,681,True,0.06308928854740373,0.06308928854740373,0.26264292001724243,29.071428571428573,675.0,191,662.0,35.0,0.052870090634441085,0.08724137931034487,False,0.06798245614035088,0.02197802197802198,0.0,,,96,person,0.05,0.1,region_crc,mask2former_swinb_cityscapes,acdc_night_targetcal100,56
,,,0.9999004594582649,667,True,0.07218019763831282,0.07218019763831282,0.23870466649532318,29.613300492610836,650.0,191,662.0,40.0,0.06042296072507553,0.0759113300492611,False,0.07894736842105263,0.02197802197802198,0.0,,,96,person,0.05,0.1,heuristic,mask2former_swinb_cityscapes,acdc_night_targetcal100,56
,,,,-1,True,,0.5109457006053864,0.005065855570137501,,,406,,,0.486404833836858,,False,,,,,,96,person,0.05,0.1,argmax,mask2former_swinb_cityscapes,acdc_night_targetcal100,56
,,,0.9997623159713375,604,True,0.08725663516239433,0.08725663516239433,0.15484534204006195,26.93103448275862,600.0,191,662.0,52.0,0.07854984894259819,0.06832512315270933,False,0.10307017543859649,0.027472527472527472,0.0,,,96,person,0.1,0.1,region_crc,mask2former_swinb_cityscapes,acdc_night_targetcal100,56
,,,0.9996145216423342,569,True,0.1098014550894132,0.1098014550894132,0.12405731528997421,23.445812807881772,550.0,191,662.0,69.0,0.1042296072507553,0.0685221674876847,False,0.14035087719298245,0.027472527472527472,0.0,,,96,person,0.1,0.1,heuristic,mask2former_swinb_cityscapes,acdc_night_targetcal100,56
,,,,-1,True,,0.5109457006053864,0.005065855570137501,,,406,,,0.486404833836858,,False,,,,,,96,person,0.1,0.1,argmax,mask2former_swinb_cityscapes,acdc_night_targetcal100,56
,,,0.9953010589139478,388,True,0.23435943782802418,0.2343594378280242,0.038268499076366425,11.369458128078819,375.0,191,662.0,146.0,0.22054380664652568,0.08315270935960584,False,0.29605263157894735,0.06043956043956044,0.0,,,96,person,0.2,0.1,region_crc,mask2former_swinb_cityscapes,acdc_night_targetcal100,56
,,,0.9908798916064409,340,True,0.2726290652337772,0.2726290652337772,0.02664795331656933,8.967980295566502,325.0,191,662.0,167.0,0.25226586102719034,0.06960591133004926,False,0.34210526315789475,0.06043956043956044,0.0,,,96,person,0.2,0.1,heuristic,mask2former_swinb_cityscapes,acdc_night_targetcal100,56
,,,,-1,True,,0.5109457006053864,0.005065855570137501,,,406,,,0.486404833836858,,False,,,,,,96,person,0.2,0.1,argmax,mask2former_swinb_cityscapes,acdc_night_targetcal100,56
,,,0.9999665804959974,746,True,0.05497410530133043,0.05497410530133043,0.3827294409275055,27.295566502463053,725.0,191,662.0,33.0,0.04984894259818731,0.10763546798029555,False,0.06359649122807018,0.02197802197802198,0.0,,,96,person,0.05,0.5,region_crc,mask2former_swinb_cityscapes,acdc_night_targetcal100,56
,,,0.9999656442052101,744,True,0.055866537476485116,0.055866537476485116,0.3787347078323364,27.295566502463053,725.0,191,662.0,35.0,0.052870090634441085,0.10285714285714287,False,0.06798245614035088,0.02197802197802198,0.0,,,96,person,0.05,0.5,heuristic,mask2former_swinb_cityscapes,acdc_night_targetcal100,56
,,,,-1,True,,0.5981551752494161,0.005065855570137501,,,406,,,0.5740181268882175,,False,,,,,,96,person,0.05,0.5,argmax,mask2former_swinb_cityscapes,acdc_night_targetcal100,56
,,,0.9999190904100822,682,True,0.08904546587792661,0.08904546587792661,0.26441729068756104,29.071428571428573,675.0,191,662.0,53.0,0.08006042296072508,0.0921674876847291,False,0.10526315789473684,0.027472527472527472,0.0,,,96,person,0.1,0.5,region_crc,mask2former_swinb_cityscapes,acdc_night_targetcal100,56
,,,0.999901825205698,668,True,0.09231375082160423,0.09231375082160423,0.24023385345935822,29.613300492610836,650.0,191,662.0,57.0,0.08610271903323263,0.0727586206896551,False,0.11403508771929824,0.027472527472527472,0.0,,,96,person,0.1,0.5,heuristic,mask2former_swinb_cityscapes,acdc_night_targetcal100,56
,,,,-1,True,,0.5981551752494161,0.005065855570137501,,,406,,,0.5740181268882175,,False,,,,,,96,person,0.1,0.5,argmax,mask2former_swinb_cityscapes,acdc_night_targetcal100,56
,,,0.998085744074979,453,True,0.24600738848121043,0.24600738848121048,0.05914975702762604,16.1871921182266,450.0,191,662.0,154.0,0.2326283987915408,0.11152709359605917,False,0.3092105263157895,0.06593406593406594,0.041666666666666664,,,96,person,0.2,0.5,region_crc,mask2former_swinb_cityscapes,acdc_night_targetcal100,56
,,,0.9974765192275195,433,True,0.2520780630073824,0.2520780630073824,0.05173494666814804,14.66256157635468,425.0,191,662.0,161.0,0.243202416918429,0.0884729064039409,False,0.32456140350877194,0.06593406593406594,0.041666666666666664,,,96,person,0.2,0.5,heuristic,mask2former_swinb_cityscapes,acdc_night_targetcal100,56
,,,,-1,True,,0.5981551752494161,0.005065855570137501,,,406,,,0.5740181268882175,,False,,,,,,96,person,0.2,0.5,argmax,mask2former_swinb_cityscapes,acdc_night_targetcal100,56
,,,0.9999973331413354,929,True,0.0028011204481792717,0.0028011204481792717,0.629638671875,13.369458128078819,925.0,119,156.0,1.0,0.00641025641025641,0.1254679802955665,False,0.008547008547008548,0.0,0.0,,,96,rider,0.05,0.1,region_crc,mask2former_swinb_cityscapes,acdc_night_targetcal100,27
,,,0.999991946215588,849,True,0.011204481792717087,0.011204481792717087,0.4527743458747864,23.426108374384235,825.0,119,156.0,2.0,0.01282051282051282,0.11866995073891629,False,0.017094017094017096,0.0,0.0,,,96,rider,0.05,0.1,heuristic,mask2former_swinb_cityscapes,acdc_night_targetcal100,27
,,,,-1,True,,0.7787114845938374,0.0004101871163584292,,,406,,,0.7884615384615384,,False,,,,,,96,rider,0.05,0.1,argmax,mask2former_swinb_cityscapes,acdc_night_targetcal100,27
,,,0.9999827813142501,794,True,0.028011204481792715,0.028011204481792718,0.3272393047809601,27.086206896551722,775.0,119,156.0,4.0,0.02564102564102564,0.11201970443349751,False,0.03418803418803419,0.0,0.0,,,96,rider,0.1,0.1,region_crc,mask2former_swinb_cityscapes,acdc_night_targetcal100,27
,,,0.9999605542697925,734,True,0.05742296918767507,0.05742296918767507,0.21330873668193817,26.97536945812808,725.0,119,156.0,8.0,0.05128205128205128,0.10886699507389164,False,0.06837606837606838,0.0,0.0,,,96,rider,0.1,0.1,heuristic,mask2former_swinb_cityscapes,acdc_night_targetcal100,27
,,,,-1,True,,0.7787114845938374,0.0004101871163584292,,,406,,,0.7884615384615384,,False,,,,,,96,rider,0.1,0.1,argmax,mask2former_swinb_cityscapes,acdc_night_targetcal100,27
,,,0.9998775383800735,652,True,0.12464985994397758,0.12464985994397758,0.1229267492890358,23.11576354679803,650.0,119,156.0,20.0,0.1282051282051282,0.06733990147783253,False,0.17094017094017094,0.0,0.0,,,96,rider,0.2,0.1,region_crc,mask2former_swinb_cityscapes,acdc_night_targetcal100,27
,,,0.9994988127663728,550,True,0.20448179271708683,0.20448179271708683,0.05882887914776802,15.679802955665025,550.0,119,156.0,30.0,0.19230769230769232,0.06507389162561578,False,0.23076923076923078,0.0967741935483871,0.0,,,96,rider,0.2,0.1,heuristic,mask2former_swinb_cityscapes,acdc_night_targetcal100,27
,,,,-1,True,,0.7787114845938374,0.0004101871163584292,,,406,,,0.7884615384615384,,False,,,,,,96,rider,0.2,0.1,argmax,mask2former_swinb_cityscapes,acdc_night_targetcal100,27
,,,0.9999984004419714,966,True,0.0028011204481792717,0.0028011204481792717,0.7095927596092224,10.485221674876847,966.0,119,156.0,1.0,0.00641025641025641,0.13014778325123155,False,0.008547008547008548,0.0,0.0,,,96,rider,0.05,0.5,region_crc,mask2former_swinb_cityscapes,acdc_night_targetcal100,27
,,,0.9999935434577096,865,True,0.023809523809523808,0.023809523809523808,0.49125760793685913,21.63054187192118,850.0,119,156.0,4.0,0.02564102564102564,0.13142857142857145,False,0.03418803418803419,0.0,0.0,,,96,rider,0.05,0.5,heuristic,mask2former_swinb_cityscapes,acdc_night_targetcal100,27
,,,,-1,True,,0.8333333333333333,0.0004101871163584292,,,406,,,0.8397435897435898,,False,,,,,,96,rider,0.05,0.5,argmax,mask2former_swinb_cityscapes,acdc_night_targetcal100,27
,,,0.9999935434577096,865,True,0.023809523809523808,0.023809523809523808,0.49125760793685913,21.63054187192118,850.0,119,156.0,4.0,0.02564102564102564,0.13142857142857145,False,0.03418803418803419,0.0,0.0,,,96,rider,0.1,0.5,region_crc,mask2former_swinb_cityscapes,acdc_night_targetcal100,27
,,,0.9999890855966355,827,True,0.03641456582633053,0.03641456582633053,0.4037281572818756,23.426108374384235,825.0,119,156.0,6.0,0.038461538461538464,0.14246305418719213,False,0.042735042735042736,0.03225806451612903,0.0,,,96,rider,0.1,0.5,heuristic,mask2former_swinb_cityscapes,acdc_night_targetcal100,27
,,,,-1,True,,0.8333333333333333,0.0004101871163584292,,,406,,,0.8397435897435898,,False,,,,,,96,rider,0.1,0.5,argmax,mask2former_swinb_cityscapes,acdc_night_targetcal100,27
,,,0.9999314511773547,694,True,0.11204481792717086,0.11204481792717086,0.16214816272258759,23.95320197044335,675.0,119,156.0,17.0,0.10897435897435898,0.09985221674876843,False,0.13675213675213677,0.03225806451612903,0.0,,,96,rider,0.2,0.5,region_crc,mask2former_swinb_cityscapes,acdc_night_targetcal100,27
,,,0.9999234403393089,686,True,0.12044817927170867,0.12044817927170867,0.15340127050876617,23.95320197044335,675.0,119,156.0,18.0,0.11538461538461539,0.08507389162561574,False,0.1452991452991453,0.03225806451612903,0.0,,,96,rider,0.2,0.5,heuristic,mask2former_swinb_cityscapes,acdc_night_targetcal100,27
,,,,-1,True,,0.8333333333333333,0.0004101871163584292,,,406,,,0.8397435897435898,,False,,,,,,96,rider,0.2,0.5,argmax,mask2former_swinb_cityscapes,acdc_night_targetcal100,27
,,,0.9999974414141131,932,True,0.009523809523809525,0.009523809523809525,0.6332250237464905,16.2192118226601,925.0,105,244.0,1.0,0.004098360655737705,0.15014778325123157,False,0.006993006993006993,0.0,0.0,,,96,bicycle,0.05,0.1,region_crc,mask2former_swinb_cityscapes,acdc_night_targetcal100,25
,,,0.9999704879077334,755,True,0.06099773242630386,0.06099773242630386,0.22800606489181519,30.288177339901477,750.0,105,244.0,13.0,0.05327868852459016,0.09995073891625617,False,0.07692307692307693,0.02564102564102564,0.0,,,96,bicycle,0.05,0.1,heuristic,mask2former_swinb_cityscapes,acdc_night_targetcal100,25
,,,,-1,True,,0.8584315948601664,0.0006587505340576172,,,406,,,0.8237704918032787,,False,,,,,,96,bicycle,0.05,0.1,argmax,mask2former_swinb_cityscapes,acdc_night_targetcal100,25
,,,0.9999704879077334,755,True,0.06099773242630386,0.06099773242630386,0.22800606489181519,30.288177339901477,750.0,105,244.0,13.0,0.05327868852459016,0.09995073891625617,False,0.07692307692307693,0.02564102564102564,0.0,,,96,bicycle,0.1,0.1,region_crc,mask2former_swinb_cityscapes,acdc_night_targetcal100,25
,,,0.9999605542697925,734,True,0.08099773242630384,0.08099773242630386,0.19637249410152435,29.926108374384235,725.0,105,244.0,19.0,0.0778688524590164,0.0963546798029557,False,0.11188811188811189,0.038461538461538464,0.0,,,96,bicycle,0.1,0.1,heuristic,mask2former_swinb_cityscapes,acdc_night_targetcal100,25
,,,,-1,True,,0.8584315948601664,0.0006587505340576172,,,406,,,0.8237704918032787,,False,,,,,,96,bicycle,0.1,0.1,argmax,mask2former_swinb_cityscapes,acdc_night_targetcal100,25
,,,0.9999402964713416,704,True,0.0873469387755102,0.0873469387755102,0.1527782827615738,27.985221674876847,700.0,105,244.0,21.0,0.0860655737704918,0.05270935960591133,False,0.11888111888111888,0.05128205128205128,0.0,,,96,bicycle,0.2,0.1,region_crc,mask2former_swinb_cityscapes,acdc_night_targetcal100,25
,,,0.9999402964713416,704,True,0.0873469387755102,0.0873469387755102,0.1527782827615738,27.985221674876847,700.0,105,244.0,21.0,0.0860655737704918,0.05270935960591133,False,0.11888111888111888,0.05128205128205128,0.0,,,96,bicycle,0.2,0.1,heuristic,mask2former_swinb_cityscapes,acdc_night_targetcal100,25
,,,,-1,True,,0.8584315948601664,0.0006587505340576172,,,406,,,0.8237704918032787,,False,,,,,,96,bicycle,0.2,0.1,argmax,mask2former_swinb_cityscapes,acdc_night_targetcal100,25
,,,0.9999986448105876,978,True,0.0,0.0,0.7555830478668213,9.618226600985222,978.0,105,244.0,0.0,0.0,0.09463054187192121,False,0.0,0.0,0.0,,,96,bicycle,0.05,0.5,region_crc,mask2former_swinb_cityscapes,acdc_night_targetcal100,25
,,,0.9999918341762865,848,True,0.03287981859410431,0.03287981859410431,0.42174842953681946,26.58128078817734,825.0,105,244.0,6.0,0.02459016393442623,0.10009852216748766,False,0.03496503496503497,0.01282051282051282,0.0,,,96,bicycle,0.05,0.5,heuristic,mask2former_swinb_cityscapes,acdc_night_targetcal100,25
,,,,-1,True,,0.8996712018140589,0.0006587505340576172,,,406,,,0.8770491803278688,,False,,,,,,96,bicycle,0.05,0.5,argmax,mask2former_swinb_cityscapes,acdc_night_targetcal100,25
,,,0.999971686080042,758,True,0.1295691609977324,0.12956916099773244,0.23321671783924103,30.288177339901477,750.0,105,244.0,25.0,0.10245901639344263,0.10733990147783251,False,0.13286713286713286,0.07692307692307693,0.0,,,96,bicycle,0.1,0.5,region_crc,mask2former_swinb_cityscapes,acdc_night_targetcal100,25
,,,0.9999683772233983,750,True,0.13147392290249432,0.13147392290249435,0.2210158109664917,30.288177339901477,750.0,105,244.0,26.0,0.10655737704918032,0.09778325123152709,False,0.13986013986013987,0.07692307692307693,0.0,,,96,bicycle,0.1,0.5,heuristic,mask2former_swinb_cityscapes,acdc_night_targetcal100,25
,,,,-1,True,,0.8996712018140589,0.0006587505340576172,,,406,,,0.8770491803278688,,False,,,,,,96,bicycle,0.1,0.5,argmax,mask2former_swinb_cityscapes,acdc_night_targetcal100,25
,,,0.9999616292754507,736,True,0.14290249433106575,0.14290249433106578,0.19951806962490082,29.926108374384235,725.0,105,244.0,28.0,0.11475409836065574,0.10128078817733993,False,0.15384615384615385,0.07692307692307693,0.0,,,96,bicycle,0.2,0.5,region_crc,mask2former_swinb_cityscapes,acdc_night_targetcal100,25
,,,0.9999605542697925,734,True,0.14290249433106575,0.14290249433106578,0.19637249410152435,29.926108374384235,725.0,105,244.0,28.0,0.11475409836065574,0.0963546798029557,False,0.15384615384615385,0.07692307692307693,0.0,,,96,bicycle,0.2,0.5,heuristic,mask2former_swinb_cityscapes,acdc_night_targetcal100,25
,,,,-1,True,,0.8996712018140589,0.0006587505340576172,,,406,,,0.8770491803278688,,False,,,,,,96,bicycle,0.2,0.5,argmax,mask2former_swinb_cityscapes,acdc_night_targetcal100,25
,,,0.9999674912702614,748,True,0.02769188483474198,0.027691884834741973,0.3857109248638153,27.364532019704434,725.0,189,598.0,14.0,0.023411371237458192,0.08857142857142863,False,0.03209876543209877,0.0058823529411764705,0.0,,,97,person,0.05,0.1,region_crc,mask2former_swinb_cityscapes,acdc_night_targetcal100,58
,,,0.9999465435640603,712,True,0.04125008589294303,0.04125008589294304,0.31438153982162476,28.15270935960591,700.0,189,598.0,24.0,0.04013377926421405,0.08379310344827584,False,0.05432098765432099,0.011764705882352941,0.0,,,97,person,0.05,0.1,heuristic,mask2former_swinb_cityscapes,acdc_night_targetcal100,58
,,,,-1,True,,0.488961802453866,0.005205803085118532,,,406,,,0.46321070234113715,,False,,,,,,97,person,0.05,0.1,argmax,mask2former_swinb_cityscapes,acdc_night_targetcal100,58
,,,0.9999004594582649,667,True,0.05863825328111042,0.05863825328111042,0.23818108439445496,28.864532019704434,650.0,189,598.0,35.0,0.05852842809364549,0.10408866995073884,False,0.07901234567901234,0.01764705882352941,0.0,,,97,person,0.1,0.1,region_crc,mask2former_swinb_cityscapes,acdc_night_targetcal100,58
,,,0.9997345394438024,596,True,0.08939451201355962,0.08939451201355962,0.14588649570941925,24.810344827586206,575.0,189,598.0,56.0,0.09364548494983277,0.0563054187192118,False,0.1308641975308642,0.01764705882352941,0.0,,,97,person,0.1,0.1,heuristic,mask2former_swinb_cityscapes,acdc_night_targetcal100,58
,,,,-1,True,,0.488961802453866,0.005205803085118532,,,406,,,0.46321070234113715,,False,,,,,,97,person,0.1,0.1,argmax,mask2former_swinb_cityscapes,acdc_night_targetcal100,58
,,,0.9984223887303006,467,True,0.1735177741130122,0.17351777411301222,0.06409593671560287,15.852216748768473,450.0,189,598.0,106.0,0.17725752508361203,0.05241379310344829,False,0.24691358024691357,0.03529411764705882,0.0,,,97,person,0.2,0.1,region_crc,mask2former_swinb_cityscapes,acdc_night_targetcal100,58
,,,0.9978021401272151,443,True,0.18709802102659243,0.18709802102659245,0.0549253448843956,14.342364532019705,425.0,189,598.0,114.0,0.19063545150501673,0.04561576354679808,False,0.26666666666666666,0.03529411764705882,0.0,,,97,person,0.2,0.1,heuristic,mask2former_swinb_cityscapes,acdc_night_targetcal100,58
,,,,-1,True,,0.488961802453866,0.005205803085118532,,,406,,,0.46321070234113715,,False,,,,,,97,person,0.2,0.1,argmax,mask2former_swinb_cityscapes,acdc_night_targetcal100,58
,,,0.9999837070396737,798,True,0.03143968024920405,0.03143968024920406,0.49975886940956116,23.52216748768473,775.0,189,598.0,19.0,0.03177257525083612,0.1297044334975369,False,0.04197530864197531,0.011764705882352941,0.0,,,97,person,0.05,0.5,region_crc,mask2former_swinb_cityscapes,acdc_night_targetcal100,58
,,,0.9999712921941798,757,True,0.044532914175771314,0.044532914175771314,0.40396013855934143,25.551724137931036,750.0,189,598.0,30.0,0.05016722408026756,0.09995073891625617,False,0.06666666666666667,0.01764705882352941,0.0,,,97,person,0.05,0.5,heuristic,mask2former_swinb_cityscapes,acdc_night_targetcal100,58
,,,,-1,True,,0.5808624796720036,0.005205803085118532,,,406,,,0.5568561872909699,,False,,,,,,97,person,0.05,0.5,argmax,mask2former_swinb_cityscapes,acdc_night_targetcal100,58
,,,0.9999527936958736,721,True,0.05758005222290936,0.05758005222290936,0.3315262794494629,28.15270935960591,700.0,189,598.0,37.0,0.061872909698996656,0.08522167487684729,False,0.08395061728395062,0.01764705882352941,0.0,,,97,person,0.1,0.5,region_crc,mask2former_swinb_cityscapes,acdc_night_targetcal100,58
,,,0.9999465435640603,712,True,0.06194112325064705,0.06194112325064706,0.31438153982162476,28.15270935960591,700.0,189,598.0,41.0,0.06856187290969899,0.08379310344827584,False,0.09382716049382717,0.01764705882352941,0.0,,,97,person,0.1,0.5,heuristic,mask2former_swinb_cityscapes,acdc_night_targetcal100,58
,,,,-1,True,,0.5808624796720036,0.005205803085118532,,,406,,,0.5568561872909699,,False,,,,,,97,person,0.1,0.5,argmax,mask2former_swinb_cityscapes,acdc_night_targetcal100,58
,,,0.9990667456992031,505,True,0.1929769157943761,0.1929769157943761,0.08141207695007324,19.448275862068964,500.0,189,598.0,114.0,0.19063545150501673,0.05778325123152711,False,0.2641975308641975,0.041176470588235294,0.0,,,97,person,0.2,0.5,region_crc,mask2former_swinb_cityscapes,acdc_night_targetcal100,58
,,,0.998913574376383,494,True,0.20294794124159202,0.20294794124159202,0.07554638385772705,17.399014778325125,475.0,189,598.0,122.0,0.2040133779264214,0.0508374384236453,False,0.2839506172839506,0.041176470588235294,0.0,,,97,person,0.2,0.5,heuristic,mask2former_swinb_cityscapes,acdc_night_targetcal100,58
,,,,-1,True,,0.5808624796720036,0.005205803085118532,,,406,,,0.5568561872909699,,False,,,,,,97,person,0.2,0.5,argmax,mask2former_swinb_cityscapes,acdc_night_targetcal100,58
,,,0.9999651662684964,743,True,0.07122507122507121,0.07122507122507123,0.22818350791931152,26.645320197044335,725.0,117,159.0,10.0,0.06289308176100629,0.11566502463054185,False,0.08695652173913043,0.0,0.0,,,97,rider,0.05,0.1,region_crc,mask2former_swinb_cityscapes,acdc_night_targetcal100,29
,,,0.9999605542697925,734,True,0.07122507122507121,0.07122507122507123,0.21318042278289795,26.645320197044335,725.0,117,159.0,10.0,0.06289308176100629,0.11088669950738916,False,0.08695652173913043,0.0,0.0,,,97,rider,0.05,0.1,heuristic,mask2former_swinb_cityscapes,acdc_night_targetcal100,29
,,,,-1,True,,0.8005698005698006,0.00039832087350077927,,,406,,,0.8113207547169812,,False,,,,,,97,rider,0.05,0.1,argmax,mask2former_swinb_cityscapes,acdc_night_targetcal100,29
,,,0.9998903521803857,660,True,0.1267806267806268,0.1267806267806268,0.12990757822990417,23.02463054187192,650.0,117,159.0,20.0,0.12578616352201258,0.10891625615763545,False,0.17391304347826086,0.0,0.0,,,97,rider,0.1,0.1,region_crc,mask2former_swinb_cityscapes,acdc_night_targetcal100,29
,,,0.9998775383800735,652,True,0.13960113960113962,0.13960113960113962,0.12262888252735138,23.02463054187192,650.0,117,159.0,22.0,0.13836477987421383,0.11399014778325123,False,0.19130434782608696,0.0,0.0,,,97,rider,0.1,0.1,heuristic,mask2former_swinb_cityscapes,acdc_night_targetcal100,29
,,,,-1,True,,0.8005698005698006,0.00039832087350077927,,,406,,,0.8113207547169812,,False,,,,,,97,rider,0.1,0.1,argmax,mask2former_swinb_cityscapes,acdc_night_targetcal100,29
,,,0.9994988127663728,550,True,0.21225071225071226,0.21225071225071226,0.05933462828397751,15.748768472906404,550.0,117,159.0,31.0,0.1949685534591195,0.06039408866995072,False,0.24347826086956523,0.08571428571428572,0.0,,,97,rider,0.2,0.1,region_crc,mask2former_swinb_cityscapes,acdc_night_targetcal100,29
,,,0.9992201698894767,518,True,0.23789173789173787,0.23789173789173787,0.046170879155397415,12.438423645320198,500.0,117,159.0,37.0,0.23270440251572327,0.08098522167487682,False,0.2782608695652174,0.14285714285714285,0.0,,,97,rider,0.2,0.1,heuristic,mask2former_swinb_cityscapes,acdc_night_targetcal100,29
,,,,-1,True,,0.8005698005698006,0.00039832087350077927,,,406,,,0.8113207547169812,,False,,,,,,97,rider,0.2,0.1,argmax,mask2former_swinb_cityscapes,acdc_night_targetcal100,29
,,,0.9999815498458082,789,True,0.08404558404558403,0.08404558404558406,0.3160131275653839,26.901477832512317,775.0,117,159.0,12.0,0.07547169811320754,0.08591133004926105,False,0.09565217391304348,0.02857142857142857,0.0,,,97,rider,0.05,0.5,region_crc,mask2former_swinb_cityscapes,acdc_night_targetcal100,29
,,,0.999971686080042,758,True,0.09259259259259259,0.0925925925925926,0.25736135244369507,27.42118226600985,750.0,117,159.0,13.0,0.08176100628930817,0.12044334975369464,False,0.10434782608695652,0.02857142857142857,0.0,,,97,rider,0.05,0.5,heuristic,mask2former_swinb_cityscapes,acdc_night_targetcal100,29
,,,,-1,True,,0.8603988603988603,0.00039832087350077927,,,406,,,0.8679245283018868,,False,,,,,,97,rider,0.05,0.5,argmax,mask2former_swinb_cityscapes,acdc_night_targetcal100,29
,,,0.9999314511773547,694,True,0.13532763532763534,0.13532763532763534,0.16002561151981354,23.69704433497537,675.0,117,159.0,20.0,0.12578616352201258,0.08684729064039408,False,0.16521739130434782,0.02857142857142857,0.0,,,97,rider,0.1,0.5,region_crc,mask2former_swinb_cityscapes,acdc_night_targetcal100,29
,,,0.9999314511773547,694,True,0.13532763532763534,0.13532763532763534,0.16002561151981354,23.69704433497537,675.0,117,159.0,20.0,0.12578616352201258,0.08684729064039408,False,0.16521739130434782,0.02857142857142857,0.0,,,97,rider,0.1,0.5,heuristic,mask2former_swinb_cityscapes,acdc_night_targetcal100,29
,,,,-1,True,,0.8603988603988603,0.00039832087350077927,,,406,,,0.8679245283018868,,False,,,,,,97,rider,0.1,0.5,argmax,mask2former_swinb_cityscapes,acdc_night_targetcal100,29
,,,0.9998293917610996,628,True,0.20797720797720798,0.207977207977208,0.10266747325658798,20.911330049261085,625.0,117,159.0,31.0,0.1949685534591195,0.10719211822660096,False,0.23478260869565218,0.11428571428571428,0.0,,,97,rider,0.2,0.5,region_crc,mask2former_swinb_cityscapes,acdc_night_targetcal100,29
,,,0.9992920542156158,525,True,0.30199430199430194,0.30199430199430194,0.048735786229372025,14.201970443349754,525.0,117,159.0,47.0,0.29559748427672955,0.0611330049261084,False,0.33043478260869563,0.2571428571428571,0.0,,,97,rider,0.2,0.5,heuristic,mask2former_swinb_cityscapes,acdc_night_targetcal100,29
,,,,-1,True,,0.8603988603988603,0.00039832087350077927,,,406,,,0.8679245283018868,,False,,,,,,97,rider,0.2,0.5,argmax,mask2former_swinb_cityscapes,acdc_night_targetcal100,29
,,,0.9999898140861194,832,True,0.01549865229110512,0.01549865229110512,0.38347095251083374,26.75862068965517,825.0,106,251.0,3.0,0.01195219123505976,0.09798029556650245,False,0.02,0.0,0.0,,,97,bicycle,0.05,0.1,region_crc,mask2former_swinb_cityscapes,acdc_night_targetcal100,24
,,,0.9999763408030251,771,True,0.038858939802336026,0.038858939802336026,0.2585885226726532,29.532019704433498,750.0,106,251.0,9.0,0.035856573705179286,0.10192118226600988,False,0.06,0.0,0.0,,,97,bicycle,0.05,0.1,heuristic,mask2former_swinb_cityscapes,acdc_night_targetcal100,24
,,,,-1,True,,0.8349243785564539,0.0006670902948826551,,,406,,,0.8207171314741036,,False,,,,,,97,bicycle,0.05,0.1,argmax,mask2former_swinb_cityscapes,acdc_night_targetcal100,24
,,,0.9999547102420097,724,True,0.09752920035938904,0.09752920035938904,0.1831684708595276,27.536945812807883,700.0,106,251.0,23.0,0.09163346613545817,0.07743842364532016,False,0.12666666666666668,0.05263157894736842,0.0,,,97,bicycle,0.1,0.1,region_crc,mask2former_swinb_cityscapes,acdc_night_targetcal100,24
,,,0.9999402964713416,704,True,0.10460467205750225,0.10460467205750225,0.15539416670799255,27.536945812807883,700.0,106,251.0,25.0,0.099601593625498,0.07389162561576357,False,0.14,0.05263157894736842,0.0,,,97,bicycle,0.1,0.1,heuristic,mask2former_swinb_cityscapes,acdc_night_targetcal100,24
,,,,-1,True,,0.8349243785564539,0.0006670902948826551,,,406,,,0.8207171314741036,,False,,,,,,97,bicycle,0.1,0.1,argmax,mask2former_swinb_cityscapes,acdc_night_targetcal100,24
,,,0.9999285503673925,691,True,0.10460467205750225,0.10460467205750225,0.1410081386566162,25.896551724137932,675.0,106,251.0,25.0,0.099601593625498,0.08527093596059115,False,0.14,0.05263157894736842,0.0,,,97,bicycle,0.2,0.1,region_crc,mask2former_swinb_cityscapes,acdc_night_targetcal100,24
,,,0.999868780010098,647,True,0.13739892183288407,0.13739892183288407,0.0978139191865921,21.950738916256157,625.0,106,251.0,34.0,0.13545816733067728,0.10399014778325122,False,0.19333333333333333,0.06578947368421052,0.0,,,97,bicycle,0.2,0.1,heuristic,mask2former_swinb_cityscapes,acdc_night_targetcal100,24
,,,,-1,True,,0.8349243785564539,0.0006670902948826551,,,406,,,0.8207171314741036,,False,,,,,,97,bicycle,0.2,0.1,argmax,mask2former_swinb_cityscapes,acdc_night_targetcal100,24
,,,0.9999908798916064,840,True,0.052223719676549867,0.05222371967654985,0.40214261412620544,26.75862068965517,825.0,106,251.0,12.0,0.04780876494023904,0.11512315270935958,False,0.06666666666666667,0.02631578947368421,0.0,,,97,bicycle,0.05,0.5,region_crc,mask2former_swinb_cityscapes,acdc_night_targetcal100,24
,,,0.9999815498458082,789,True,0.07423629829290206,0.07423629829290206,0.29175299406051636,29.305418719211822,775.0,106,251.0,17.0,0.06772908366533864,0.09596059113300492,False,0.08666666666666667,0.05263157894736842,0.0,,,97,bicycle,0.05,0.5,heuristic,mask2former_swinb_cityscapes,acdc_night_targetcal100,24
,,,,-1,True,,0.8946428571428571,0.0006670902948826551,,,406,,,0.8804780876494024,,False,,,,,,97,bicycle,0.05,0.5,argmax,mask2former_swinb_cityscapes,acdc_night_targetcal100,24
,,,0.9999815498458082,789,True,0.07423629829290206,0.07423629829290206,0.29175299406051636,29.305418719211822,775.0,106,251.0,17.0,0.06772908366533864,0.09596059113300492,False,0.08666666666666667,0.05263157894736842,0.0,,,97,bicycle,0.1,0.5,region_crc,mask2former_swinb_cityscapes,acdc_night_targetcal100,24
,,,0.9999782229022764,777,True,0.09130727762803234,0.09130727762803233,0.268867164850235,29.305418719211822,775.0,106,251.0,21.0,0.08366533864541832,0.09423645320197038,False,0.1,0.07894736842105263,0.0,,,97,bicycle,0.1,0.5,heuristic,mask2former_swinb_cityscapes,acdc_night_targetcal100,24
,,,,-1,True,,0.8946428571428571,0.0006670902948826551,,,406,,,0.8804780876494024,,False,,,,,,97,bicycle,0.1,0.5,argmax,mask2former_swinb_cityscapes,acdc_night_targetcal100,24
,,,0.9999683772233983,750,True,0.12001347708894879,0.12001347708894879,0.2245463877916336,29.532019704433498,750.0,106,251.0,27.0,0.10756972111553785,0.11669950738916257,False,0.14,0.07894736842105263,0.0,,,97,bicycle,0.2,0.5,region_crc,mask2former_swinb_cityscapes,acdc_night_targetcal100,24
,,,0.999963692194523,740,True,0.1313342318059299,0.1313342318059299,0.2083786129951477,29.266009852216747,725.0,106,251.0,29.0,0.11553784860557768,0.10901477832512307,False,0.15333333333333332,0.07894736842105263,0.0,,,97,bicycle,0.2,0.5,heuristic,mask2former_swinb_cityscapes,acdc_night_targetcal100,24
,,,,-1,True,,0.8946428571428571,0.0006670902948826551,,,406,,,0.8804780876494024,,False,,,,,,97,bicycle,0.2,0.5,argmax,mask2former_swinb_cityscapes,acdc_night_targetcal100,24
,,,0.9999577331385734,729,True,0.037813099007128856,0.03781309900712886,0.33840054273605347,27.61576354679803,725.0,201,684.0,21.0,0.03070175438596491,0.08699507389162559,False,0.0437636761487965,0.0049504950495049506,0.0,,,98,person,0.05,0.1,region_crc,mask2former_swinb_cityscapes,acdc_night_targetcal100,46
,,,0.9999377699714831,701,True,0.04786699618789171,0.04786699618789171,0.2895091772079468,28.221674876847292,700.0,201,684.0,29.0,0.04239766081871345,0.09945812807881771,False,0.05908096280087528,0.009900990099009901,0.0,,,98,person,0.05,0.1,heuristic,mask2former_swinb_cityscapes,acdc_night_targetcal100,46
,,,,-1,True,,0.49974984937671507,0.00504277553409338,,,406,,,0.4678362573099415,,False,,,,,,98,person,0.05,0.1,argmax,mask2former_swinb_cityscapes,acdc_night_targetcal100,46
,,,0.9996688688785174,580,True,0.10098210247463979,0.10098210247463978,0.12889835238456726,24.677339901477833,575.0,201,684.0,70.0,0.1023391812865497,0.15083743842364533,False,0.1422319474835886,0.024752475247524754,0.0,,,98,person,0.1,0.1,region_crc,mask2former_swinb_cityscapes,acdc_night_targetcal100,46
,,,0.9994847713554182,548,True,0.12880349335573216,0.12880349335573216,0.10559019446372986,21.519704433497537,525.0,201,684.0,86.0,0.12573099415204678,0.13502463054187186,False,0.1772428884026258,0.024752475247524754,0.0,,,98,person,0.1,0.1,heuristic,mask2former_swinb_cityscapes,acdc_night_targetcal100,46
,,,,-1,True,,0.49974984937671507,0.00504277553409338,,,406,,,0.4678362573099415,,False,,,,,,98,person,0.1,0.1,argmax,mask2former_swinb_cityscapes,acdc_night_targetcal100,46
,,,0.9967640634307037,415,True,0.21343004010914457,0.21343004010914457,0.04372713342308998,12.741379310344827,400.0,201,684.0,137.0,0.20029239766081872,0.08990147783251234,False,0.2800875273522976,0.04455445544554455,0.0,,,98,person,0.2,0.1,region_crc,mask2former_swinb_cityscapes,acdc_night_targetcal100,46
,,,0.9956146930222501,393,True,0.22345105833911802,0.22345105833911805,0.03772358223795891,11.027093596059114,375.0,201,684.0,146.0,0.2134502923976608,0.1000492610837439,False,0.29540481400437635,0.054455445544554455,0.0,,,98,person,0.2,0.1,heuristic,mask2former_swinb_cityscapes,acdc_night_targetcal100,46
,,,,-1,True,,0.49974984937671507,0.00504277553409338,,,406,,,0.4678362573099415,,False,,,,,,98,person,0.2,0.1,argmax,mask2former_swinb_cityscapes,acdc_night_targetcal100,46
,,,0.9999847945247027,803,True,0.02956268441343068,0.029562684413430677,0.4982379376888275,21.440886699507388,800.0,201,684.0,18.0,0.02631578947368421,0.08522167487684729,False,0.0350109409190372,0.009900990099009901,0.0,,,98,person,0.05,0.5,region_crc,mask2former_swinb_cityscapes,acdc_night_targetcal100,46
,,,0.9999712921941798,757,True,0.043366770045874525,0.043366770045874525,0.3942416310310364,25.970443349753694,750.0,201,684.0,30.0,0.043859649122807015,0.09349753694581281,False,0.05689277899343545,0.019801980198019802,0.0,,,98,person,0.05,0.5,heuristic,mask2former_swinb_cityscapes,acdc_night_targetcal100,46
,,,,-1,True,,0.5780795765870393,0.00504277553409338,,,406,,,0.5497076023391813,,False,,,,,,98,person,0.05,0.5,argmax,mask2former_swinb_cityscapes,acdc_night_targetcal100,46
,,,0.9999661155843861,745,True,0.04772000387672029,0.04772000387672029,0.3708886206150055,27.61576354679803,725.0,201,684.0,33.0,0.04824561403508772,0.07955665024630537,False,0.06345733041575492,0.019801980198019802,0.0,,,98,person,0.1,0.5,region_crc,mask2former_swinb_cityscapes,acdc_night_targetcal100,46
,,,0.999950111551254,717,True,0.06350848570997823,0.06350848570997823,0.3172149360179901,28.221674876847292,700.0,201,684.0,45.0,0.06578947368421052,0.09073891625615765,False,0.087527352297593,0.024752475247524754,0.0,,,98,person,0.1,0.5,heuristic,mask2former_swinb_cityscapes,acdc_night_targetcal100,46
,,,,-1,True,,0.5780795765870393,0.00504277553409338,,,406,,,0.5497076023391813,,False,,,,,,98,person,0.1,0.5,argmax,mask2former_swinb_cityscapes,acdc_night_targetcal100,46
,,,0.9994629682036298,545,True,0.17697768649261186,0.17697768649261186,0.10349011421203613,21.519704433497537,525.0,201,684.0,114.0,0.16666666666666666,0.12950738916256155,False,0.23194748358862144,0.039603960396039604,0.0,,,98,person,0.2,0.5,region_crc,mask2former_swinb_cityscapes,acdc_night_targetcal100,46
,,,0.9994629682036298,545,True,0.17697768649261186,0.17697768649261186,0.10349011421203613,21.519704433497537,525.0,201,684.0,114.0,0.16666666666666666,0.12950738916256155,False,0.23194748358862144,0.039603960396039604,0.0,,,98,person,0.2,0.5,heuristic,mask2former_swinb_cityscapes,acdc_night_targetcal100,46
,,,,-1,True,,0.5780795765870393,0.00504277553409338,,,406,,,0.5497076023391813,,False,,,,,,98,person,0.2,0.5,argmax,mask2former_swinb_cityscapes,acdc_night_targetcal100,46
,,,1.0,1000,False,0.0,0.0,1.0,0.6847290640394089,1000.0,128,172.0,0.0,0.0,0.0,False,0.0,0.0,0.0,,,98,rider,0.05,0.1,region_crc,mask2former_swinb_cityscapes,acdc_night_targetcal100,18
,,,0.9999952356901319,887,True,0.010416666666666666,0.010416666666666666,0.5278194546699524,19.711822660098523,875.0,128,172.0,2.0,0.011627906976744186,0.1510344827586207,False,0.015037593984962405,0.0,0.0,,,98,rider,0.05,0.1,heuristic,mask2former_swinb_cityscapes,acdc_night_targetcal100,18
,,,,-1,True,,0.7903645833333334,0.00036817288491874933,,,406,,,0.7965116279069767,,False,,,,,,98,rider,0.05,0.1,argmax,mask2former_swinb_cityscapes,acdc_night_targetcal100,18
,,,0.9999952356901319,887,True,0.010416666666666666,0.010416666666666666,0.5278194546699524,19.711822660098523,875.0,128,172.0,2.0,0.011627906976744186,0.1510344827586207,False,0.015037593984962405,0.0,0.0,,,98,rider,0.1,0.1,region_crc,mask2former_swinb_cityscapes,acdc_night_targetcal100,18
,,,0.9999045007413978,670,True,0.10416666666666666,0.10416666666666666,0.1332625448703766,23.088669950738915,650.0,128,172.0,18.0,0.10465116279069768,0.08014778325123151,False,0.13533834586466165,0.0,0.0,,,98,rider,0.1,0.1,heuristic,mask2former_swinb_cityscapes,acdc_night_targetcal100,18
,,,,-1,True,,0.7903645833333334,0.00036817288491874933,,,406,,,0.7965116279069767,,False,,,,,,98,rider,0.1,0.1,argmax,mask2former_swinb_cityscapes,acdc_night_targetcal100,18
,,,0.9997453169747414,599,True,0.16666666666666669,0.16666666666666669,0.08051707595586777,17.362068965517242,575.0,128,172.0,28.0,0.16279069767441862,0.09221674876847286,False,0.19548872180451127,0.0625,0.0,,,98,rider,0.2,0.1,region_crc,mask2former_swinb_cityscapes,acdc_night_targetcal100,18
,,,0.9994988127663728,550,True,0.20572916666666669,0.20572916666666669,0.05643779784440994,15.470443349753694,550.0,128,172.0,33.0,0.19186046511627908,0.10423645320197039,False,0.22556390977443608,0.09375,0.0,,,98,rider,0.2,0.1,heuristic,mask2former_swinb_cityscapes,acdc_night_targetcal100,18
,,,,-1,True,,0.7903645833333334,0.00036817288491874933,,,406,,,0.7965116279069767,,False,,,,,,98,rider,0.2,0.1,argmax,mask2former_swinb_cityscapes,acdc_night_targetcal100,18
,,,1.0,1000,False,0.0,0.0,1.0,0.6847290640394089,1000.0,128,172.0,0.0,0.0,0.0,False,0.0,0.0,0.0,,,98,rider,0.05,0.5,region_crc,mask2former_swinb_cityscapes,acdc_night_targetcal100,18
,,,0.9999964843955947,909,True,0.014322916666666666,0.014322916666666666,0.5766042470932007,16.69704433497537,900.0,128,172.0,3.0,0.01744186046511628,0.1840394088669951,True,0.022556390977443608,0.0,0.0,,,98,rider,0.05,0.5,heuristic,mask2former_swinb_cityscapes,acdc_night_targetcal100,18
,,,,-1,True,,0.8411458333333334,0.00036817288491874933,,,406,,,0.8488372093023255,,False,,,,,,98,rider,0.05,0.5,argmax,mask2former_swinb_cityscapes,acdc_night_targetcal100,18
,,,0.9999964843955947,909,True,0.014322916666666666,0.014322916666666666,0.5766042470932007,16.69704433497537,900.0,128,172.0,3.0,0.01744186046511628,0.1840394088669951,True,0.022556390977443608,0.0,0.0,,,98,rider,0.1,0.5,region_crc,mask2former_swinb_cityscapes,acdc_night_targetcal100,18
,,,0.9999670390287823,747,True,0.08854166666666666,0.08854166666666666,0.22770152986049652,26.517241379310345,725.0,128,172.0,14.0,0.08139534883720931,0.1273891625615764,False,0.09774436090225563,0.03125,0.0,,,98,rider,0.1,0.5,heuristic,mask2former_swinb_cityscapes,acdc_night_targetcal100,18
,,,,-1,True,,0.8411458333333334,0.00036817288491874933,,,406,,,0.8488372093023255,,False,,,,,,98,rider,0.1,0.5,argmax,mask2former_swinb_cityscapes,acdc_night_targetcal100,18
,,,0.9999234403393089,686,True,0.13541666666666666,0.13541666666666666,0.14689911901950836,23.950738916256157,675.0,128,172.0,22.0,0.12790697674418605,0.09029556650246306,False,0.15789473684210525,0.03125,0.0,,,98,rider,0.2,0.5,region_crc,mask2former_swinb_cityscapes,acdc_night_targetcal100,18
,,,0.999859395247587,642,True,0.17447916666666669,0.17447916666666666,0.11004040390253067,20.896551724137932,625.0,128,172.0,29.0,0.1686046511627907,0.09004926108374389,False,0.20300751879699247,0.0625,0.0,,,98,rider,0.2,0.5,heuristic,mask2former_swinb_cityscapes,acdc_night_targetcal100,18
,,,,-1,True,,0.8411458333333334,0.00036817288491874933,,,406,,,0.8488372093023255,,False,,,,,,98,rider,0.2,0.5,argmax,mask2former_swinb_cityscapes,acdc_night_targetcal100,18
,,,0.9999983327527875,963,True,0.0,0.0,0.7018850445747375,11.58128078817734,963.0,110,257.0,0.0,0.0,0.19423645320197047,True,0.0,0.0,0.0,,,98,bicycle,0.05,0.1,region_crc,mask2former_swinb_cityscapes,acdc_night_targetcal100,20
,,,0.999974996546383,767,True,0.04199134199134199,0.04199134199134199,0.24443234503269196,29.726600985221676,750.0,110,257.0,10.0,0.038910505836575876,0.07423645320197048,False,0.06622516556291391,0.0,0.0,,,98,bicycle,0.05,0.1,heuristic,mask2former_swinb_cityscapes,acdc_night_targetcal100,20
,,,,-1,True,,0.8178968253968253,0.000731462670955807,,,406,,,0.8015564202334631,,False,,,,,,98,bicycle,0.05,0.1,argmax,mask2former_swinb_cityscapes,acdc_night_targetcal100,20
,,,0.999974996546383,767,True,0.04199134199134199,0.04199134199134199,0.24443234503269196,29.726600985221676,750.0,110,257.0,10.0,0.038910505836575876,0.07423645320197048,False,0.06622516556291391,0.0,0.0,,,98,bicycle,0.1,0.1,region_crc,mask2former_swinb_cityscapes,acdc_night_targetcal100,20
,,,0.9999285503673925,691,True,0.11140692640692643,0.11140692640692641,0.13648322224617004,25.98768472906404,675.0,110,257.0,28.0,0.10894941634241245,0.09142857142857141,False,0.16556291390728478,0.0375,0.0,,,98,bicycle,0.1,0.1,heuristic,mask2former_swinb_cityscapes,acdc_night_targetcal100,20
,,,,-1,True,,0.8178968253968253,0.000731462670955807,,,406,,,0.8015564202334631,,False,,,,,,98,bicycle,0.1,0.1,argmax,mask2former_swinb_cityscapes,acdc_night_targetcal100,20
,,,0.9998120683183197,621,True,0.19441558441558443,0.19441558441558437,0.07581372559070587,20.288177339901477,600.0,110,257.0,48.0,0.1867704280155642,0.0968472906403941,False,0.2847682119205298,0.0625,0.0,,,98,bicycle,0.2,0.1,region_crc,mask2former_swinb_cityscapes,acdc_night_targetcal100,20
,,,0.9997075847622157,589,True,0.23292207792207792,0.23292207792207792,0.0568927563726902,17.997536945812808,575.0,110,257.0,58.0,0.22568093385214008,0.10669950738916256,False,0.33112582781456956,0.0875,0.038461538461538464,,,98,bicycle,0.2,0.1,heuristic,mask2former_swinb_cityscapes,acdc_night_targetcal100,20
,,,,-1,True,,0.8178968253968253,0.000731462670955807,,,406,,,0.8015564202334631,,False,,,,,,98,bicycle,0.2,0.1,argmax,mask2former_swinb_cityscapes,acdc_night_targetcal100,20
,,,0.9999984004419714,966,True,0.004545454545454545,0.004545454545454545,0.7100526690483093,11.298029556650246,966.0,110,257.0,1.0,0.0038910505836575876,0.18192118226600984,True,0.006622516556291391,0.0,0.0,,,98,bicycle,0.05,0.5,region_crc,mask2former_swinb_cityscapes,acdc_night_targetcal100,20
,,,0.9999830175634754,795,True,0.062445887445887444,0.062445887445887444,0.2939278483390808,29.204433497536947,775.0,110,257.0,16.0,0.0622568093385214,0.10561576354679802,False,0.08609271523178808,0.0375,0.0,,,98,bicycle,0.05,0.5,heuristic,mask2former_swinb_cityscapes,acdc_night_targetcal100,20
,,,,-1,True,,0.8784740259740259,0.000731462670955807,,,406,,,0.8638132295719845,,False,,,,,,98,bicycle,0.05,0.5,argmax,mask2former_swinb_cityscapes,acdc_night_targetcal100,20
,,,0.9999830175634754,795,True,0.062445887445887444,0.062445887445887444,0.2939278483390808,29.204433497536947,775.0,110,257.0,16.0,0.0622568093385214,0.10561576354679802,False,0.08609271523178808,0.0375,0.0,,,98,bicycle,0.1,0.5,region_crc,mask2former_swinb_cityscapes,acdc_night_targetcal100,20
,,,0.9999779199526698,776,True,0.09253246753246754,0.09253246753246755,0.26000961661338806,29.204433497536947,775.0,110,257.0,22.0,0.08560311284046693,0.09532019704433492,False,0.11258278145695365,0.0625,0.0,,,98,bicycle,0.1,0.5,heuristic,mask2former_swinb_cityscapes,acdc_night_targetcal100,20
,,,,-1,True,,0.8784740259740259,0.000731462670955807,,,406,,,0.8638132295719845,,False,,,,,,98,bicycle,0.1,0.5,argmax,mask2former_swinb_cityscapes,acdc_night_targetcal100,20
,,,0.9999450459126142,710,True,0.16898268398268398,0.16898268398268396,0.158513605594635,27.554187192118228,700.0,110,257.0,37.0,0.14396887159533073,0.10940886699507385,False,0.2052980132450331,0.075,0.0,,,98,bicycle,0.2,0.5,region_crc,mask2former_swinb_cityscapes,acdc_night_targetcal100,20
,,,0.9998758347692408,651,True,0.22036796536796532,0.2203679653679654,0.09863733500242233,24.204433497536947,650.0,110,257.0,53.0,0.20622568093385213,0.08438423645320192,False,0.2980132450331126,0.0875,0.038461538461538464,,,98,bicycle,0.2,0.5,heuristic,mask2former_swinb_cityscapes,acdc_night_targetcal100,20
,,,,-1,True,,0.8784740259740259,0.000731462670955807,,,406,,,0.8638132295719845,,False,,,,,,98,bicycle,0.2,0.5,argmax,mask2former_swinb_cityscapes,acdc_night_targetcal100,20
,,,0.9999610954855006,735,True,0.03258173986817203,0.03258173986817203,0.34667426347732544,28.07881773399015,725.0,199,622.0,16.0,0.02572347266881029,0.10926108374384241,False,0.03597122302158273,0.0056179775280898875,0.0,,,99,person,0.05,0.1,region_crc,mask2former_swinb_cityscapes,acdc_night_targetcal100,48
,,,0.9999465435640603,712,True,0.04317447627749135,0.04317447627749135,0.30513620376586914,28.733990147783253,700.0,199,622.0,24.0,0.03858520900321544,0.09620689655172421,False,0.05275779376498801,0.011235955056179775,0.0,,,99,person,0.05,0.1,heuristic,mask2former_swinb_cityscapes,acdc_night_targetcal100,48
,,,,-1,True,,0.5093999941989891,0.004978545941412449,,,406,,,0.5016077170418006,,False,,,,,,99,person,0.05,0.1,argmax,mask2former_swinb_cityscapes,acdc_night_targetcal100,48
,,,0.999897670700772,665,True,0.06519747003415344,0.06519747003415345,0.2271503359079361,29.435960591133004,650.0,199,622.0,39.0,0.06270096463022508,0.06379310344827593,False,0.08633093525179857,0.016853932584269662,0.0,,,99,person,0.1,0.1,region_crc,mask2former_swinb_cityscapes,acdc_night_targetcal100,48
,,,0.9997958262055331,615,True,0.07405642933281124,0.07405642933281124,0.16131719946861267,26.751231527093594,600.0,199,622.0,49.0,0.07877813504823152,0.06975369458128078,False,0.1079136690647482,0.02247191011235955,0.0,,,99,person,0.1,0.1,heuristic,mask2former_swinb_cityscapes,acdc_night_targetcal100,48
,,,,-1,True,,0.5093999941989891,0.004978545941412449,,,406,,,0.5016077170418006,,False,,,,,,99,person,0.1,0.1,argmax,mask2former_swinb_cityscapes,acdc_night_targetcal100,48
,,,0.9990272527762231,502,True,0.1428534823635326,0.1428534823635326,0.07538704574108124,19.32512315270936,500.0,199,622.0,95.0,0.1527331189710611,0.09886699507389163,False,0.2182254196642686,0.02247191011235955,0.0,,,99,person,0.2,0.1,region_crc,mask2former_swinb_cityscapes,acdc_night_targetcal100,48
,,,0.9984440343683949,468,True,0.1694315943687803,0.1694315943687803,0.06059142202138901,15.711822660098521,450.0,199,622.0,109.0,0.1752411575562701,0.12029556650246309,False,0.2446043165467626,0.03932584269662921,0.0,,,99,person,0.2,0.1,heuristic,mask2former_swinb_cityscapes,acdc_night_targetcal100,48
,,,,-1,True,,0.5093999941989891,0.004978545941412449,,,406,,,0.5016077170418006,,False,,,,,,99,person,0.2,0.1,argmax,mask2former_swinb_cityscapes,acdc_night_targetcal100,48
,,,0.9999782229022764,777,True,0.03890502295024908,0.03890502295024908,0.43689513206481934,24.142857142857142,775.0,199,622.0,23.0,0.03697749196141479,0.16167487684729065,False,0.047961630695443645,0.016853932584269662,0.0,,,99,person,0.05,0.5,region_crc,mask2former_swinb_cityscapes,acdc_night_targetcal100,48
,,,0.9999679373067549,749,True,0.04843182362026583,0.04843182362026583,0.3756728172302246,28.07881773399015,725.0,199,622.0,29.0,0.04662379421221865,0.11793103448275866,False,0.05995203836930456,0.02247191011235955,0.0,,,99,person,0.05,0.5,heuristic,mask2former_swinb_cityscapes,acdc_night_targetcal100,48
,,,,-1,True,,0.598245919351447,0.004978545941412449,,,406,,,0.5868167202572347,,False,,,,,,99,person,0.05,0.5,argmax,mask2former_swinb_cityscapes,acdc_night_targetcal100,48
,,,0.9999314511773547,694,True,0.08414257434357934,0.08414257434357937,0.2760244309902191,29.11822660098522,675.0,199,622.0,50.0,0.08038585209003216,0.08586206896551718,False,0.11031175059952038,0.02247191011235955,0.0,,,99,person,0.1,0.5,region_crc,mask2former_swinb_cityscapes,acdc_night_targetcal100,48
,,,0.9998669545582022,646,True,0.10231895407774805,0.10231895407774805,0.20013585686683655,28.285714285714285,625.0,199,622.0,63.0,0.10128617363344052,0.06610837438423645,False,0.14148681055155876,0.02247191011235955,0.0,,,99,person,0.1,0.5,heuristic,mask2former_swinb_cityscapes,acdc_night_targetcal100,48
,,,,-1,True,,0.598245919351447,0.004978545941412449,,,406,,,0.5868167202572347,,False,,,,,,99,person,0.1,0.5,argmax,mask2former_swinb_cityscapes,acdc_night_targetcal100,48
,,,0.9995694733895083,561,True,0.16227811133590025,0.16227811133590025,0.11414462327957153,23.450738916256157,550.0,199,622.0,103.0,0.16559485530546625,0.06064039408866992,False,0.23261390887290168,0.033707865168539325,0.0,,,99,person,0.2,0.5,region_crc,mask2former_swinb_cityscapes,acdc_night_targetcal100,48
,,,0.9991643969817687,513,True,0.1814030678980428,0.18140306789804275,0.08157449960708618,19.32512315270936,500.0,199,622.0,115.0,0.18488745980707397,0.09162561576354683,False,0.2589928057553957,0.03932584269662921,0.0,,,99,person,0.2,0.5,heuristic,mask2former_swinb_cityscapes,acdc_night_targetcal100,48
,,,,-1,True,,0.598245919351447,0.004978545941412449,,,406,,,0.5868167202572347,,False,,,,,,99,person,0.2,0.5,argmax,mask2former_swinb_cityscapes,acdc_night_targetcal100,48
,,,0.9999984004419714,966,True,0.0,0.0,0.7056441307067871,10.248768472906404,966.0,123,161.0,0.0,0.0,0.12201970443349752,False,0.0,0.0,0.0,,,99,rider,0.05,0.1,region_crc,mask2former_swinb_cityscapes,acdc_night_targetcal100,23
,,,0.9999952356901319,887,True,0.008130081300813009,0.008130081300813009,0.5346603989601135,19.571428571428573,875.0,123,161.0,1.0,0.006211180124223602,0.09620689655172421,False,0.00847457627118644,0.0,0.0,,,99,rider,0.05,0.1,heuristic,mask2former_swinb_cityscapes,acdc_night_targetcal100,23
,,,,-1,True,,0.7655826558265582,0.00041698021232150495,,,406,,,0.7701863354037267,,False,,,,,,99,rider,0.05,0.1,argmax,mask2former_swinb_cityscapes,acdc_night_targetcal100,23
,,,0.9999696610881581,753,True,0.04878048780487805,0.04878048780487805,0.24105943739414215,27.70935960591133,750.0,123,161.0,7.0,0.043478260869565216,0.08310344827586214,False,0.059322033898305086,0.0,0.0,,,99,rider,0.1,0.1,region_crc,mask2former_swinb_cityscapes,acdc_night_targetcal100,23
,,,0.9999696610881581,753,True,0.04878048780487805,0.04878048780487805,0.24105943739414215,27.70935960591133,750.0,123,161.0,7.0,0.043478260869565216,0.08310344827586214,False,0.059322033898305086,0.0,0.0,,,99,rider,0.1,0.1,heuristic,mask2former_swinb_cityscapes,acdc_night_targetcal100,23
,,,,-1,True,,0.7655826558265582,0.00041698021232150495,,,406,,,0.7701863354037267,,False,,,,,,99,rider,0.1,0.1,argmax,mask2former_swinb_cityscapes,acdc_night_targetcal100,23
,,,0.9999168236228897,680,True,0.08536585365853659,0.08536585365853659,0.14292043447494507,23.938423645320196,675.0,123,161.0,13.0,0.08074534161490683,0.0957142857142857,False,0.11016949152542373,0.0,0.0,,,99,rider,0.2,0.1,region_crc,mask2former_swinb_cityscapes,acdc_night_targetcal100,23
,,,0.9995982091891511,566,True,0.1910569105691057,0.1910569105691057,0.060988329350948334,15.460591133004925,550.0,123,161.0,28.0,0.17391304347826086,0.08704433497536947,False,0.22033898305084745,0.058823529411764705,0.0,,,99,rider,0.2,0.1,heuristic,mask2former_swinb_cityscapes,acdc_night_targetcal100,23
,,,,-1,True,,0.7655826558265582,0.00041698021232150495,,,406,,,0.7701863354037267,,False,,,,,,99,rider,0.2,0.1,argmax,mask2former_swinb_cityscapes,acdc_night_targetcal100,23
,,,0.9999987526164857,984,True,0.0,0.0,0.74873286485672,8.108374384236454,984.0,123,161.0,0.0,0.0,0.06985221674876846,False,0.0,0.0,0.0,,,99,rider,0.05,0.5,region_crc,mask2former_swinb_cityscapes,acdc_night_targetcal100,23
,,,0.9999964843955947,909,True,0.012195121951219513,0.012195121951219513,0.5840708017349243,16.485221674876847,900.0,123,161.0,2.0,0.012422360248447204,0.08965517241379317,False,0.01694915254237288,0.0,0.0,,,99,rider,0.05,0.5,heuristic,mask2former_swinb_cityscapes,acdc_night_targetcal100,23
,,,,-1,True,,0.8184281842818427,0.00041698021232150495,,,406,,,0.8260869565217391,,False,,,,,,99,rider,0.05,0.5,argmax,mask2former_swinb_cityscapes,acdc_night_targetcal100,23
,,,0.9999788163886475,779,True,0.07723577235772358,0.07723577235772358,0.2905210554599762,27.266009852216747,775.0,123,161.0,11.0,0.06832298136645963,0.08876847290640388,False,0.0847457627118644,0.029411764705882353,0.0,,,99,rider,0.1,0.5,region_crc,mask2former_swinb_cityscapes,acdc_night_targetcal100,23
,,,0.9999788163886475,779,True,0.07723577235772358,0.07723577235772358,0.2905210554599762,27.266009852216747,775.0,123,161.0,11.0,0.06832298136645963,0.08876847290640388,False,0.0847457627118644,0.029411764705882353,0.0,,,99,rider,0.1,0.5,heuristic,mask2former_swinb_cityscapes,acdc_night_targetcal100,23
,,,,-1,True,,0.8184281842818427,0.00041698021232150495,,,406,,,0.8260869565217391,,False,,,,,,99,rider,0.1,0.5,argmax,mask2former_swinb_cityscapes,acdc_night_targetcal100,23
,,,0.999917964845567,681,True,0.14227642276422764,0.14227642276422764,0.14385221898555756,23.938423645320196,675.0,123,161.0,21.0,0.13043478260869565,0.09802955665024632,False,0.1694915254237288,0.029411764705882353,0.0,,,99,rider,0.2,0.5,region_crc,mask2former_swinb_cityscapes,acdc_night_targetcal100,23
,,,0.9997308465196073,595,True,0.23441734417344173,0.23441734417344176,0.07486099749803543,17.571428571428573,575.0,123,161.0,35.0,0.21739130434782608,0.08674876847290636,False,0.2457627118644068,0.17647058823529413,0.0,,,99,rider,0.2,0.5,heuristic,mask2former_swinb_cityscapes,acdc_night_targetcal100,23
,,,,-1,True,,0.8184281842818427,0.00041698021232150495,,,406,,,0.8260869565217391,,False,,,,,,99,rider,0.2,0.5,argmax,mask2former_swinb_cityscapes,acdc_night_targetcal100,23
,,,0.9999983327527875,963,True,0.0,0.0,0.7143157720565796,10.849753694581281,963.0,104,237.0,0.0,0.0,0.059014778325123154,False,0.0,0.0,0.0,,,99,bicycle,0.05,0.1,region_crc,mask2former_swinb_cityscapes,acdc_night_targetcal100,26
,,,0.9999898140861194,832,True,0.004807692307692308,0.004807692307692308,0.3721531331539154,27.064039408866996,825.0,104,237.0,1.0,0.004219409282700422,0.10689655172413792,False,0.007194244604316547,0.0,0.0,,,99,bicycle,0.05,0.1,heuristic,mask2former_swinb_cityscapes,acdc_night_targetcal100,26
,,,,-1,True,,0.8173267704517705,0.0006637893384322524,,,406,,,0.7848101265822784,,False,,,,,,99,bicycle,0.05,0.1,argmax,mask2former_swinb_cityscapes,acdc_night_targetcal100,26
,,,0.9999896723859424,831,True,0.014423076923076924,0.014423076923076924,0.3693777024745941,27.064039408866996,825.0,104,237.0,2.0,0.008438818565400843,0.10098522167487689,False,0.014388489208633094,0.0,0.0,,,99,bicycle,0.1,0.1,region_crc,mask2former_swinb_cityscapes,acdc_night_targetcal100,26
,,,0.999963692194523,740,True,0.06066849816849817,0.06066849816849817,0.20245283842086792,29.233990147783253,725.0,104,237.0,10.0,0.04219409282700422,0.0764039408866995,False,0.06474820143884892,0.013157894736842105,0.0,,,99,bicycle,0.1,0.1,heuristic,mask2former_swinb_cityscapes,acdc_night_targetcal100,26
,,,,-1,True,,0.8173267704517705,0.0006637893384322524,,,406,,,0.7848101265822784,,False,,,,,,99,bicycle,0.1,0.1,argmax,mask2former_swinb_cityscapes,acdc_night_targetcal100,26
,,,0.999868780010098,647,True,0.14480311355311354,0.14480311355311357,0.09392787516117096,21.88177339901478,625.0,104,237.0,27.0,0.11392405063291139,0.08482758620689657,False,0.17985611510791366,0.02631578947368421,0.0,,,99,bicycle,0.2,0.1,region_crc,mask2former_swinb_cityscapes,acdc_night_targetcal100,26
,,,0.9998120683183197,621,True,0.18498168498168496,0.18498168498168496,0.07506699860095978,20.253694581280786,600.0,104,237.0,35.0,0.14767932489451477,0.09162561576354683,False,0.2302158273381295,0.039473684210526314,0.0,,,99,bicycle,0.2,0.1,heuristic,mask2former_swinb_cityscapes,acdc_night_targetcal100,26
,,,,-1,True,,0.8173267704517705,0.0006637893384322524,,,406,,,0.7848101265822784,,False,,,,,,99,bicycle,0.2,0.1,argmax,mask2former_swinb_cityscapes,acdc_night_targetcal100,26
,,,0.9999984004419714,966,True,0.004807692307692308,0.004807692307692308,0.7210630178451538,10.51231527093596,966.0,104,237.0,1.0,0.004219409282700422,0.06694581280788175,False,0.007194244604316547,0.0,0.0,,,99,bicycle,0.05,0.5,region_crc,mask2former_swinb_cityscapes,acdc_night_targetcal100,26
,,,0.999991946215588,849,True,0.03044871794871795,0.03044871794871795,0.41059979796409607,27.064039408866996,825.0,104,237.0,5.0,0.02109704641350211,0.12793103448275867,False,0.02877697841726619,0.013157894736842105,0.0,,,99,bicycle,0.05,0.5,heuristic,mask2former_swinb_cityscapes,acdc_night_targetcal100,26
,,,,-1,True,,0.8794757326007325,0.0006637893384322524,,,406,,,0.8481012658227848,,False,,,,,,99,bicycle,0.05,0.5,argmax,mask2former_swinb_cityscapes,acdc_night_targetcal100,26
,,,0.999991488619618,845,True,0.032852564102564104,0.032852564102564104,0.4024425148963928,27.064039408866996,825.0,104,237.0,6.0,0.02531645569620253,0.12300492610837443,False,0.03597122302158273,0.013157894736842105,0.0,,,99,bicycle,0.1,0.5,region_crc,mask2former_swinb_cityscapes,acdc_night_targetcal100,26
,,,0.9999815498458082,789,True,0.06330128205128206,0.06330128205128206,0.2827329635620117,29.60591133004926,775.0,104,237.0,11.0,0.046413502109704644,0.1255172413793103,False,0.05755395683453238,0.039473684210526314,0.0,,,99,bicycle,0.1,0.5,heuristic,mask2former_swinb_cityscapes,acdc_night_targetcal100,26
,,,,-1,True,,0.8794757326007325,0.0006637893384322524,,,406,,,0.8481012658227848,,False,,,,,,99,bicycle,0.1,0.5,argmax,mask2former_swinb_cityscapes,acdc_night_targetcal100,26
,,,0.9999728356073116,761,True,0.10153388278388277,0.10153388278388278,0.233973428606987,29.70689655172414,750.0,104,237.0,17.0,0.07172995780590717,0.09334975369458126,False,0.10071942446043165,0.039473684210526314,0.0,,,99,bicycle,0.2,0.5,region_crc,mask2former_swinb_cityscapes,acdc_night_targetcal100,26
,,,0.9999083779509877,673,True,0.1768543956043956,0.17685439560439564,0.11686226725578308,24.251231527093594,650.0,104,237.0,33.0,0.13924050632911392,0.10507389162561576,False,0.2014388489208633,0.06578947368421052,0.0,,,99,bicycle,0.2,0.5,heuristic,mask2former_swinb_cityscapes,acdc_night_targetcal100,26
,,,,-1,True,,0.8794757326007325,0.0006637893384322524,,,406,,,0.8481012658227848,,False,,,,,,99,bicycle,0.2,0.5,argmax,mask2former_swinb_cityscapes,acdc_night_targetcal100,26
